([(125, 59), (85, 232), (140, 167), (39, 45)], (159, 129, 195, 217))
([(40, 238), (48, 167), (47, 166), (36, 150), (111, 191), (113, 192), (119, 195)], (47, 252, 221, 148))
([(117, 233), (112, 105), (122, 216)], (236, 53, 243, 109))
([(41, 95), (121, 15), (147, 117)], (51, 1, 121, 53))
([(99, 59), (101, 63), (106, 72), (77, 3), (88, 55), (121, 209)], (121, 213, 93, 68))
([(141, 77), (20, 23), (180, 194), (179, 194), (76, 156)], (206, 105, 177, 234))
([(68, 23), (33, 126), (89, 36), (153, 132), (174, 164), (155, 152), (155, 152)], (240, 209, 210, 32))
([(88, 131), (85, 127), (33, 63), (125, 38)], (123, 119, 13, 2))
([(111, 9), (32, 101), (22, 75), (21, 72), (7, 35)], (129, 32, 35, 232))
([(135, 185), (125, 226), (144, 106), (28, 181)], (22, 209, 70, 148))
([(86, 209), (126, 61), (57, 229)], (29, 112, 213, 27))
([(125, 145), (57, 89), (59, 96)], (201, 215, 169, 23))
([(104, 173), (1, 155), (57, 32)], (137, 100, 82, 141))
([(88, 118), (145, 182), (121, 21)], (157, 97, 252, 255))
([(136, 94), (180, 139), (14, 8), (99, 171), (98, 174)], (128, 147, 114, 204))
([(96, 11), (124, 201), (22, 80), (64, 230)], (106, 37, 81, 153))
([(5, 46), (9, 47), (142, 69), (46, 238), (124, 100), (129, 91)], (57, 84, 221, 129))
([(29, 87), (15, 197), (150, 221), (145, 155), (140, 162)], (48, 95, 99, 175))
([(43, 194), (62, 197), (128, 209)], (148, 6, 114, 6))
([(19, 137), (174, 99), (171, 105), (128, 197), (125, 5)], (104, 132, 95, 231))
([(34, 87), (124, 15), (17, 170)], (128, 127, 114, 229))
([(32, 239), (1, 58), (37, 49)], (212, 227, 161, 154))
([(28, 20), (160, 240), (108, 6)], (230, 49, 36, 97))
([(39, 173), (177, 135), (60, 227)], (65, 236, 182, 154))
([(101, 11), (10, 48), (31, 226), (64, 226)], (156, 248, 103, 113))
([(93, 39), (41, 60), (68, 161), (155, 214), (43, 26)], (248, 223, 162, 128))
([(106, 183), (33, 225), (87, 222)], (63, 108, 112, 87))
([(180, 208), (20, 182), (34, 223)], (239, 63, 245, 202))
([(123, 147), (64, 163), (35, 36)], (139, 147, 111, 158))
([(4, 201), (133, 51), (91, 207)], (39, 215, 193, 177))
([(102, 4), (110, 187), (174, 186), (106, 119)], (2, 225, 49, 106))
([(154, 47), (88, 0), (118, 203)], (126, 109, 177, 158))
([(160, 53), (105, 139), (127, 1), (2, 46)], (112, 85, 177, 29))
([(39, 81), (20, 219), (95, 95)], (25, 116, 233, 145))
([(82, 227), (77, 143), (12, 204)], (157, 220, 221, 161))
([(165, 35), (21, 225), (50, 20), (36, 89)], (108, 97, 204, 8))
([(11, 61), (117, 186), (138, 6)], (210, 225, 86, 242))
([(123, 122), (125, 64), (34, 35)], (146, 145, 165, 243))
([(137, 100), (170, 140), (43, 7)], (50, 19, 163, 185))
([(38, 65), (109, 60), (83, 111), (25, 165), (102, 87)], (173, 149, 55, 140))
([(17, 238), (142, 123), (73, 38), (73, 38)], (148, 178, 113, 221))
([(77, 213), (138, 163), (49, 99)], (165, 9, 223, 144))
([(86, 205), (104, 117), (123, 25), (76, 156), (149, 167)], (1, 21, 142, 1))
([(16, 153), (174, 156), (171, 129), (162, 48)], (57, 111, 225, 226))
([(149, 225), (95, 207), (39, 188), (44, 94)], (149, 174, 91, 177))
([(108, 236), (8, 99), (83, 64)], (121, 41, 37, 232))
([(169, 45), (152, 51), (151, 51), (115, 55)], (28, 182, 193, 126))
([(104, 204), (152, 30), (83, 29), (74, 29), (33, 73), (71, 25)], (22, 187, 7, 49))
([(102, 149), (164, 108), (117, 230), (113, 240), (68, 113)], (228, 10, 210, 239))
([(121, 44), (108, 206), (112, 163), (115, 131)], (80, 215, 96, 19))
([(7, 43), (75, 208), (4, 125)], (60, 181, 174, 4))
([(59, 138), (166, 35), (59, 132)], (2, 68, 61, 108))
([(172, 231), (152, 45), (23, 18), (22, 198)], (117, 64, 173, 161))
([(149, 218), (7, 46), (155, 21), (172, 219)], (202, 115, 206, 182))
([(143, 194), (60, 197), (120, 149), (38, 94), (144, 228)], (181, 24, 223, 134))
([(44, 109), (4, 145), (21, 28)], (225, 38, 227, 144))
([(162, 1), (73, 146), (3, 26), (132, 38), (44, 131)], (233, 152, 55, 186))
([(175, 227), (176, 28), (37, 227)], (250, 224, 203, 219))
([(71, 180), (89, 47), (69, 8)], (124, 245, 190, 29))
([(1, 68), (137, 143), (99, 222), (138, 45), (129, 150), (147, 59)], (47, 189, 137, 220))
([(39, 216), (57, 170), (122, 5), (27, 111), (96, 11), (38, 189)], (134, 51, 83, 201))
([(174, 19), (174, 19), (127, 172), (44, 129), (93, 173), (8, 103)], (2, 90, 167, 54))
([(144, 161), (114, 61), (154, 219)], (119, 94, 45, 66))
([(89, 163), (164, 73), (114, 127)], (168, 46, 42, 139))
([(103, 73), (16, 95), (160, 184), (161, 185)], (164, 34, 203, 192))
([(162, 161), (101, 225), (31, 176), (1, 127), (85, 62), (95, 54)], (193, 195, 26, 144))
([(90, 173), (117, 239), (36, 196)], (32, 152, 2, 216))
([(96, 184), (59, 41), (150, 162)], (16, 228, 12, 16))
([(177, 107), (101, 103), (39, 195)], (157, 43, 60, 0))
([(90, 127), (29, 172), (15, 22), (58, 31), (114, 42)], (168, 103, 136, 76))
([(74, 143), (74, 143), (72, 99), (69, 32), (82, 61), (61, 136)], (44, 159, 233, 53))
([(33, 174), (42, 9), (74, 7), (95, 6)], (102, 181, 134, 243))
([(26, 16), (3, 229), (73, 170)], (11, 7, 201, 135))
([(157, 100), (148, 74), (142, 56), (51, 29), (16, 174)], (190, 24, 196, 180))
([(13, 74), (4, 125), (114, 31)], (213, 5, 235, 234))
([(28, 229), (48, 21), (107, 95), (140, 159), (48, 44), (9, 227)], (23, 61, 70, 97))
([(94, 16), (100, 21), (137, 49), (102, 215), (2, 68)], (158, 211, 212, 127))
([(145, 185), (51, 1), (26, 180), (125, 7)], (190, 31, 117, 191))
([(164, 213), (109, 188), (2, 19), (170, 81), (111, 4)], (244, 183, 203, 152))
([(24, 162), (148, 72), (152, 132), (158, 223), (107, 177)], (11, 70, 100, 61))
([(178, 48), (80, 71), (24, 240), (6, 99)], (124, 151, 74, 156))
([(97, 61), (48, 27), (114, 64)], (33, 129, 167, 2))
([(9, 221), (64, 101), (110, 1)], (190, 229, 70, 145))
([(3, 235), (70, 14), (6, 33)], (71, 90, 118, 128))
([(152, 16), (18, 209), (32, 227), (38, 234)], (17, 89, 36, 234))
([(119, 182), (145, 101), (5, 9)], (132, 27, 222, 47))
([(130, 131), (11, 141), (5, 141), (152, 162), (104, 52)], (157, 221, 133, 130))
([(122, 197), (163, 193), (31, 16)], (116, 57, 237, 178))
([(11, 237), (156, 2), (25, 128)], (51, 252, 252, 106))
([(104, 13), (6, 19), (130, 204), (31, 26)], (82, 129, 192, 88))
([(64, 111), (138, 185), (105, 113), (31, 214)], (4, 170, 25, 196))
([(63, 177), (84, 140), (128, 61), (75, 211)], (24, 216, 21, 4))
([(169, 129), (125, 175), (122, 178)], (43, 246, 165, 78))
([(86, 95), (30, 177), (56, 168), (148, 135)], (7, 184, 70, 236))
([(118, 24), (176, 106), (140, 65), (90, 8)], (227, 17, 250, 159))
([(5, 128), (54, 116), (21, 142), (23, 71)], (139, 118, 143, 226))
([(152, 183), (2, 207), (89, 68), (159, 80)], (195, 103, 102, 137))
([(170, 130), (177, 183), (174, 22), (47, 139), (103, 239)], (82, 148, 74, 171))
([(143, 8), (54, 35), (10, 154)], (76, 3, 77, 202))
([(42, 203), (178, 87), (49, 156), (169, 233)], (140, 66, 238, 79))
([(102, 171), (58, 191), (43, 138)], (86, 91, 50, 228))
([(74, 102), (151, 100), (77, 55)], (76, 41, 197, 83))
([(118, 205), (43, 163), (5, 142), (69, 115), (83, 189)], (142, 86, 67, 146))
([(31, 38), (83, 101), (67, 19), (56, 208), (13, 92), (50, 216), (137, 76)], (76, 151, 173, 218))
([(130, 15), (117, 155), (129, 108), (143, 240), (61, 38), (46, 1), (58, 191), (61, 238)], (127, 76, 25, 37))
([(80, 114), (129, 213), (26, 28)], (216, 62, 6, 89))
([(147, 127), (156, 115), (75, 157)], (231, 20, 143, 153))
([(87, 189), (78, 65), (75, 24), (106, 15), (114, 13)], (244, 162, 164, 153))
([(86, 147), (175, 39), (78, 82)], (218, 66, 57, 59))
([(153, 109), (170, 233), (44, 220)], (185, 154, 180, 12))
([(30, 191), (77, 187), (174, 178), (76, 31)], (86, 0, 10, 128))
([(98, 236), (178, 178), (66, 111), (23, 144)], (219, 45, 71, 153))
([(172, 147), (105, 37), (47, 99), (72, 100)], (25, 22, 73, 54))
([(29, 116), (27, 167), (38, 216), (40, 225), (168, 30)], (45, 115, 50, 29))
([(19, 69), (94, 79), (174, 24), (44, 207)], (242, 7, 162, 105))
([(156, 175), (11, 61), (49, 48), (114, 127)], (202, 78, 183, 0))
([(135, 13), (43, 144), (85, 120)], (31, 254, 130, 91))
([(136, 197), (93, 81), (78, 86)], (60, 60, 10, 52))
([(90, 178), (56, 15), (144, 172), (38, 88), (30, 82)], (228, 67, 149, 240))
([(37, 17), (144, 195), (74, 21), (139, 14)], (62, 46, 8, 34))
([(24, 83), (159, 71), (144, 230)], (80, 218, 101, 12))
([(40, 181), (16, 140), (15, 146), (11, 169)], (137, 199, 121, 221))
([(83, 34), (68, 79), (180, 59), (43, 178)], (133, 250, 67, 83))
([(111, 206), (49, 55), (118, 38)], (30, 192, 81, 170))
([(122, 17), (140, 161), (81, 12), (125, 119)], (235, 10, 74, 59))
([(152, 196), (93, 8), (10, 61), (136, 132), (96, 240)], (249, 116, 45, 182))
([(116, 184), (133, 163), (135, 160), (131, 158), (86, 136)], (74, 13, 116, 103))
([(120, 109), (157, 141), (6, 61)], (28, 82, 101, 132))
([(147, 221), (102, 181), (136, 80), (139, 36), (3, 85)], (166, 104, 98, 138))
([(36, 61), (175, 80), (35, 224), (136, 23)], (234, 20, 44, 67))
([(8, 161), (98, 187), (66, 231)], (119, 177, 251, 109))
([(101, 54), (80, 188), (77, 167), (74, 146), (64, 77)], (13, 134, 220, 215))
([(107, 159), (83, 62), (75, 53)], (199, 98, 109, 252))
([(162, 44), (106, 214), (69, 26)], (222, 150, 144, 236))
([(35, 79), (128, 76), (134, 62), (140, 48), (2, 125)], (152, 71, 37, 221))
([(110, 12), (176, 13), (59, 156), (95, 146), (160, 127)], (243, 158, 113, 231))
([(77, 84), (27, 20), (109, 186)], (226, 170, 114, 177))
([(139, 179), (154, 31), (144, 68)], (176, 107, 241, 19))
([(33, 208), (171, 154), (160, 28), (6, 210), (42, 112)], (39, 124, 220, 193))
([(85, 65), (140, 107), (135, 150), (145, 13), (167, 61)], (231, 186, 208, 6))
([(56, 170), (55, 46), (18, 73)], (28, 78, 89, 153))
([(2, 197), (20, 21), (69, 36), (171, 126)], (208, 127, 223, 244))
([(104, 151), (72, 239), (35, 87), (22, 73)], (226, 234, 181, 139))
([(84, 152), (21, 59), (7, 162)], (235, 211, 150, 164))
([(18, 104), (68, 100), (47, 68), (34, 49), (89, 36), (49, 20), (95, 37), (144, 140), (83, 117)], (226, 98, 83, 54))
([(130, 42), (14, 76), (120, 221), (74, 76)], (3, 84, 24, 149))
([(90, 122), (93, 99), (112, 157), (42, 112)], (137, 12, 127, 156))
([(151, 197), (114, 18), (18, 186)], (33, 182, 81, 234))
([(78, 150), (87, 129), (87, 129), (101, 96), (98, 108)], (168, 7, 109, 54))
([(135, 132), (102, 106), (48, 123), (35, 169), (25, 205)], (115, 128, 19, 57))
([(162, 194), (153, 128), (33, 108)], (175, 33, 37, 204))
([(4, 39), (177, 231), (169, 186), (164, 158)], (9, 3, 12, 11))
([(114, 117), (84, 196), (64, 27)], (26, 101, 15, 43))
([(174, 43), (170, 36), (155, 10), (142, 177), (159, 73)], (201, 58, 56, 43))
([(97, 238), (71, 178), (173, 219), (164, 155), (147, 35)], (142, 105, 110, 31))
([(177, 98), (156, 72), (161, 1)], (49, 57, 110, 172))
([(27, 158), (47, 5), (119, 57), (52, 88)], (207, 23, 87, 201))
([(55, 104), (98, 95), (164, 132), (172, 137), (130, 79)], (98, 207, 70, 221))
([(140, 111), (151, 75), (16, 195), (109, 4)], (91, 214, 30, 0))
([(138, 168), (86, 137), (153, 188), (82, 112), (79, 109)], (29, 99, 164, 37))
([(105, 200), (112, 0), (89, 153)], (252, 149, 43, 254))
([(173, 142), (148, 152), (143, 154), (93, 173), (6, 236), (7, 223)], (134, 223, 166, 129))
([(127, 211), (67, 160), (97, 77), (157, 175)], (159, 6, 94, 73))
([(61, 85), (56, 49), (173, 134), (180, 13)], (169, 169, 100, 87))
([(23, 181), (68, 58), (153, 32)], (232, 49, 14, 26))
([(171, 132), (174, 189), (101, 43)], (250, 118, 22, 153))
([(116, 85), (53, 109), (179, 208)], (174, 246, 241, 235))
([(171, 0), (134, 104), (115, 43), (170, 137)], (90, 169, 199, 118))
([(138, 219), (62, 218), (168, 169)], (44, 255, 196, 252))
([(69, 117), (66, 108), (60, 90), (97, 137)], (205, 150, 144, 201))
([(131, 229), (46, 171), (4, 36)], (192, 15, 181, 237))
([(146, 234), (32, 238), (23, 238), (125, 201)], (240, 218, 147, 195))
([(158, 124), (121, 35), (104, 145), (108, 226)], (154, 53, 148, 55))
([(90, 206), (34, 129), (4, 88), (51, 135)], (91, 116, 139, 219))
([(10, 66), (35, 214), (123, 41), (176, 69), (50, 55)], (237, 176, 232, 164))
([(169, 173), (149, 173), (69, 230), (177, 240), (52, 145)], (161, 243, 90, 10))
([(149, 153), (61, 161), (163, 106)], (214, 63, 146, 220))
([(58, 133), (90, 212), (9, 1)], (180, 209, 247, 112))
([(59, 129), (131, 229), (48, 78)], (198, 254, 78, 91))
([(23, 101), (87, 78), (75, 79)], (186, 102, 9, 10))
([(3, 178), (1, 162), (62, 182), (27, 133)], (51, 236, 160, 80))
([(140, 147), (38, 33), (179, 179), (19, 189)], (129, 90, 245, 93))
([(43, 87), (19, 214), (30, 182), (30, 56)], (138, 240, 112, 48))
([(135, 62), (41, 171), (178, 171)], (252, 32, 221, 127))
([(12, 93), (97, 59), (82, 124)], (218, 250, 244, 203))
([(157, 131), (58, 119), (46, 118), (173, 219)], (147, 185, 209, 128))
([(63, 164), (151, 29), (19, 105)], (154, 170, 143, 247))
([(26, 8), (80, 29), (177, 67), (179, 52), (180, 44), (180, 44)], (172, 96, 17, 239))
([(8, 178), (122, 230), (7, 222)], (193, 218, 188, 70))
([(112, 79), (180, 40), (66, 219)], (253, 71, 65, 213))
([(97, 214), (101, 58), (130, 89)], (171, 228, 87, 107))
([(59, 226), (47, 118), (172, 187), (178, 190)], (195, 175, 174, 205))
([(101, 201), (134, 36), (147, 149)], (10, 214, 59, 21))
([(102, 71), (83, 96), (77, 104), (161, 209)], (141, 126, 4, 130))
([(86, 179), (32, 97), (90, 185)], (86, 12, 53, 205))
([(8, 94), (123, 79), (147, 5)], (160, 196, 137, 191))
([(130, 65), (178, 92), (35, 156), (100, 85), (26, 3)], (233, 137, 223, 136))
([(105, 128), (42, 53), (15, 122)], (116, 181, 236, 214))
([(164, 89), (66, 214), (168, 117), (173, 138)], (90, 125, 39, 221))
([(118, 180), (157, 20), (91, 187), (40, 101), (83, 62)], (46, 167, 22, 205))
([(71, 131), (78, 119), (119, 49)], (73, 225, 222, 135))
([(37, 187), (50, 61), (125, 177), (87, 121)], (151, 165, 132, 239))
([(53, 179), (40, 172), (4, 151), (4, 151), (118, 229)], (229, 109, 71, 97))
([(103, 138), (107, 181), (97, 111)], (109, 73, 74, 136))
([(174, 210), (9, 68), (100, 192), (39, 105), (72, 184), (158, 59)], (213, 85, 102, 246))
([(87, 194), (49, 103), (166, 210)], (24, 189, 111, 46))
([(25, 114), (137, 148), (14, 199)], (171, 158, 208, 121))
([(116, 54), (30, 191), (30, 191), (91, 8)], (145, 143, 88, 123))
([(81, 34), (69, 48), (86, 64)], (143, 240, 8, 0))
([(21, 82), (28, 164), (61, 162)], (101, 206, 229, 200))
([(44, 190), (168, 191), (153, 196)], (77, 216, 242, 19))
([(171, 217), (61, 77), (96, 78), (173, 181), (83, 60)], (205, 157, 218, 193))
([(33, 100), (59, 44), (24, 149)], (19, 121, 39, 98))
([(0, 210), (3, 161), (11, 30), (30, 158)], (116, 145, 63, 151))
([(93, 53), (12, 235), (149, 75), (68, 55), (63, 50), (17, 1), (34, 59), (50, 114)], (82, 243, 151, 146))
([(9, 233), (147, 2), (180, 140)], (199, 112, 37, 121))
([(159, 195), (131, 28), (158, 197), (2, 159), (21, 223)], (57, 254, 179, 64))
([(127, 142), (128, 192), (68, 115)], (152, 144, 164, 1))
([(103, 80), (121, 162), (138, 240), (115, 155)], (195, 113, 197, 141))
([(63, 13), (6, 13), (154, 57)], (249, 228, 62, 162))
([(57, 135), (99, 97), (114, 93), (154, 82), (172, 77), (78, 196)], (28, 225, 139, 156))
([(119, 202), (149, 134), (163, 102), (131, 4)], (213, 75, 184, 21))
([(28, 159), (178, 205), (178, 110), (104, 63)], (189, 215, 10, 36))
([(106, 182), (71, 194), (14, 214), (18, 110)], (62, 234, 102, 83))
([(58, 56), (5, 31), (2, 107)], (125, 232, 73, 191))
([(122, 3), (56, 21), (8, 101), (141, 84)], (73, 59, 17, 61))
([(157, 98), (55, 171), (1, 24), (104, 81), (96, 193), (140, 145), (36, 109)], (138, 104, 60, 79))
([(134, 130), (170, 145), (46, 230), (127, 62)], (205, 252, 246, 42))
([(160, 83), (120, 79), (86, 5), (55, 142)], (135, 99, 30, 244))
([(47, 207), (172, 40), (2, 158)], (231, 191, 124, 19))
([(105, 194), (77, 174), (44, 207), (99, 224)], (141, 204, 200, 131))
([(131, 72), (105, 167), (102, 178), (117, 225), (121, 238)], (170, 170, 84, 23))
([(25, 175), (42, 130), (32, 4), (131, 177)], (168, 36, 136, 88))
([(42, 47), (168, 0), (130, 72), (90, 148), (105, 144), (139, 23), (88, 86), (156, 139)], (201, 146, 163, 49))
([(59, 77), (50, 82), (137, 228)], (61, 3, 16, 81))
([(79, 228), (145, 215), (115, 169), (121, 225), (32, 212)], (42, 238, 127, 60))
([(24, 86), (93, 90), (55, 161)], (131, 127, 18, 1))
([(101, 3), (49, 129), (162, 125)], (147, 40, 31, 124))
([(115, 23), (178, 149), (38, 47), (169, 6), (26, 80), (78, 18)], (227, 45, 213, 104))
([(135, 181), (132, 33), (173, 46)], (191, 130, 38, 11))
([(163, 103), (156, 103), (107, 105)], (224, 105, 217, 180))
([(111, 16), (110, 43), (110, 43), (121, 159)], (11, 81, 16, 22))
([(161, 164), (18, 147), (4, 131), (3, 130)], (40, 44, 15, 27))
([(11, 200), (179, 103), (171, 33)], (246, 146, 192, 147))
([(33, 64), (19, 200), (162, 187), (144, 69)], (222, 131, 38, 164))
([(180, 70), (119, 63), (151, 197), (104, 219)], (156, 115, 140, 213))
([(157, 21), (33, 69), (64, 138)], (186, 10, 26, 120))
([(55, 53), (115, 28), (92, 75), (124, 25), (25, 162)], (164, 82, 13, 197))
([(113, 115), (99, 113), (42, 136), (7, 119), (178, 10)], (254, 36, 161, 98))
([(58, 219), (141, 52), (124, 161), (98, 138), (110, 97)], (222, 13, 92, 192))
