([(171, 238), (54, 165), (76, 240)], (157, 141, 221, 161))
([(158, 67), (171, 47), (139, 181)], (80, 191, 62, 180))
([(96, 82), (89, 178), (35, 155)], (136, 121, 232, 143))
([(3, 235), (172, 180), (6, 33)], (196, 217, 184, 128))
([(99, 77), (75, 81), (16, 91), (136, 200)], (103, 203, 66, 192))
([(118, 105), (107, 119), (104, 123), (76, 76)], (229, 45, 145, 130))
([(13, 68), (68, 44), (101, 99)], (121, 97, 102, 79))
([(107, 239), (105, 239), (20, 233), (24, 226), (83, 123)], (192, 110, 182, 237))
([(90, 20), (8, 207), (4, 212)], (123, 248, 147, 251))
([(7, 114), (1, 58), (1, 58), (2, 57), (3, 57), (37, 49)], (212, 248, 161, 234))
([(47, 60), (153, 186), (19, 99)], (5, 75, 120, 229))
([(1, 127), (20, 177), (43, 238), (29, 143), (23, 102)], (193, 195, 26, 202))
([(59, 135), (0, 47), (52, 30), (101, 152)], (131, 169, 167, 227))
([(180, 139), (49, 60), (36, 52), (167, 11)], (165, 160, 114, 207))
([(63, 238), (109, 40), (86, 236)], (191, 125, 134, 227))
([(17, 238), (142, 87), (156, 56), (23, 65)], (90, 178, 186, 78))
([(150, 234), (79, 238), (108, 151), (76, 211), (78, 239)], (40, 255, 197, 170))
([(116, 35), (174, 112), (86, 150), (39, 170)], (226, 177, 245, 217))
([(117, 15), (169, 57), (9, 20)], (119, 221, 73, 247))
([(157, 93), (162, 123), (178, 218), (178, 218), (179, 224), (107, 150)], (163, 165, 101, 191))
([(1, 53), (37, 60), (49, 90), (59, 157)], (141, 150, 226, 85))
([(32, 88), (77, 71), (77, 71)], (177, 240, 84, 237))
([(159, 120), (108, 236), (9, 62)], (123, 220, 244, 222))
([(135, 0), (47, 47), (26, 5)], (231, 237, 62, 254))
([(0, 239), (8, 236), (157, 175), (174, 168), (179, 9), (26, 67)], (102, 64, 173, 161))
([(140, 161), (131, 77), (177, 230)], (235, 201, 46, 67))
([(1, 208), (73, 231), (41, 126), (32, 96), (2, 157), (0, 159), (0, 159)], (219, 53, 243, 176))
([(0, 227), (30, 16), (66, 44), (70, 227)], (104, 194, 77, 231))
([(35, 225), (133, 68), (157, 30), (5, 147), (0, 172)], (153, 246, 55, 188))
([(164, 238), (171, 156), (97, 146), (37, 36)], (154, 209, 249, 116))
([(52, 45), (64, 142), (14, 184)], (0, 199, 52, 113))
([(147, 145), (123, 75), (77, 145)], (62, 253, 148, 99))
([(173, 1), (138, 87), (85, 136), (146, 112), (180, 216)], (130, 46, 171, 234))
([(180, 70), (163, 144), (170, 203)], (192, 115, 140, 248))
([(43, 87), (133, 45), (162, 123)], (144, 198, 137, 31))
([(162, 99), (51, 57), (155, 21)], (44, 66, 88, 202))
([(81, 34), (4, 9), (140, 103), (157, 86)], (236, 168, 117, 230))
([(171, 0), (174, 9), (178, 22), (137, 109), (99, 11)], (90, 141, 24, 57))
([(20, 62), (1, 144), (0, 198)], (245, 6, 255, 11))
([(40, 210), (4, 184), (114, 126)], (28, 119, 178, 255))
([(9, 233), (147, 2), (129, 192)], (50, 112, 242, 180))
([(26, 16), (51, 88), (91, 203), (17, 225), (3, 229), (3, 229), (2, 86)], (30, 106, 201, 195))
([(1, 29), (58, 19), (136, 5), (15, 112)], (65, 236, 236, 217))
([(104, 13), (6, 19), (4, 87), (20, 240)], (82, 63, 192, 255))
([(30, 1), (29, 20), (23, 133), (1, 46), (17, 1)], (153, 243, 190, 246))
([(67, 0), (146, 17), (1, 124), (70, 101), (22, 216), (26, 147)], (216, 218, 88, 197))
([(138, 170), (54, 111), (40, 222)], (14, 130, 102, 25))
([(110, 210), (15, 146), (95, 211)], (137, 235, 176, 10))
([(11, 200), (137, 170), (137, 170), (138, 170), (96, 154), (29, 129)], (207, 231, 101, 185))
([(136, 113), (19, 110), (1, 148)], (213, 167, 218, 51))
([(2, 174), (24, 150), (65, 3), (1, 75)], (237, 126, 166, 177))
([(31, 133), (176, 0), (117, 184), (39, 60)], (229, 16, 122, 181))
([(108, 232), (74, 72), (103, 86)], (132, 84, 39, 169))
([(58, 52), (172, 240), (125, 121)], (212, 237, 60, 99))
([(85, 134), (76, 135), (62, 137)], (238, 100, 116, 41))
([(75, 136), (23, 33), (13, 25), (13, 25), (3, 18)], (73, 225, 222, 220))
([(173, 154), (161, 204), (73, 182), (176, 238)], (225, 73, 35, 144))
([(165, 232), (160, 232), (155, 232), (15, 83), (165, 64)], (199, 180, 226, 240))
([(94, 82), (100, 94), (155, 201), (128, 46)], (229, 51, 255, 141))
([(19, 212), (166, 157), (81, 67), (19, 1)], (248, 186, 213, 214))
([(6, 239), (71, 188), (46, 90)], (113, 229, 196, 159))
([(105, 83), (82, 20), (88, 0), (90, 0), (97, 0), (97, 0), (144, 2)], (126, 109, 108, 247))
([(73, 164), (75, 32), (136, 126), (40, 127)], (122, 131, 43, 215))
([(14, 72), (124, 192), (114, 21)], (102, 180, 28, 81))
([(12, 216), (114, 84), (177, 3), (5, 9)], (132, 201, 243, 218))
([(98, 240), (120, 156), (134, 103), (152, 35), (165, 216)], (192, 60, 231, 168))
([(24, 17), (105, 1), (112, 0), (179, 227), (89, 153)], (252, 149, 43, 254))
([(30, 1), (35, 1), (51, 1), (45, 44)], (190, 166, 117, 230))
([(80, 33), (159, 3), (168, 0), (67, 229)], (201, 17, 90, 249))
([(133, 59), (32, 93), (14, 107)], (235, 200, 10, 46))
([(16, 103), (47, 164), (69, 153)], (38, 151, 109, 51))
([(150, 239), (74, 217), (100, 101), (101, 82)], (196, 179, 189, 245))
([(44, 215), (110, 22), (176, 219)], (45, 117, 62, 158))
([(62, 1), (61, 1), (58, 0), (4, 50), (12, 226)], (132, 197, 71, 94))
([(152, 79), (164, 81), (180, 4), (179, 4), (43, 26)], (248, 206, 104, 128))
([(93, 239), (103, 202), (99, 96), (97, 43), (29, 236), (44, 209), (41, 213), (28, 232)], (190, 185, 237, 182))
([(40, 49), (96, 209), (13, 180), (53, 1)], (91, 18, 209, 10))
([(124, 160), (68, 115), (33, 198)], (44, 221, 53, 26))
([(28, 229), (148, 159), (39, 221), (48, 44), (9, 227)], (23, 61, 232, 143))
([(58, 3), (143, 4), (63, 189), (25, 205)], (115, 134, 148, 191))
([(89, 79), (146, 59), (180, 222), (180, 13)], (207, 38, 74, 222))
([(16, 23), (22, 26), (97, 100)], (246, 235, 44, 228))
([(102, 176), (150, 165), (31, 238)], (24, 3, 124, 70))
([(154, 48), (131, 81), (77, 125)], (145, 151, 74, 81))
([(74, 222), (53, 195), (48, 189), (32, 212), (92, 49)], (136, 163, 252, 237))
([(4, 201), (20, 110), (72, 221)], (23, 135, 240, 124))
([(172, 224), (129, 230), (86, 235), (50, 239), (1, 149)], (210, 252, 163, 242))
([(1, 155), (4, 57), (110, 162), (180, 231)], (204, 200, 242, 251))
([(77, 61), (71, 214), (144, 68)], (25, 255, 4, 84))
([(35, 31), (82, 120), (90, 47)], (172, 83, 204, 83))
([(74, 172), (43, 107), (56, 143)], (42, 58, 101, 77))
([(174, 206), (115, 143), (109, 98)], (185, 213, 88, 252))
([(122, 147), (51, 196), (31, 189)], (250, 77, 100, 107))
([(13, 46), (4, 11), (90, 8)], (240, 132, 227, 71))
([(140, 92), (161, 46), (10, 123)], (102, 126, 234, 236))
([(59, 226), (128, 195), (134, 193), (139, 192), (131, 182)], (195, 195, 174, 59))
([(82, 140), (177, 120), (178, 120), (42, 24)], (141, 63, 211, 140))
([(86, 201), (13, 92), (99, 34)], (106, 244, 173, 243))
([(126, 168), (93, 175), (66, 164)], (15, 125, 71, 168))
([(180, 110), (2, 0), (55, 212)], (124, 241, 238, 107))
([(17, 226), (68, 169), (165, 178)], (101, 254, 8, 21))
([(13, 95), (176, 110), (165, 69), (130, 205), (121, 44), (30, 4)], (237, 176, 240, 219))
([(32, 203), (141, 235), (160, 240), (176, 176), (177, 172), (1, 43)], (230, 188, 187, 112))
([(82, 76), (59, 93), (77, 101)], (166, 152, 206, 225))
([(146, 174), (112, 53), (77, 3), (164, 150)], (126, 137, 93, 176))
([(165, 129), (130, 221), (25, 77)], (70, 238, 197, 21))
([(178, 205), (60, 136), (64, 7)], (175, 50, 117, 68))
([(129, 196), (72, 144), (64, 119)], (98, 15, 70, 251))
([(180, 208), (31, 214), (160, 20)], (239, 105, 245, 251))
([(152, 16), (31, 8), (32, 227), (177, 235), (32, 227), (38, 234)], (17, 89, 100, 234))
([(54, 179), (54, 179), (170, 1), (43, 215)], (217, 136, 145, 235))
([(173, 79), (63, 61), (169, 233)], (166, 37, 208, 79))
([(14, 114), (174, 154), (100, 134)], (204, 140, 14, 120))
([(105, 194), (46, 202), (88, 169)], (170, 204, 250, 246))
([(40, 238), (33, 75), (22, 237), (22, 237)], (18, 252, 221, 148))
([(165, 130), (40, 179), (81, 222), (87, 228)], (250, 237, 178, 245))
([(144, 4), (3, 26), (3, 138)], (233, 221, 170, 240))
([(3, 13), (101, 61), (142, 52)], (182, 195, 193, 255))
([(33, 208), (22, 209), (6, 210), (42, 112)], (39, 124, 202, 226))
([(157, 158), (157, 158), (156, 34), (116, 91), (172, 89), (172, 89), (180, 207)], (143, 245, 233, 123))
([(143, 54), (160, 179), (2, 159)], (57, 254, 241, 87))
([(11, 237), (156, 2), (25, 128)], (51, 195, 252, 115))
([(101, 20), (50, 112), (153, 132)], (80, 172, 157, 52))
([(105, 135), (156, 6), (110, 1)], (190, 136, 33, 163))
([(52, 109), (90, 131), (80, 133)], (237, 53, 121, 21))
([(106, 67), (96, 65), (95, 65)], (121, 193, 230, 172))
([(23, 181), (28, 138), (41, 28), (107, 176)], (168, 86, 60, 210))
([(0, 210), (0, 210), (0, 210), (0, 210), (3, 161), (113, 203), (91, 115)], (70, 145, 124, 167))
([(0, 158), (12, 49), (14, 160), (86, 73), (81, 77), (61, 94)], (201, 215, 186, 209))
([(16, 178), (75, 148), (157, 188)], (105, 91, 84, 250))
([(23, 219), (12, 129), (63, 200)], (154, 69, 143, 33))
([(20, 238), (24, 234), (30, 229), (38, 221), (171, 220)], (51, 1, 121, 89))
([(176, 13), (156, 46), (128, 92), (160, 127)], (243, 158, 113, 231))
([(92, 53), (117, 80), (110, 165)], (28, 52, 155, 45))
([(89, 53), (67, 155), (116, 78)], (177, 191, 205, 45))
([(45, 76), (27, 20), (20, 181)], (226, 184, 114, 206))
([(37, 22), (39, 22), (114, 20), (71, 105)], (6, 110, 56, 79))
([(150, 38), (152, 49), (179, 194), (70, 158)], (206, 225, 203, 234))
([(19, 69), (3, 24), (83, 183)], (182, 169, 83, 200))
([(51, 63), (20, 87), (88, 24)], (156, 134, 134, 70))
([(40, 172), (11, 155), (4, 151), (81, 138)], (229, 199, 242, 105))
([(59, 138), (135, 159), (173, 13)], (227, 155, 204, 153))
([(65, 11), (25, 74), (74, 78)], (141, 59, 8, 16))
([(172, 81), (85, 236), (59, 152)], (243, 161, 206, 194))
([(130, 15), (117, 155), (150, 93), (120, 183), (61, 38), (153, 117), (51, 177), (46, 1)], (214, 76, 25, 244))
([(152, 33), (138, 240), (169, 219)], (195, 113, 197, 238))
([(144, 182), (88, 183), (64, 162)], (185, 154, 155, 101))
([(179, 103), (177, 94), (70, 162)], (246, 24, 126, 222))
([(163, 213), (79, 187), (1, 162), (27, 133)], (230, 236, 244, 254))
([(173, 142), (6, 236), (54, 236), (164, 235)], (134, 223, 230, 145))
([(144, 3), (136, 140), (77, 55)], (222, 25, 114, 186))
([(171, 174), (135, 105), (158, 145), (178, 135)], (235, 101, 152, 203))
([(169, 173), (69, 230), (148, 238), (170, 240), (172, 240), (177, 240)], (244, 243, 90, 48))
([(133, 81), (81, 141), (32, 218)], (129, 129, 162, 12))
([(69, 167), (122, 194), (138, 126)], (166, 242, 234, 254))
([(132, 240), (171, 212), (161, 14)], (183, 245, 177, 206))
([(158, 126), (73, 47), (104, 106)], (23, 7, 65, 25))
([(39, 77), (14, 20), (48, 10), (11, 17), (2, 19)], (244, 183, 245, 152))
([(176, 198), (110, 165), (60, 100), (122, 142), (168, 125)], (213, 183, 253, 246))
([(180, 156), (174, 22), (173, 23), (173, 23), (168, 28), (51, 210)], (247, 54, 22, 171))
([(50, 223), (20, 107), (99, 84)], (157, 221, 247, 47))
([(179, 109), (176, 56), (175, 39), (117, 204)], (218, 206, 57, 74))
([(11, 175), (35, 158), (126, 68), (7, 119), (4, 125)], (233, 242, 248, 93))
([(137, 100), (92, 191), (43, 7)], (202, 40, 29, 108))
([(59, 169), (37, 182), (42, 160)], (2, 118, 20, 72))
([(106, 5), (75, 8), (44, 10), (148, 103)], (224, 105, 85, 251))
([(150, 0), (127, 58), (107, 108), (105, 113), (118, 116), (157, 126), (177, 7), (178, 1)], (172, 79, 53, 177))
([(134, 130), (49, 227), (47, 229), (47, 229), (85, 101)], (205, 252, 246, 166))
([(170, 104), (44, 76), (86, 30), (93, 29), (170, 22)], (228, 56, 168, 204))
([(76, 114), (43, 210), (131, 4)], (255, 252, 81, 27))
([(172, 152), (53, 109), (179, 208)], (192, 246, 241, 235))
([(40, 132), (96, 86), (80, 154)], (30, 114, 132, 194))
([(5, 46), (79, 216), (46, 238), (51, 36), (78, 122)], (255, 255, 225, 240))
([(86, 27), (114, 126), (54, 136)], (71, 32, 200, 191))
([(64, 151), (170, 199), (125, 47)], (44, 0, 156, 131))
([(34, 226), (18, 165), (27, 234), (121, 159)], (10, 46, 136, 32))
([(0, 87), (59, 148), (85, 232), (103, 211), (140, 167), (55, 35)], (200, 250, 200, 228))
([(35, 106), (12, 103), (109, 132)], (183, 96, 0, 18))
([(156, 115), (176, 160), (71, 117), (119, 144), (86, 85)], (131, 117, 18, 49))
([(92, 163), (179, 184), (1, 56)], (25, 212, 163, 249))
([(146, 234), (71, 237), (32, 238), (133, 128)], (240, 218, 251, 98))
([(175, 227), (146, 137), (124, 68), (85, 158), (50, 239)], (250, 224, 240, 194))
([(68, 221), (19, 68), (85, 237)], (234, 238, 235, 195))
([(10, 64), (65, 88), (179, 137), (71, 160), (46, 165)], (244, 103, 175, 65))
([(12, 86), (43, 9), (9, 1)], (228, 209, 251, 201))
([(85, 90), (16, 36), (6, 31), (5, 31), (2, 107), (3, 114), (7, 140)], (228, 232, 219, 244))
([(18, 125), (26, 135), (113, 240), (39, 72), (114, 240), (136, 234)], (228, 241, 234, 239))
([(38, 47), (136, 30), (138, 30), (117, 43), (168, 19)], (134, 94, 153, 114))
([(180, 182), (156, 178), (66, 163), (30, 157), (37, 166), (75, 214), (96, 240)], (249, 241, 229, 184))
([(17, 82), (128, 76), (134, 62)], (175, 126, 7, 252))
([(62, 22), (58, 191), (70, 154), (71, 151)], (211, 11, 223, 128))
([(146, 19), (60, 3), (38, 66), (33, 80), (60, 124)], (211, 44, 139, 59))
([(3, 187), (20, 21), (69, 36)], (250, 253, 223, 164))
([(68, 100), (34, 49), (57, 43), (57, 43)], (75, 3, 20, 113))
([(169, 113), (17, 90), (4, 71), (2, 68)], (154, 89, 60, 166))
([(130, 42), (14, 76), (77, 140), (96, 159), (90, 136), (74, 76), (71, 137)], (11, 69, 24, 202))
([(176, 26), (35, 7), (171, 164)], (167, 94, 45, 66))
([(1, 68), (94, 119), (124, 141), (176, 125), (19, 95)], (239, 95, 137, 220))
([(47, 5), (119, 57), (52, 88), (37, 29)], (207, 23, 68, 201))
([(97, 107), (54, 67), (88, 27)], (254, 58, 97, 143))
([(44, 60), (41, 61), (44, 94)], (25, 60, 20, 200))
([(151, 117), (54, 148), (25, 102), (4, 69)], (26, 101, 15, 43))
([(115, 183), (133, 181), (174, 178), (141, 108), (87, 47)], (40, 0, 20, 255))
([(170, 221), (134, 75), (130, 67), (128, 63), (167, 61)], (231, 186, 208, 37))
([(177, 231), (163, 236), (164, 158), (164, 158)], (176, 188, 12, 139))
([(26, 8), (97, 175), (179, 104), (179, 52), (180, 44)], (221, 96, 30, 164))
([(82, 18), (180, 40), (170, 55)], (253, 87, 65, 213))
([(170, 154), (91, 2), (169, 195)], (27, 71, 47, 68))
([(140, 147), (179, 179), (57, 187)], (118, 75, 146, 93))
([(12, 93), (146, 26), (128, 76), (166, 165), (59, 214)], (231, 250, 244, 211))
([(138, 219), (132, 61), (132, 61), (115, 228)], (245, 255, 196, 39))
([(135, 62), (41, 171), (178, 171)], (252, 32, 142, 225))
([(113, 136), (45, 100), (37, 106), (35, 107)], (175, 180, 164, 211))
([(43, 233), (72, 239), (72, 239), (44, 124), (43, 120)], (226, 234, 181, 164))
([(132, 54), (152, 178), (90, 185)], (99, 12, 53, 104))
([(44, 122), (100, 85), (26, 3)], (254, 167, 223, 68))
([(103, 138), (127, 179), (79, 181)], (0, 116, 33, 197))
([(37, 187), (50, 61), (125, 177)], (151, 121, 64, 119))
([(45, 91), (42, 187), (42, 187), (40, 184)], (68, 2, 99, 148))
([(169, 46), (20, 188), (53, 182), (72, 179), (80, 178)], (1, 37, 123, 90))
([(99, 46), (159, 78), (48, 133)], (168, 232, 150, 104))
([(171, 132), (173, 170), (98, 4)], (250, 118, 60, 190))
([(79, 22), (148, 28), (96, 137), (95, 139), (74, 183)], (133, 144, 111, 178))
([(134, 85), (74, 140), (61, 161)], (214, 93, 146, 220))
([(141, 52), (49, 169), (105, 144), (104, 143), (98, 138)], (241, 32, 92, 192))
([(103, 138), (153, 157), (39, 34), (42, 13)], (238, 41, 74, 182))
([(33, 100), (55, 146), (45, 19)], (19, 20, 11, 98))
([(77, 99), (76, 192), (119, 156)], (172, 57, 179, 25))
([(54, 148), (145, 18), (149, 2)], (217, 235, 84, 123))
([(178, 205), (178, 110), (172, 106), (110, 8)], (206, 63, 60, 115))
([(36, 61), (80, 177), (141, 55), (83, 115), (136, 23)], (234, 20, 44, 67))
([(80, 152), (82, 149), (122, 92), (153, 48), (153, 48), (155, 20)], (138, 129, 208, 218))
([(174, 43), (180, 129), (180, 129), (45, 69)], (234, 58, 56, 219))
([(68, 79), (125, 23), (129, 19)], (63, 20, 135, 73))
([(91, 104), (106, 99), (109, 98), (161, 46)], (235, 209, 202, 157))
([(59, 17), (152, 132), (158, 92), (159, 65), (161, 10), (95, 96), (35, 148)], (184, 70, 100, 153))
([(55, 171), (140, 145), (36, 109)], (190, 104, 60, 197))
([(83, 57), (56, 0), (58, 0), (169, 6), (121, 12), (78, 18)], (250, 45, 26, 176))
([(119, 183), (120, 79), (55, 142)], (228, 99, 30, 142))
([(48, 1), (75, 24), (110, 143), (69, 53), (50, 145)], (243, 69, 37, 228))
([(48, 69), (105, 26), (140, 0), (132, 54), (117, 155)], (222, 43, 144, 144))
([(47, 207), (124, 48), (5, 68)], (231, 191, 125, 19))
([(25, 175), (48, 133), (61, 134), (102, 136), (131, 177)], (212, 36, 22, 105))
([(19, 69), (98, 76), (100, 75), (128, 212)], (242, 54, 162, 5))
([(162, 187), (71, 156), (123, 94), (144, 69)], (222, 131, 38, 102))
([(163, 199), (128, 128), (111, 93), (107, 85), (67, 4), (150, 1), (161, 1)], (250, 57, 52, 172))
([(8, 178), (42, 157), (38, 165), (9, 222), (33, 142)], (193, 229, 188, 116))
([(157, 21), (33, 69), (45, 96), (64, 138)], (255, 18, 19, 77))
([(27, 167), (23, 169), (8, 176), (46, 237)], (6, 111, 220, 29))
([(113, 115), (133, 189), (42, 136), (68, 21), (102, 18), (178, 10)], (254, 66, 12, 98))
