([(58, 133), (48, 124), (69, 16), (15, 55), (9, 1)], (180, 209, 247, 201))
([(86, 181), (86, 181), (140, 162)], (59, 95, 99, 64))
([(155, 147), (6, 43), (7, 49), (25, 162)], (164, 248, 93, 197))
([(32, 239), (1, 58), (37, 49)], (212, 227, 161, 154))
([(85, 65), (65, 211), (135, 150), (90, 166), (128, 63), (167, 61)], (231, 186, 208, 6))
([(101, 201), (106, 176), (120, 106), (33, 237)], (10, 214, 68, 21))
([(138, 185), (105, 113), (178, 1)], (42, 218, 25, 74))
([(180, 139), (14, 8), (86, 150), (98, 174)], (128, 170, 114, 207))
([(117, 233), (82, 67), (0, 159)], (236, 53, 243, 109))
([(176, 144), (77, 3), (31, 117), (117, 205)], (126, 213, 93, 200))
([(121, 162), (138, 240), (110, 169), (98, 138), (101, 138)], (195, 113, 197, 153))
([(51, 63), (11, 45), (56, 64)], (84, 111, 90, 37))
([(178, 48), (114, 105), (77, 125)], (145, 151, 74, 156))
([(61, 85), (173, 134), (180, 13)], (169, 169, 100, 222))
([(133, 129), (86, 236), (66, 214)], (90, 125, 39, 227))
([(116, 54), (30, 191), (31, 189)], (145, 42, 222, 135))
([(72, 100), (109, 115), (115, 105), (164, 132), (130, 79)], (98, 124, 70, 221))
([(93, 239), (103, 202), (142, 56), (51, 29), (16, 174)], (190, 113, 191, 180))
([(8, 39), (171, 105), (130, 16), (125, 5)], (104, 132, 41, 231))
([(157, 141), (179, 224), (6, 61)], (28, 165, 101, 132))
([(121, 44), (162, 164), (133, 115)], (80, 215, 62, 161))
([(107, 239), (46, 171), (16, 75), (4, 36)], (192, 60, 181, 237))
([(104, 204), (152, 30), (134, 180), (128, 230)], (22, 145, 7, 49))
([(11, 200), (117, 139), (179, 103), (173, 76)], (246, 146, 192, 222))
([(26, 16), (15, 118), (3, 229), (2, 86), (2, 86)], (30, 7, 201, 183))
([(180, 208), (121, 198), (132, 148), (160, 20)], (239, 63, 245, 202))
([(79, 228), (160, 27), (50, 186), (32, 212)], (11, 238, 223, 60))
([(178, 226), (55, 46), (164, 107)], (122, 78, 43, 215))
([(104, 13), (6, 19), (15, 76), (33, 190), (31, 26)], (82, 129, 192, 255))
([(16, 233), (47, 179), (83, 116), (97, 77)], (245, 6, 94, 2))
([(5, 46), (5, 46), (6, 46), (9, 47), (142, 69), (46, 238), (103, 100), (78, 181), (129, 91)], (57, 84, 221, 177))
([(43, 194), (120, 169), (169, 195)], (148, 58, 239, 49))
([(18, 158), (68, 115), (66, 102)], (152, 79, 164, 1))
([(5, 142), (5, 142), (69, 115)], (142, 134, 101, 146))
([(150, 239), (114, 200), (101, 82)], (116, 179, 46, 236))
([(101, 54), (80, 188), (77, 167)], (13, 134, 220, 215))
([(147, 127), (160, 151), (168, 166), (56, 224), (121, 80)], (6, 167, 143, 79))
([(116, 203), (77, 136), (89, 47)], (124, 220, 190, 29))
([(114, 28), (176, 198), (30, 139), (138, 42)], (213, 85, 253, 246))
([(88, 131), (108, 236), (33, 63)], (123, 220, 13, 138))
([(97, 238), (177, 105), (46, 90)], (142, 229, 110, 159))
([(172, 147), (105, 37), (75, 69), (111, 137), (56, 99)], (93, 45, 73, 70))
([(12, 235), (149, 75), (70, 225), (63, 50), (17, 1)], (82, 243, 151, 146))
([(179, 117), (10, 66), (78, 186)], (101, 206, 229, 200))
([(88, 136), (110, 43), (121, 159)], (90, 53, 186, 5))
([(162, 1), (85, 13), (65, 16), (3, 26), (44, 131)], (233, 152, 55, 240))
([(111, 9), (108, 112), (32, 101), (7, 35)], (129, 32, 35, 182))
([(1, 29), (136, 5), (73, 87), (54, 112), (113, 188), (15, 112)], (65, 236, 182, 154))
([(123, 122), (124, 93), (125, 64), (70, 46), (37, 36)], (11, 100, 165, 60))
([(10, 53), (8, 41), (114, 42)], (121, 164, 136, 13))
([(131, 129), (28, 20), (64, 226)], (156, 248, 173, 113))
([(146, 71), (164, 73), (159, 78), (47, 183)], (168, 46, 133, 139))
([(22, 143), (29, 127), (61, 55), (69, 37)], (131, 117, 18, 95))
([(106, 183), (47, 32), (125, 47)], (44, 108, 112, 87))
([(59, 138), (93, 139), (166, 35), (59, 132)], (2, 155, 148, 178))
([(5, 128), (21, 142), (23, 71)], (146, 118, 143, 226))
([(0, 210), (0, 210), (3, 161), (3, 161), (4, 161), (163, 213)], (116, 145, 63, 151))
([(90, 173), (117, 239), (36, 196)], (32, 152, 52, 216))
([(4, 201), (120, 66), (133, 51), (72, 221)], (39, 201, 193, 177))
([(96, 11), (155, 106), (84, 125), (1, 148)], (106, 167, 218, 153))
([(33, 185), (77, 37), (88, 0), (90, 0), (144, 2)], (126, 109, 108, 158))
([(180, 151), (127, 1), (122, 29), (86, 234)], (183, 85, 177, 109))
([(172, 231), (152, 45), (41, 22), (23, 18)], (117, 64, 173, 161))
([(173, 1), (144, 195), (93, 19), (139, 14)], (62, 46, 171, 70))
([(180, 70), (151, 197), (148, 83), (104, 219)], (156, 115, 140, 198))
([(138, 136), (87, 179), (109, 225)], (2, 169, 167, 252))
([(172, 224), (50, 239), (1, 149)], (210, 225, 38, 242))
([(82, 227), (77, 143), (54, 165), (76, 240)], (157, 101, 221, 161))
([(137, 100), (134, 102), (43, 7)], (50, 134, 163, 108))
([(3, 235), (33, 136), (41, 110), (6, 33)], (196, 90, 118, 128))
([(104, 173), (1, 155), (31, 89), (119, 72)], (137, 200, 82, 251))
([(48, 79), (97, 119), (97, 119), (98, 125), (112, 209)], (199, 98, 168, 122))
([(80, 114), (86, 126), (145, 64)], (210, 158, 186, 240))
([(146, 153), (103, 102), (86, 82), (32, 17), (31, 16)], (116, 57, 237, 156))
([(143, 8), (54, 35), (44, 38), (40, 39), (35, 100)], (57, 3, 77, 202))
([(77, 207), (157, 164), (75, 8)], (116, 41, 161, 232))
([(147, 79), (145, 93), (32, 106)], (22, 209, 70, 20))
([(11, 175), (75, 208), (4, 125)], (60, 242, 174, 4))
([(68, 3), (58, 0), (29, 131), (12, 226)], (47, 127, 233, 86))
([(110, 187), (121, 189), (123, 189), (109, 98)], (185, 225, 88, 52))
([(86, 193), (73, 3), (159, 46)], (139, 205, 141, 158))
([(165, 232), (21, 225), (35, 98), (51, 194)], (108, 97, 204, 204))
([(28, 20), (36, 35), (30, 24), (160, 240), (177, 172), (108, 6)], (230, 49, 187, 112))
([(59, 129), (69, 143), (131, 229), (123, 215), (121, 211)], (198, 254, 78, 212))
([(42, 203), (178, 87), (150, 41), (154, 82), (158, 122), (169, 233)], (140, 66, 238, 79))
([(169, 129), (125, 175), (122, 178)], (126, 246, 165, 78))
([(13, 137), (4, 145), (176, 238)], (225, 38, 227, 144))
([(96, 184), (103, 134), (113, 128)], (16, 192, 84, 9))
([(40, 238), (162, 125), (111, 191), (119, 195)], (18, 252, 221, 148))
([(28, 229), (39, 221), (46, 216), (46, 77), (47, 60), (48, 44), (9, 227)], (23, 61, 70, 104))
([(141, 77), (149, 33), (150, 38), (179, 194), (76, 156)], (206, 225, 177, 234))
([(65, 105), (122, 106), (85, 134)], (98, 100, 116, 57))
([(81, 34), (30, 218), (90, 115)], (143, 78, 8, 0))
([(111, 206), (79, 238), (78, 239), (66, 69), (78, 239), (24, 75)], (30, 244, 81, 170))
([(50, 44), (128, 50), (49, 99)], (165, 237, 245, 245))
([(119, 182), (145, 101), (149, 96), (113, 226), (5, 9)], (132, 64, 222, 218))
([(171, 0), (134, 104), (82, 201), (162, 24), (116, 46)], (90, 169, 199, 57))
([(153, 109), (170, 233), (44, 220)], (185, 154, 180, 185))
([(111, 29), (112, 0), (89, 153)], (252, 149, 43, 254))
([(67, 87), (67, 87), (156, 34), (180, 207)], (48, 159, 233, 53))
([(13, 74), (8, 102), (4, 125), (4, 125), (114, 31)], (213, 5, 235, 234))
([(90, 206), (34, 129), (70, 86)], (154, 43, 139, 219))
([(175, 227), (176, 28), (49, 230)], (250, 224, 203, 219))
([(163, 103), (160, 103), (140, 128), (148, 103), (144, 103)], (224, 105, 85, 251))
([(135, 202), (152, 51), (142, 52)], (28, 182, 193, 96))
([(82, 12), (130, 130), (38, 94)], (181, 47, 223, 134))
([(38, 65), (15, 193), (114, 75), (9, 40), (121, 96)], (173, 149, 9, 232))
([(3, 178), (1, 162), (34, 143), (27, 133)], (51, 236, 160, 80))
([(57, 170), (31, 84), (96, 11)], (147, 51, 255, 201))
([(112, 79), (180, 40), (66, 219)], (253, 71, 65, 213))
([(152, 16), (18, 209), (32, 227), (32, 227), (32, 227), (38, 234)], (17, 89, 100, 234))
([(88, 11), (86, 131), (87, 129), (98, 108)], (168, 7, 109, 45))
([(58, 3), (97, 94), (102, 106), (44, 137), (35, 169), (25, 205)], (115, 128, 74, 159))
([(17, 238), (142, 87), (49, 49)], (90, 178, 186, 125))
([(30, 85), (5, 141), (97, 154), (152, 162)], (157, 221, 133, 130))
([(66, 111), (76, 76), (86, 41)], (219, 45, 71, 153))
([(177, 231), (163, 236), (164, 158)], (94, 3, 12, 194))
([(11, 237), (156, 2), (98, 58), (96, 60), (25, 128)], (51, 195, 252, 106))
([(71, 194), (102, 185), (18, 110)], (130, 234, 22, 83))
([(177, 107), (102, 103), (151, 20)], (157, 71, 100, 0))
([(100, 149), (54, 138), (88, 131), (135, 160)], (74, 13, 13, 160))
([(140, 161), (81, 12), (177, 230)], (235, 242, 74, 59))
([(8, 94), (124, 76), (147, 5)], (141, 196, 137, 107))
([(162, 35), (144, 172), (30, 82)], (138, 67, 163, 8))
([(92, 137), (148, 84), (82, 153), (80, 155)], (101, 254, 130, 91))
([(141, 52), (124, 161), (98, 138)], (222, 13, 92, 192))
([(143, 54), (158, 197), (2, 159)], (57, 254, 179, 64))
([(20, 6), (78, 121), (56, 208), (13, 92), (99, 34)], (76, 244, 173, 218))
([(125, 145), (116, 92), (124, 127), (84, 94), (70, 95), (59, 96)], (201, 215, 186, 166))
([(177, 183), (174, 22), (47, 139), (103, 239)], (164, 148, 74, 171))
([(43, 92), (20, 238), (147, 117)], (51, 1, 121, 58))
([(39, 81), (20, 219), (62, 149), (73, 131)], (19, 116, 233, 159))
([(67, 0), (35, 60), (1, 124), (159, 71)], (216, 218, 101, 59))
([(116, 85), (64, 105), (53, 109), (179, 208)], (192, 246, 241, 235))
([(148, 184), (64, 166), (54, 148)], (7, 3, 131, 236))
([(31, 176), (1, 127), (23, 102), (85, 62)], (193, 195, 26, 202))
([(42, 47), (168, 0), (130, 72), (105, 144), (55, 120), (8, 97), (128, 37), (69, 124)], (201, 146, 90, 249))
([(19, 69), (45, 96), (46, 97), (30, 64), (4, 11), (90, 8)], (227, 85, 250, 159))
([(2, 61), (62, 183), (17, 18)], (195, 103, 175, 137))
([(33, 208), (6, 210), (32, 139), (42, 112)], (39, 124, 252, 132))
([(23, 101), (126, 168), (66, 146), (35, 134)], (174, 230, 222, 10))
([(97, 84), (105, 53), (14, 102), (105, 49), (47, 146), (84, 79)], (235, 98, 152, 102))
([(77, 84), (27, 20), (109, 186)], (226, 170, 114, 206))
([(58, 119), (47, 118), (78, 20)], (147, 185, 209, 27))
([(97, 214), (102, 193), (108, 168), (41, 121)], (171, 192, 87, 130))
([(88, 118), (80, 131), (46, 184), (121, 21)], (157, 122, 119, 83))
([(78, 65), (75, 24), (114, 13)], (244, 162, 33, 43))
([(92, 31), (52, 21), (42, 19), (97, 4), (110, 1)], (190, 136, 33, 145))
([(45, 117), (53, 214), (161, 185)], (104, 124, 203, 192))
([(2, 42), (113, 40), (179, 109), (178, 91), (175, 39), (78, 82)], (218, 66, 57, 59))
([(18, 125), (113, 240), (136, 234)], (228, 10, 210, 239))
([(126, 37), (115, 130), (109, 181)], (78, 77, 164, 115))
([(102, 181), (139, 36), (89, 54), (3, 85)], (166, 231, 234, 254))
([(7, 46), (11, 45), (91, 32), (155, 21)], (202, 115, 206, 202))
([(163, 102), (146, 50), (131, 4)], (213, 75, 81, 178))
([(92, 53), (76, 202), (75, 211)], (28, 207, 32, 87))
([(105, 194), (46, 202), (44, 207)], (141, 204, 200, 131))
([(19, 69), (94, 79), (98, 76), (100, 75), (46, 215), (44, 207)], (242, 54, 162, 224))
([(12, 190), (179, 184), (52, 68), (26, 59)], (60, 212, 163, 52))
([(1, 68), (94, 119), (129, 150), (104, 137), (19, 95)], (47, 55, 137, 220))
([(125, 59), (105, 222), (85, 232), (140, 167), (39, 45)], (159, 250, 214, 217))
([(146, 217), (41, 60), (71, 90), (164, 81), (155, 214), (43, 26)], (248, 223, 162, 128))
([(57, 135), (172, 77), (163, 88), (78, 196)], (28, 225, 101, 145))
([(58, 56), (16, 36), (5, 31), (2, 107), (3, 114), (7, 140)], (228, 232, 133, 244))
([(40, 181), (16, 140), (15, 146), (11, 169)], (137, 199, 176, 221))
([(80, 2), (138, 217), (105, 162), (69, 101), (39, 60)], (202, 167, 251, 174))
([(50, 82), (55, 90), (92, 152)], (90, 94, 47, 89))
([(23, 181), (68, 58), (153, 32)], (232, 50, 14, 210))
([(124, 85), (109, 94), (49, 129), (102, 137)], (147, 237, 31, 16))
([(54, 106), (68, 77), (83, 60)], (63, 157, 218, 193))
([(178, 149), (169, 6), (78, 18)], (227, 45, 26, 109))
([(102, 171), (78, 182), (58, 191), (94, 79)], (215, 206, 223, 128))
([(68, 79), (172, 31), (180, 59), (48, 174), (43, 178)], (164, 250, 245, 125))
([(152, 196), (77, 38), (10, 61), (96, 240)], (249, 241, 208, 184))
([(130, 15), (117, 155), (129, 108), (143, 240), (61, 38), (51, 177), (46, 1)], (214, 76, 25, 244))
([(17, 82), (114, 77), (128, 76), (128, 76), (128, 76), (134, 62)], (152, 161, 7, 192))
([(148, 161), (67, 144), (3, 130)], (40, 44, 15, 19))
([(33, 126), (89, 36), (153, 132)], (240, 172, 210, 32))
([(145, 185), (51, 1), (26, 180), (127, 140), (144, 133)], (190, 81, 117, 230))
([(176, 13), (174, 16), (95, 146), (160, 127)], (243, 158, 113, 231))
([(31, 183), (48, 213), (57, 229)], (69, 250, 213, 234))
([(2, 197), (20, 21), (21, 21), (69, 36)], (208, 253, 223, 244))
([(94, 16), (17, 90), (2, 68)], (158, 211, 212, 78))
([(21, 59), (18, 81), (17, 88), (7, 162)], (235, 211, 150, 229))
([(44, 102), (68, 100), (34, 49), (72, 40), (89, 36), (104, 100), (90, 68)], (226, 3, 71, 54))
([(130, 42), (14, 76), (120, 221), (74, 76)], (3, 84, 24, 202))
([(136, 71), (150, 161), (43, 215)], (217, 136, 145, 201))
([(62, 179), (60, 109), (18, 186)], (33, 182, 149, 152))
([(117, 42), (20, 188), (149, 167)], (1, 37, 142, 104))
([(121, 35), (156, 126), (147, 145), (110, 222), (108, 226)], (154, 153, 148, 217))
([(144, 3), (140, 72), (136, 140), (133, 136), (79, 58), (77, 55)], (228, 41, 26, 154))
([(47, 5), (119, 57), (52, 88)], (207, 23, 87, 201))
([(133, 49), (47, 47), (154, 57)], (249, 228, 62, 191))
([(131, 72), (131, 72), (149, 2)], (170, 170, 84, 155))
([(43, 87), (77, 71), (24, 199)], (138, 240, 174, 41))
([(176, 26), (114, 61), (171, 164)], (119, 94, 45, 66))
([(169, 173), (69, 230), (177, 240)], (161, 243, 90, 10))
([(71, 131), (76, 137), (82, 145), (3, 18)], (73, 225, 222, 24))
([(140, 111), (138, 226), (151, 19), (61, 54)], (218, 150, 39, 0))
([(49, 137), (73, 66), (44, 94)], (158, 174, 20, 200))
([(52, 144), (114, 92), (63, 200)], (154, 170, 143, 247))
([(173, 142), (148, 152), (143, 154), (93, 173), (6, 236), (164, 235)], (134, 223, 166, 184))
([(167, 84), (56, 89), (32, 86), (31, 87), (42, 53)], (164, 141, 167, 8))
([(171, 132), (173, 170), (101, 43)], (250, 118, 22, 203))
([(84, 175), (141, 54), (153, 28), (157, 20), (92, 184), (91, 187)], (46, 167, 22, 205))
([(59, 226), (47, 118), (131, 182)], (195, 195, 174, 205))
([(9, 161), (39, 170), (98, 187), (85, 146)], (119, 177, 251, 109))
([(138, 219), (108, 219), (62, 218), (168, 169)], (243, 255, 196, 252))
([(114, 117), (84, 196), (4, 69)], (26, 101, 15, 43))
([(77, 187), (174, 178), (173, 176), (76, 31)], (86, 0, 10, 255))
([(146, 234), (32, 238), (133, 128)], (240, 218, 147, 195))
([(139, 179), (177, 141), (144, 68)], (176, 107, 75, 19))
([(174, 43), (180, 129), (155, 10), (142, 177), (159, 73)], (201, 58, 56, 219))
([(10, 66), (35, 214), (38, 160), (163, 62), (176, 69), (151, 106), (127, 142)], (237, 176, 232, 164))
([(140, 147), (179, 179), (57, 187), (43, 188), (19, 189)], (129, 75, 245, 93))
([(12, 93), (81, 65), (97, 59), (166, 165), (59, 214)], (218, 250, 244, 211))
([(40, 172), (18, 159), (4, 151), (4, 151), (4, 151), (82, 70)], (229, 152, 242, 73))
([(26, 8), (97, 175), (166, 105), (177, 67), (179, 52), (180, 44)], (177, 96, 17, 164))
([(135, 62), (41, 171), (178, 171)], (252, 32, 148, 127))
([(114, 137), (71, 84), (33, 108)], (175, 33, 218, 130))
([(162, 44), (140, 0), (117, 155), (101, 13)], (222, 150, 144, 33))
([(84, 95), (152, 35), (77, 104)], (192, 126, 4, 97))
([(43, 233), (72, 239), (72, 239), (35, 87)], (226, 234, 181, 142))
([(86, 179), (72, 171), (152, 178), (90, 185)], (213, 12, 53, 104))
([(44, 122), (13, 140), (100, 85), (26, 3)], (254, 167, 223, 146))
([(37, 187), (50, 61), (125, 177)], (151, 165, 132, 239))
([(45, 91), (44, 123), (42, 187), (40, 184)], (171, 2, 208, 121))
([(164, 213), (109, 188), (2, 19)], (244, 183, 203, 152))
([(177, 98), (11, 6), (67, 4), (161, 1)], (250, 57, 52, 172))
([(168, 191), (81, 141), (27, 203)], (192, 216, 242, 187))
([(8, 178), (111, 225), (125, 190), (9, 222), (7, 222)], (193, 218, 188, 70))
([(33, 100), (55, 146), (61, 158), (61, 158), (59, 44), (56, 39), (37, 4)], (19, 34, 11, 98))
([(46, 176), (50, 164), (80, 71), (74, 183)], (133, 189, 111, 43))
([(149, 153), (75, 160), (61, 161), (163, 106)], (214, 63, 146, 220))
([(9, 233), (147, 2), (99, 2)], (199, 112, 37, 121))
([(103, 138), (44, 42), (38, 32), (97, 111)], (238, 41, 74, 136))
([(157, 191), (152, 132), (151, 132), (35, 148)], (184, 70, 100, 210))
([(178, 205), (178, 110), (172, 106), (104, 63)], (189, 63, 60, 36))
([(110, 3), (25, 74), (141, 84)], (141, 59, 17, 61))
([(55, 171), (156, 75), (140, 145), (36, 109)], (180, 104, 60, 79))
([(134, 130), (71, 202), (49, 227), (46, 230)], (205, 252, 246, 42))
([(135, 181), (132, 33), (170, 45), (172, 46), (173, 46)], (191, 130, 214, 11))
([(119, 183), (120, 79), (86, 5), (55, 142)], (203, 99, 30, 244))
([(47, 207), (172, 40), (172, 40), (2, 158)], (231, 191, 125, 19))
([(25, 175), (42, 130), (48, 133), (122, 172), (131, 177)], (168, 36, 116, 105))
([(36, 61), (175, 80), (165, 210), (148, 100), (141, 55), (136, 23)], (234, 20, 44, 67))
([(162, 187), (71, 156), (144, 69)], (222, 131, 38, 75))
([(157, 21), (33, 69), (64, 138)], (186, 10, 19, 120))
([(27, 167), (8, 176), (40, 225)], (45, 115, 220, 29))
([(113, 115), (42, 136), (68, 21), (178, 10)], (254, 36, 161, 98))
