([(178, 226), (55, 46), (164, 107)], (28, 78, 43, 215))
([(155, 147), (6, 43), (25, 162)], (164, 248, 93, 197))
([(106, 183), (47, 32), (158, 26)], (63, 108, 112, 87))
([(32, 239), (1, 58), (20, 53), (37, 49)], (212, 227, 161, 154))
([(33, 126), (89, 36), (153, 132)], (240, 172, 210, 32))
([(96, 11), (89, 13), (155, 106), (64, 230)], (106, 167, 81, 153))
([(86, 181), (78, 173), (140, 162)], (59, 95, 99, 100))
([(101, 201), (120, 106), (33, 237)], (10, 214, 68, 21))
([(117, 233), (82, 67), (0, 159)], (236, 53, 243, 109))
([(99, 59), (176, 144), (12, 86), (77, 3), (31, 117), (117, 205)], (121, 213, 93, 96))
([(121, 162), (138, 240), (133, 226), (101, 138)], (195, 113, 197, 153))
([(133, 129), (86, 236), (66, 214)], (90, 125, 39, 227))
([(137, 196), (153, 161), (31, 16)], (116, 57, 237, 156))
([(78, 150), (87, 129), (98, 108)], (168, 7, 109, 18))
([(93, 239), (142, 56), (51, 29), (16, 174)], (190, 113, 61, 180))
([(121, 44), (9, 128), (133, 115)], (80, 215, 238, 161))
([(107, 239), (46, 171), (16, 75), (4, 36)], (192, 15, 181, 237))
([(11, 200), (179, 103), (173, 76)], (246, 146, 192, 147))
([(177, 107), (102, 103), (151, 20)], (157, 71, 100, 0))
([(26, 16), (15, 118), (3, 229), (2, 86)], (30, 7, 201, 183))
([(133, 49), (47, 47), (154, 57)], (249, 228, 62, 153))
([(180, 208), (121, 198), (160, 20)], (239, 63, 245, 202))
([(146, 71), (164, 73), (47, 183)], (168, 46, 54, 139))
([(79, 228), (160, 27), (121, 225), (32, 212)], (42, 238, 223, 60))
([(143, 8), (54, 35), (40, 39), (13, 151)], (57, 3, 77, 202))
([(97, 238), (177, 105), (46, 90)], (142, 105, 110, 159))
([(16, 233), (83, 116), (97, 77)], (245, 6, 94, 2))
([(5, 46), (5, 46), (6, 46), (9, 47), (142, 69), (46, 238), (103, 100), (78, 181), (124, 100), (129, 91)], (57, 84, 221, 177))
([(43, 194), (120, 169), (169, 195), (128, 209)], (148, 58, 161, 9))
([(5, 142), (5, 142), (69, 115)], (142, 134, 101, 146))
([(0, 210), (3, 161), (3, 161), (4, 161), (163, 213)], (116, 145, 63, 151))
([(105, 194), (46, 202), (44, 207)], (141, 204, 200, 131))
([(150, 239), (114, 200), (101, 82)], (116, 179, 46, 236))
([(90, 206), (34, 129), (51, 135)], (154, 116, 139, 219))
([(101, 54), (96, 86), (80, 188), (77, 167)], (13, 134, 220, 215))
([(116, 184), (100, 149), (92, 131), (88, 131), (135, 160)], (74, 13, 13, 103))
([(147, 127), (147, 127), (153, 138), (168, 166), (56, 224), (147, 120)], (6, 167, 143, 79))
([(88, 118), (145, 182), (121, 21)], (157, 97, 119, 83))
([(172, 94), (71, 177), (56, 64)], (84, 111, 225, 37))
([(19, 137), (171, 105), (125, 5)], (104, 132, 41, 231))
([(12, 235), (149, 75), (70, 225), (63, 50), (17, 1)], (82, 243, 151, 146))
([(179, 117), (10, 66), (78, 186)], (101, 206, 229, 200))
([(1, 29), (136, 5), (54, 112), (113, 188), (60, 227)], (65, 236, 182, 154))
([(32, 14), (28, 20), (64, 226)], (156, 248, 173, 113))
([(121, 35), (156, 126), (147, 145), (110, 222), (108, 226)], (154, 153, 148, 217))
([(88, 131), (108, 236), (33, 63), (2, 58)], (123, 220, 13, 2))
([(114, 28), (176, 198), (30, 139), (134, 74), (101, 96)], (213, 85, 253, 246))
([(5, 128), (101, 9), (21, 142), (23, 71), (23, 71)], (146, 118, 143, 226))
([(42, 47), (168, 0), (130, 72), (90, 148), (105, 144), (55, 120), (8, 97), (128, 37), (88, 86), (69, 124)], (201, 146, 90, 249))
([(59, 138), (156, 45), (166, 35), (59, 132)], (2, 68, 148, 178))
([(90, 173), (117, 239), (36, 196)], (32, 152, 52, 216))
([(4, 201), (120, 66), (129, 159), (133, 51), (72, 221)], (39, 215, 193, 177))
([(33, 185), (88, 0), (90, 0), (144, 2)], (126, 109, 108, 158))
([(180, 151), (127, 1), (86, 234)], (183, 85, 177, 29))
([(172, 231), (152, 45), (41, 22), (23, 18)], (117, 64, 173, 161))
([(173, 1), (144, 195), (74, 21), (93, 19), (139, 14)], (62, 46, 8, 70))
([(180, 139), (14, 8), (98, 174)], (128, 170, 114, 204))
([(180, 70), (151, 197), (138, 203), (104, 219)], (156, 115, 140, 198))
([(23, 181), (68, 58), (153, 32)], (232, 50, 14, 210))
([(138, 136), (127, 172), (87, 179), (109, 225)], (2, 90, 167, 252))
([(82, 227), (77, 143), (54, 165), (76, 240)], (157, 101, 221, 161))
([(172, 224), (111, 231), (1, 149)], (210, 225, 38, 242))
([(137, 100), (134, 102), (43, 7)], (50, 100, 163, 108))
([(3, 235), (41, 110), (6, 33)], (196, 90, 118, 128))
([(80, 114), (86, 126), (89, 132), (145, 64)], (210, 158, 100, 240))
([(17, 238), (68, 187), (142, 87), (49, 49)], (90, 178, 186, 125))
([(16, 207), (22, 143), (69, 37)], (131, 127, 18, 1))
([(8, 112), (157, 164), (73, 69), (65, 136), (60, 178), (83, 64)], (121, 41, 161, 232))
([(34, 87), (29, 131), (12, 226)], (47, 127, 114, 190))
([(110, 187), (174, 186), (106, 119)], (185, 225, 88, 52))
([(92, 137), (148, 84), (80, 155)], (81, 254, 130, 91))
([(82, 12), (130, 130), (38, 94)], (181, 47, 223, 134))
([(157, 141), (179, 224), (6, 61)], (28, 165, 101, 132))
([(86, 193), (73, 3), (159, 46)], (139, 205, 141, 158))
([(28, 20), (36, 35), (28, 20), (160, 240), (177, 172), (108, 6)], (230, 49, 169, 112))
([(50, 44), (101, 62), (49, 99)], (165, 70, 245, 245))
([(165, 232), (21, 225), (35, 98), (36, 89)], (108, 97, 204, 204))
([(178, 48), (114, 105), (6, 99)], (145, 151, 74, 156))
([(59, 129), (131, 229), (121, 211)], (198, 254, 78, 44))
([(42, 203), (178, 87), (167, 93), (159, 58), (155, 41), (150, 41), (158, 122), (169, 233)], (140, 66, 238, 79))
([(123, 122), (125, 64), (70, 46), (37, 36), (34, 35)], (146, 100, 165, 73))
([(48, 79), (97, 119), (112, 209)], (199, 98, 168, 122))
([(44, 109), (13, 137), (4, 145), (21, 28)], (225, 38, 227, 144))
([(96, 184), (99, 174), (113, 128), (115, 177)], (16, 192, 84, 16))
([(141, 77), (149, 33), (179, 194), (76, 156)], (206, 225, 177, 234))
([(111, 9), (108, 112), (32, 101), (7, 35)], (129, 32, 35, 232))
([(104, 204), (152, 30), (127, 233)], (22, 145, 7, 49))
([(153, 109), (168, 218), (168, 218), (170, 233), (44, 220)], (185, 154, 180, 185))
([(57, 170), (27, 111), (96, 11), (38, 189)], (134, 51, 83, 201))
([(111, 206), (79, 238), (78, 239), (78, 239), (24, 75)], (30, 244, 81, 170))
([(119, 182), (145, 101), (149, 96), (176, 59), (5, 9)], (132, 64, 222, 218))
([(29, 172), (8, 41), (114, 42)], (168, 103, 136, 13))
([(138, 185), (105, 113), (178, 1)], (4, 218, 25, 74))
([(105, 200), (111, 29), (112, 0), (89, 153)], (252, 149, 43, 254))
([(67, 41), (67, 87), (67, 87), (156, 34), (180, 207)], (30, 159, 233, 53))
([(13, 74), (8, 102), (4, 125), (4, 125), (114, 31)], (213, 5, 235, 234))
([(28, 229), (46, 216), (46, 77), (48, 44), (9, 227)], (23, 61, 70, 104))
([(175, 227), (176, 28), (49, 230)], (250, 224, 203, 219))
([(65, 161), (99, 33), (16, 87)], (78, 77, 164, 115))
([(163, 103), (160, 103), (156, 103), (144, 103)], (224, 105, 157, 46))
([(180, 106), (56, 89), (32, 86), (14, 96)], (164, 141, 167, 8))
([(54, 134), (110, 43), (117, 117), (121, 159)], (11, 53, 186, 61))
([(135, 202), (152, 51), (142, 52)], (28, 182, 193, 226))
([(38, 65), (109, 60), (114, 75), (27, 46), (9, 40), (121, 96)], (173, 149, 9, 140))
([(3, 178), (1, 162), (34, 143), (33, 142), (27, 133)], (51, 236, 160, 80))
([(92, 31), (52, 21), (42, 19), (110, 1)], (190, 170, 33, 145))
([(152, 16), (18, 209), (32, 227), (38, 234)], (17, 89, 100, 234))
([(40, 238), (162, 125), (111, 191), (119, 195)], (18, 252, 221, 148))
([(30, 85), (5, 141), (152, 162)], (157, 221, 133, 130))
([(66, 111), (44, 128), (23, 144)], (219, 45, 71, 153))
([(11, 237), (156, 2), (98, 58), (96, 60), (25, 128)], (51, 195, 252, 106))
([(58, 3), (97, 94), (102, 106), (44, 137), (35, 169), (25, 205)], (115, 128, 19, 159))
([(71, 194), (102, 185), (18, 110)], (62, 234, 144, 83))
([(104, 13), (6, 19), (33, 190), (31, 26)], (82, 129, 192, 255))
([(140, 161), (81, 12), (177, 230)], (235, 242, 74, 59))
([(8, 94), (124, 76), (147, 5)], (160, 196, 137, 21))
([(116, 54), (30, 191), (31, 189)], (145, 143, 222, 135))
([(84, 140), (92, 53), (75, 211)], (28, 207, 32, 87))
([(125, 145), (116, 92), (110, 92), (84, 94), (70, 95), (59, 96)], (201, 215, 143, 166))
([(166, 72), (144, 172), (109, 144), (30, 82)], (138, 67, 163, 8))
([(159, 195), (158, 197), (2, 159)], (57, 254, 179, 64))
([(20, 6), (78, 121), (56, 208), (13, 92), (99, 34)], (76, 244, 173, 218))
([(177, 183), (174, 22), (47, 139), (103, 239)], (82, 148, 74, 171))
([(43, 92), (20, 238), (147, 117)], (51, 1, 121, 58))
([(39, 81), (20, 219), (62, 149), (73, 131)], (19, 116, 233, 145))
([(1, 68), (94, 119), (137, 143), (129, 150), (104, 137), (19, 95)], (47, 55, 137, 220))
([(67, 0), (35, 60), (8, 111), (1, 124), (159, 71)], (216, 218, 101, 59))
([(169, 129), (125, 175), (122, 178)], (126, 246, 165, 78))
([(116, 85), (53, 109), (179, 208)], (192, 246, 241, 235))
([(33, 174), (122, 106), (109, 164)], (98, 181, 116, 57))
([(148, 184), (64, 166), (54, 148)], (7, 3, 114, 236))
([(31, 176), (1, 127), (44, 94), (85, 62)], (193, 195, 26, 202))
([(162, 44), (140, 0), (110, 202)], (222, 150, 144, 33))
([(19, 69), (46, 97), (30, 64), (4, 11), (90, 8)], (227, 85, 250, 159))
([(131, 72), (149, 2), (67, 169)], (170, 170, 84, 23))
([(2, 61), (62, 183), (17, 18), (43, 78)], (195, 103, 175, 137))
([(104, 173), (1, 155), (31, 89), (174, 62)], (137, 200, 82, 251))
([(178, 149), (169, 6), (78, 18)], (227, 45, 115, 104))
([(162, 1), (85, 13), (3, 26), (44, 131)], (233, 152, 55, 240))
([(33, 208), (6, 210), (42, 112)], (39, 124, 252, 132))
([(23, 101), (149, 69), (35, 134)], (174, 230, 222, 10))
([(93, 99), (97, 84), (105, 53), (107, 45), (42, 169), (84, 79)], (137, 98, 152, 156))
([(77, 84), (27, 20), (109, 186)], (226, 170, 114, 206))
([(97, 214), (101, 58), (93, 200)], (171, 228, 87, 107))
([(78, 65), (75, 24), (114, 13)], (244, 162, 33, 153))
([(45, 117), (53, 214), (161, 185)], (104, 124, 203, 192))
([(2, 42), (113, 40), (179, 109), (175, 39), (78, 82)], (218, 66, 57, 59))
([(164, 108), (117, 230), (113, 240), (136, 234)], (228, 10, 210, 239))
([(71, 180), (77, 136), (81, 106), (89, 47)], (124, 220, 190, 29))
([(102, 181), (139, 36), (3, 85)], (166, 231, 234, 254))
([(7, 46), (11, 45), (91, 32), (155, 21), (172, 219)], (202, 115, 206, 202))
([(172, 147), (105, 37), (75, 69), (47, 99), (56, 99)], (93, 22, 73, 70))
([(163, 102), (146, 50), (131, 4)], (213, 75, 120, 178))
([(19, 69), (94, 79), (100, 75), (174, 24), (44, 207)], (242, 54, 162, 224))
([(12, 190), (179, 184), (52, 68), (26, 59)], (60, 212, 163, 52))
([(125, 59), (110, 124), (85, 232), (140, 167), (39, 45)], (159, 95, 214, 217))
([(146, 217), (41, 60), (71, 90), (164, 81), (155, 214), (43, 26)], (248, 223, 162, 128))
([(57, 135), (99, 97), (114, 93), (172, 77), (163, 88), (78, 196)], (28, 225, 101, 145))
([(58, 56), (5, 31), (2, 107), (3, 114), (7, 140)], (228, 232, 133, 244))
([(40, 181), (16, 140), (15, 146), (11, 169)], (137, 199, 176, 221))
([(82, 68), (138, 217), (69, 101), (68, 97), (114, 127)], (202, 167, 180, 0))
([(102, 171), (58, 191), (94, 79)], (215, 206, 223, 128))
([(68, 79), (68, 79), (180, 59), (43, 178)], (133, 250, 245, 125))
([(152, 196), (77, 38), (10, 61), (96, 240)], (249, 116, 208, 184))
([(130, 15), (127, 47), (117, 155), (129, 108), (143, 240), (61, 38), (52, 16), (46, 1)], (214, 76, 25, 37))
([(93, 77), (128, 76), (134, 62)], (152, 161, 7, 192))
([(147, 79), (145, 93), (143, 106)], (22, 209, 70, 181))
([(161, 164), (3, 130), (3, 130)], (40, 44, 15, 19))
([(72, 100), (98, 95), (164, 132), (172, 137), (130, 79)], (98, 124, 70, 221))
([(177, 98), (11, 6), (67, 4), (161, 1)], (250, 57, 52, 172))
([(145, 185), (51, 1), (26, 180), (127, 140), (144, 133)], (190, 81, 117, 230))
([(86, 209), (31, 183), (57, 229)], (69, 250, 213, 234))
([(2, 197), (20, 21), (69, 36)], (208, 253, 223, 244))
([(94, 16), (17, 90), (2, 68)], (158, 211, 212, 127))
([(117, 42), (94, 106), (149, 167)], (1, 37, 142, 1))
([(84, 152), (21, 59), (17, 88), (7, 162)], (235, 211, 150, 229))
([(18, 104), (68, 100), (47, 68), (34, 49), (89, 36), (104, 100), (90, 68), (83, 117)], (226, 3, 83, 54))
([(81, 34), (30, 218), (90, 115)], (143, 78, 8, 0))
([(130, 42), (14, 76), (120, 221), (74, 76)], (3, 84, 24, 202))
([(171, 0), (134, 104), (134, 104), (134, 104), (116, 46)], (90, 169, 199, 57))
([(171, 217), (61, 77), (68, 77), (173, 181), (83, 60)], (63, 157, 218, 193))
([(151, 197), (60, 109), (18, 186)], (33, 182, 81, 152))
([(144, 3), (136, 140), (133, 136), (79, 58), (77, 55)], (228, 41, 26, 154))
([(47, 5), (119, 57), (52, 88)], (207, 23, 87, 201))
([(43, 87), (77, 71), (51, 134), (24, 199)], (138, 240, 174, 41))
([(169, 173), (149, 173), (69, 230), (154, 238), (177, 240)], (161, 243, 90, 10))
([(72, 186), (176, 13), (174, 16), (95, 146), (160, 127)], (243, 158, 113, 231))
([(71, 131), (77, 121), (82, 145), (92, 194)], (73, 225, 222, 24))
([(140, 111), (138, 226), (147, 52), (61, 54)], (218, 150, 224, 0))
([(49, 137), (73, 66), (44, 94)], (158, 174, 20, 146))
([(76, 183), (121, 75), (63, 200)], (154, 170, 143, 247))
([(173, 142), (148, 152), (143, 154), (93, 173), (6, 236), (164, 235)], (134, 223, 166, 184))
([(61, 85), (173, 134), (180, 13)], (169, 169, 100, 222))
([(171, 132), (173, 170), (174, 189), (101, 43)], (250, 118, 22, 182))
([(84, 175), (141, 54), (153, 28), (157, 20), (142, 58), (92, 184), (91, 187)], (46, 167, 22, 205))
([(176, 26), (114, 61), (171, 164)], (119, 94, 45, 66))
([(59, 226), (47, 118), (131, 182)], (195, 175, 174, 205))
([(8, 161), (9, 161), (9, 161), (39, 170), (98, 187), (85, 146)], (119, 177, 251, 109))
([(138, 219), (108, 219), (62, 218), (168, 169)], (243, 255, 196, 252))
([(114, 117), (84, 196), (72, 177), (4, 69)], (26, 101, 15, 43))
([(77, 187), (174, 178), (120, 114), (76, 31)], (86, 0, 10, 255))
([(136, 71), (60, 90), (43, 215)], (205, 136, 145, 201))
([(146, 234), (32, 238), (23, 238), (133, 128)], (240, 218, 147, 195))
([(139, 179), (177, 141), (144, 68)], (176, 107, 75, 19))
([(174, 43), (180, 129), (155, 10), (142, 177), (159, 73)], (201, 58, 56, 219))
([(10, 66), (35, 214), (38, 160), (163, 62), (176, 69), (151, 106), (127, 142)], (237, 176, 232, 164))
([(58, 133), (57, 132), (48, 124), (20, 100), (15, 55), (9, 1)], (180, 209, 247, 201))
([(140, 147), (179, 179), (57, 187), (43, 188), (19, 189)], (129, 75, 245, 93))
([(135, 62), (41, 171), (178, 171)], (252, 32, 148, 127))
([(12, 93), (81, 65), (97, 59), (166, 165), (59, 214)], (218, 250, 244, 211))
([(58, 119), (47, 118), (112, 170), (173, 219)], (147, 185, 209, 27))
([(40, 172), (4, 151), (4, 151), (4, 151), (118, 229)], (229, 152, 242, 97))
([(26, 8), (97, 175), (166, 105), (177, 67), (179, 52), (180, 44)], (172, 96, 17, 239))
([(114, 137), (99, 119), (33, 108)], (175, 33, 218, 204))
([(85, 65), (65, 211), (135, 150), (59, 177), (176, 23), (167, 61)], (231, 186, 208, 6))
([(102, 71), (84, 95), (83, 96), (77, 104)], (192, 126, 4, 97))
([(112, 79), (180, 40), (66, 219)], (253, 71, 65, 213))
([(43, 233), (72, 239), (72, 239), (35, 87)], (226, 234, 181, 139))
([(86, 179), (72, 171), (76, 174), (90, 185)], (213, 12, 53, 104))
([(44, 122), (13, 140), (100, 85), (26, 3)], (254, 167, 223, 146))
([(37, 187), (50, 61), (125, 177)], (151, 165, 132, 239))
([(177, 231), (169, 186), (164, 158)], (94, 3, 12, 38))
([(87, 194), (80, 71), (74, 183)], (133, 189, 111, 43))
([(45, 91), (44, 123), (42, 187), (40, 184)], (171, 2, 208, 121))
([(164, 213), (109, 188), (2, 19)], (244, 183, 203, 152))
([(44, 190), (168, 191), (81, 141), (37, 115)], (192, 216, 242, 215))
([(8, 178), (111, 225), (122, 230), (9, 222), (7, 222)], (193, 218, 188, 70))
([(33, 100), (61, 158), (61, 158), (59, 44), (56, 39), (37, 4)], (19, 121, 11, 98))
([(149, 153), (75, 160), (61, 161), (163, 106)], (214, 63, 146, 220))
([(9, 233), (147, 2), (99, 2)], (199, 112, 37, 121))
([(127, 142), (68, 115), (66, 102)], (152, 138, 164, 1))
([(103, 138), (44, 42), (38, 32), (97, 111)], (238, 41, 74, 136))
([(178, 205), (178, 110), (172, 106), (104, 63)], (189, 63, 60, 36))
([(110, 3), (56, 21), (25, 74), (141, 84)], (141, 59, 17, 61))
([(55, 171), (104, 81), (156, 75), (148, 110), (140, 145), (36, 109)], (180, 104, 60, 79))
([(134, 130), (71, 202), (46, 230), (127, 62)], (205, 252, 246, 42))
([(135, 181), (132, 33), (173, 46)], (191, 130, 214, 11))
([(119, 183), (120, 79), (77, 7), (86, 5), (55, 142)], (203, 99, 30, 244))
([(47, 207), (172, 40), (172, 40), (2, 158)], (231, 191, 125, 19))
([(25, 175), (42, 130), (48, 133), (131, 177)], (168, 36, 136, 105))
([(157, 191), (152, 132), (151, 132), (35, 148)], (184, 70, 100, 210))
([(59, 77), (50, 82), (55, 90), (92, 152)], (90, 94, 47, 81))
([(36, 61), (175, 80), (165, 210), (148, 100), (141, 55), (136, 23)], (234, 20, 44, 67))
([(124, 85), (49, 129), (102, 137)], (147, 40, 31, 16))
([(19, 200), (162, 187), (144, 69)], (222, 131, 38, 164))
([(157, 21), (33, 69), (64, 138)], (186, 10, 26, 120))
([(11, 175), (75, 208), (4, 125)], (60, 242, 174, 4))
([(27, 167), (8, 176), (40, 225)], (45, 115, 220, 29))
([(113, 115), (42, 136), (68, 21), (178, 10)], (254, 36, 161, 98))
([(141, 52), (124, 161), (98, 138)], (222, 13, 92, 192))
