([(107, 239), (46, 171), (68, 175), (4, 36)], (192, 110, 181, 237))
([(92, 53), (76, 202), (75, 211)], (28, 207, 32, 87))
([(172, 231), (179, 9), (23, 18)], (117, 64, 173, 161))
([(6, 43), (11, 74), (25, 162)], (164, 248, 93, 197))
([(130, 23), (32, 101), (73, 165)], (129, 32, 159, 78))
([(137, 100), (134, 102), (43, 7)], (50, 134, 163, 108))
([(32, 239), (1, 58), (37, 49)], (212, 227, 161, 154))
([(86, 181), (153, 186), (98, 90)], (59, 95, 99, 106))
([(77, 7), (105, 113), (178, 1)], (42, 79, 176, 74))
([(180, 139), (14, 8), (60, 99), (98, 174)], (128, 170, 114, 207))
([(117, 233), (94, 124), (82, 67), (0, 159)], (236, 53, 243, 109))
([(176, 144), (77, 3), (39, 46), (117, 205)], (126, 213, 93, 200))
([(24, 132), (125, 147), (109, 160), (87, 179)], (2, 169, 167, 227))
([(180, 70), (166, 131), (151, 197), (104, 219)], (156, 115, 140, 231))
([(51, 63), (12, 51), (18, 90)], (156, 235, 134, 138))
([(133, 129), (86, 236), (73, 222)], (90, 125, 134, 227))
([(116, 54), (139, 225), (51, 196), (31, 189)], (145, 77, 222, 248))
([(129, 186), (134, 180), (86, 128)], (37, 111, 7, 21))
([(93, 239), (103, 202), (142, 56), (97, 43), (51, 29), (16, 174)], (190, 185, 191, 182))
([(8, 39), (30, 16), (168, 98), (130, 16), (125, 5)], (104, 132, 41, 231))
([(130, 220), (130, 220), (131, 229), (106, 167)], (198, 254, 78, 212))
([(84, 95), (152, 35), (77, 104)], (192, 126, 4, 97))
([(147, 33), (179, 224), (6, 61)], (28, 165, 101, 132))
([(121, 44), (54, 225), (133, 115)], (80, 116, 62, 217))
([(88, 131), (108, 236), (33, 63)], (123, 220, 13, 222))
([(9, 233), (147, 2), (99, 2)], (199, 112, 37, 121))
([(16, 233), (1, 144), (0, 198), (97, 77)], (245, 6, 94, 2))
([(11, 200), (179, 103), (173, 76)], (246, 146, 192, 222))
([(167, 30), (114, 105), (77, 125)], (145, 151, 74, 54))
([(26, 16), (3, 229), (3, 229), (2, 86)], (30, 106, 201, 183))
([(180, 208), (121, 198), (121, 198), (132, 148), (139, 116), (160, 20)], (239, 63, 245, 202))
([(101, 201), (130, 221), (147, 194)], (10, 214, 179, 21))
([(178, 226), (55, 46), (150, 99), (164, 107)], (122, 131, 43, 215))
([(104, 13), (6, 19), (15, 76), (26, 73), (62, 63)], (82, 129, 192, 255))
([(5, 142), (5, 142), (29, 129)], (142, 134, 101, 146))
([(150, 239), (138, 226), (59, 165), (58, 214), (109, 155), (101, 82)], (116, 179, 46, 245))
([(106, 5), (160, 103), (140, 128), (148, 103)], (224, 105, 85, 251))
([(136, 95), (112, 0), (89, 153)], (252, 149, 43, 254))
([(84, 175), (96, 150), (141, 54), (153, 28), (92, 184)], (243, 161, 22, 205))
([(176, 198), (30, 139), (138, 42)], (213, 85, 253, 246))
([(6, 239), (177, 105), (46, 90)], (142, 229, 110, 159))
([(40, 132), (96, 86), (80, 154), (77, 167)], (30, 134, 220, 215))
([(51, 190), (53, 214), (161, 185)], (104, 124, 203, 192))
([(31, 183), (48, 213), (57, 229)], (141, 250, 213, 234))
([(12, 235), (129, 113), (23, 133), (1, 46), (17, 1)], (82, 243, 190, 146))
([(3, 235), (107, 172), (41, 110), (6, 33)], (196, 152, 118, 128))
([(179, 117), (174, 115), (10, 66), (78, 186)], (101, 206, 229, 200))
([(106, 183), (114, 169), (137, 129), (170, 199), (125, 47)], (44, 108, 112, 87))
([(4, 222), (17, 184), (20, 175), (76, 11), (109, 181)], (78, 8, 166, 96))
([(119, 182), (145, 101), (145, 101), (121, 185), (131, 161), (113, 226), (5, 9)], (132, 64, 243, 218))
([(81, 34), (30, 218), (14, 215)], (236, 78, 22, 0))
([(5, 46), (6, 46), (9, 47), (142, 69), (46, 238), (103, 100), (78, 181), (129, 91)], (57, 84, 221, 240))
([(145, 185), (51, 1), (26, 180), (87, 94)], (190, 81, 117, 230))
([(90, 173), (90, 173), (117, 239), (36, 196)], (28, 152, 52, 216))
([(169, 173), (69, 230), (177, 240)], (161, 243, 90, 10))
([(162, 1), (3, 26), (17, 205)], (233, 221, 55, 240))
([(130, 15), (117, 155), (129, 108), (143, 240), (120, 183), (61, 38), (51, 177), (50, 142), (46, 1)], (214, 76, 25, 244))
([(79, 228), (160, 27), (50, 186), (48, 189), (32, 212)], (102, 255, 252, 60))
([(71, 194), (14, 68), (18, 110)], (130, 234, 22, 83))
([(144, 3), (136, 140), (133, 136), (79, 58), (77, 55)], (228, 41, 114, 154))
([(80, 2), (138, 217), (69, 101), (39, 60)], (202, 167, 122, 131))
([(88, 118), (102, 230), (29, 164)], (120, 57, 119, 83))
([(149, 223), (58, 52), (172, 240), (102, 137)], (4, 237, 31, 224))
([(1, 29), (136, 5), (54, 112), (113, 188), (15, 112)], (65, 236, 182, 169))
([(20, 6), (13, 92), (99, 34)], (76, 244, 173, 218))
([(168, 227), (8, 41), (114, 42)], (217, 164, 136, 13))
([(131, 129), (28, 20), (36, 87)], (156, 248, 173, 113))
([(136, 119), (159, 78), (115, 17)], (168, 46, 12, 120))
([(156, 115), (29, 127), (173, 21)], (131, 117, 18, 93))
([(0, 210), (0, 210), (3, 161), (3, 161), (8, 32)], (116, 145, 63, 151))
([(14, 72), (114, 21), (23, 71)], (146, 147, 143, 226))
([(54, 106), (91, 135), (83, 60)], (63, 111, 218, 193))
([(168, 191), (81, 141), (99, 224)], (192, 216, 242, 53))
([(152, 33), (138, 240), (110, 169), (101, 138)], (195, 113, 197, 153))
([(4, 201), (82, 110), (120, 66), (157, 187), (72, 221)], (39, 120, 240, 177))
([(105, 83), (77, 37), (88, 0), (90, 0), (144, 2)], (126, 109, 108, 238))
([(173, 1), (144, 195), (134, 15)], (62, 46, 171, 70))
([(143, 54), (146, 83), (161, 19), (158, 197), (160, 179), (2, 159)], (57, 254, 179, 64))
([(59, 138), (67, 138), (93, 139), (108, 88), (59, 132)], (2, 155, 148, 178))
([(172, 224), (50, 239), (1, 149)], (210, 225, 38, 242))
([(101, 102), (68, 115), (132, 109)], (152, 79, 117, 170))
([(23, 181), (60, 80), (68, 58)], (232, 50, 136, 210))
([(82, 227), (171, 238), (54, 165), (76, 240)], (157, 101, 221, 161))
([(104, 173), (1, 155), (31, 89), (52, 182), (53, 164)], (137, 200, 82, 251))
([(103, 102), (54, 43), (31, 16)], (116, 11, 237, 19))
([(143, 8), (54, 35), (29, 109), (135, 161)], (57, 3, 77, 114))
([(84, 59), (147, 145), (84, 45), (66, 16)], (154, 153, 148, 217))
([(149, 75), (47, 77), (6, 158)], (116, 41, 161, 16))
([(116, 203), (72, 122), (89, 47)], (124, 220, 238, 107))
([(96, 11), (84, 125), (1, 148)], (106, 167, 218, 153))
([(147, 79), (44, 162), (32, 106)], (64, 209, 202, 20))
([(11, 175), (75, 208), (6, 127), (4, 125)], (60, 242, 248, 85))
([(68, 3), (62, 1), (58, 0), (41, 45), (12, 226)], (47, 127, 233, 86))
([(110, 187), (121, 189), (109, 98)], (185, 213, 88, 52))
([(97, 214), (102, 193), (41, 121)], (34, 192, 87, 130))
([(9, 161), (39, 170), (145, 103)], (119, 177, 251, 51))
([(27, 82), (73, 3), (142, 38), (159, 46)], (253, 205, 141, 158))
([(180, 151), (62, 53), (161, 14)], (183, 85, 177, 206))
([(165, 232), (21, 225), (35, 98)], (199, 97, 204, 204))
([(152, 16), (18, 209), (32, 227), (177, 235), (32, 227), (38, 234)], (17, 89, 100, 234))
([(28, 20), (36, 35), (160, 240), (177, 172), (108, 6)], (230, 49, 187, 112))
([(178, 87), (150, 41), (22, 126), (158, 122), (169, 233)], (166, 66, 238, 79))
([(173, 154), (32, 146), (4, 145), (176, 238)], (225, 38, 227, 144))
([(28, 229), (39, 221), (46, 216), (46, 77), (48, 44), (9, 227)], (23, 61, 70, 104))
([(89, 79), (173, 134), (178, 48), (180, 13)], (169, 169, 48, 222))
([(16, 178), (103, 134), (157, 188)], (105, 65, 84, 9))
([(139, 179), (177, 141), (144, 68)], (176, 107, 4, 19))
([(40, 238), (111, 191), (119, 195)], (18, 252, 221, 148))
([(41, 39), (149, 33), (179, 194), (105, 167), (76, 156)], (206, 225, 177, 234))
([(65, 105), (66, 78), (84, 131), (85, 134)], (98, 100, 116, 10))
([(111, 206), (79, 238), (124, 103), (78, 239), (66, 69), (70, 126), (78, 239), (24, 75)], (40, 244, 81, 170))
([(50, 44), (51, 44), (51, 44), (128, 50), (87, 228)], (7, 237, 245, 245))
([(171, 0), (134, 104), (162, 24), (116, 46)], (90, 169, 24, 57))
([(153, 109), (170, 233), (44, 220)], (185, 154, 180, 232))
([(150, 172), (156, 34), (164, 92), (165, 99), (175, 171), (180, 207)], (48, 159, 233, 53))
([(8, 102), (63, 217), (85, 237), (114, 31)], (234, 48, 235, 234))
([(149, 174), (106, 154), (10, 81)], (153, 70, 183, 248))
([(175, 227), (176, 28), (50, 239)], (250, 224, 240, 219))
([(3, 13), (152, 51), (142, 52)], (28, 181, 193, 96))
([(58, 119), (47, 118), (78, 20)], (147, 185, 209, 30))
([(58, 133), (48, 124), (69, 16), (43, 9), (9, 1)], (180, 209, 251, 201))
([(67, 0), (1, 124), (159, 71)], (216, 218, 101, 151))
([(82, 12), (96, 46), (130, 130), (38, 94)], (181, 47, 223, 134))
([(123, 179), (125, 175), (102, 172)], (126, 190, 165, 78))
([(38, 65), (15, 193), (114, 75), (9, 40), (46, 59)], (39, 84, 9, 224))
([(3, 178), (1, 162), (34, 143), (27, 133)], (51, 236, 160, 96))
([(57, 170), (53, 157), (50, 147), (31, 84), (96, 11)], (147, 51, 255, 201))
([(58, 3), (97, 94), (135, 89), (25, 205)], (115, 128, 73, 159))
([(17, 238), (142, 87), (140, 86), (49, 49)], (90, 178, 186, 125))
([(30, 85), (5, 141), (141, 160)], (157, 221, 223, 130))
([(72, 100), (99, 111), (109, 115), (127, 112)], (145, 124, 70, 221))
([(66, 111), (73, 86), (76, 76), (76, 76), (111, 71)], (219, 45, 71, 153))
([(177, 231), (163, 236), (163, 236), (164, 158)], (94, 188, 12, 79))
([(42, 47), (168, 0), (130, 72), (105, 144), (8, 97), (128, 37)], (201, 146, 90, 249))
([(11, 237), (156, 2), (98, 58), (96, 60), (25, 128)], (51, 195, 252, 106))
([(148, 75), (138, 226), (141, 29), (35, 155)], (218, 150, 148, 0))
([(100, 149), (94, 148), (54, 138), (88, 131)], (74, 86, 13, 41))
([(8, 94), (45, 88), (124, 76)], (141, 208, 137, 46))
([(123, 122), (124, 93), (125, 64), (70, 46), (56, 42), (52, 41), (37, 36)], (11, 100, 184, 60))
([(162, 35), (144, 172), (155, 20)], (138, 67, 208, 8))
([(141, 52), (124, 161), (98, 138)], (241, 218, 92, 192))
([(177, 183), (174, 22), (99, 95), (47, 139), (103, 239)], (164, 54, 74, 171))
([(140, 161), (81, 12), (177, 230)], (235, 242, 46, 67))
([(20, 238), (38, 221), (147, 117)], (51, 1, 121, 58))
([(39, 81), (44, 96), (108, 88), (73, 131)], (19, 116, 233, 186))
([(116, 85), (64, 105), (53, 109), (179, 208)], (192, 246, 241, 235))
([(151, 170), (152, 165), (112, 158), (54, 148)], (126, 3, 131, 236))
([(31, 176), (1, 127), (23, 102), (85, 62)], (193, 195, 26, 202))
([(41, 183), (67, 111), (145, 64)], (38, 168, 199, 244))
([(19, 69), (45, 96), (45, 96), (46, 97), (30, 64), (4, 11), (90, 8)], (227, 85, 250, 159))
([(173, 142), (148, 152), (143, 154), (93, 173), (6, 236), (164, 235)], (134, 223, 166, 184))
([(2, 61), (62, 183), (17, 18)], (195, 103, 175, 137))
([(170, 104), (97, 119), (98, 125), (87, 30)], (199, 98, 168, 122))
([(33, 208), (22, 209), (6, 210), (32, 139), (42, 112)], (39, 124, 252, 132))
([(59, 226), (47, 118), (131, 182)], (195, 195, 174, 205))
([(126, 168), (66, 138), (23, 15)], (174, 230, 222, 22))
([(105, 53), (178, 135), (141, 181)], (235, 176, 152, 102))
([(77, 84), (27, 20), (20, 181)], (226, 170, 114, 206))
([(48, 1), (75, 24), (121, 220)], (244, 162, 33, 165))
([(105, 135), (52, 21), (42, 19), (97, 4), (110, 1)], (190, 136, 33, 145))
([(2, 42), (113, 40), (179, 109), (178, 91), (175, 39), (78, 82)], (218, 66, 57, 59))
([(18, 125), (113, 240), (114, 240), (136, 234)], (228, 152, 210, 239))
([(7, 46), (11, 45), (91, 32), (155, 21)], (202, 115, 237, 202))
([(78, 179), (43, 210), (131, 4)], (213, 252, 81, 178))
([(19, 69), (104, 37), (98, 76), (100, 75), (46, 215), (45, 211), (44, 207)], (242, 54, 162, 35))
([(105, 194), (46, 202), (11, 129)], (141, 204, 200, 207))
([(88, 136), (27, 234), (121, 159)], (10, 53, 217, 41))
([(111, 137), (37, 182), (56, 99)], (93, 153, 73, 72))
([(148, 84), (82, 153), (80, 155)], (101, 254, 130, 31))
([(54, 188), (179, 184), (171, 177), (52, 68)], (60, 212, 163, 249))
([(1, 68), (94, 119), (120, 142), (129, 150), (19, 95)], (47, 217, 137, 220))
([(99, 75), (56, 138), (85, 232), (140, 167), (39, 45)], (200, 250, 214, 217))
([(41, 60), (85, 68), (164, 81), (180, 4), (179, 4), (43, 26)], (248, 223, 162, 128))
([(135, 181), (170, 45), (172, 46), (173, 46)], (191, 130, 214, 11))
([(102, 181), (42, 167), (3, 85)], (166, 231, 234, 254))
([(158, 79), (172, 77), (78, 196)], (28, 225, 101, 145))
([(58, 56), (16, 36), (6, 31), (5, 31), (2, 107), (2, 107), (3, 114), (7, 140)], (228, 232, 219, 244))
([(40, 181), (16, 140), (11, 169)], (137, 199, 176, 221))
([(21, 59), (18, 81), (17, 88)], (235, 211, 150, 229))
([(178, 149), (169, 6), (78, 18)], (227, 45, 26, 111))
([(0, 158), (124, 127), (84, 94), (70, 95), (59, 96)], (201, 215, 186, 166))
([(62, 22), (59, 149), (58, 191), (94, 79)], (215, 206, 223, 128))
([(58, 178), (58, 178), (60, 109), (168, 131)], (33, 246, 149, 152))
([(140, 23), (160, 14), (56, 224), (121, 80)], (6, 167, 143, 79))
([(38, 47), (55, 90), (92, 152)], (134, 94, 118, 89))
([(134, 130), (49, 227), (46, 230)], (205, 252, 246, 42))
([(68, 79), (172, 31), (48, 174), (43, 178)], (164, 250, 135, 124))
([(180, 182), (10, 61), (28, 98), (75, 196), (96, 240)], (249, 241, 229, 184))
([(17, 82), (128, 76), (111, 77), (128, 76), (134, 62)], (152, 161, 7, 192))
([(148, 161), (111, 153), (3, 130)], (211, 44, 79, 19))
([(110, 62), (114, 92), (63, 200)], (154, 170, 143, 247))
([(33, 126), (89, 36), (153, 132)], (80, 172, 210, 212))
([(176, 13), (174, 16), (95, 146), (160, 127)], (243, 158, 113, 231))
([(3, 187), (20, 21), (21, 21), (69, 36)], (250, 253, 223, 244))
([(44, 102), (68, 100), (34, 49), (72, 40), (104, 100), (90, 68)], (226, 3, 71, 113))
([(73, 102), (17, 90), (2, 68)], (158, 121, 212, 78))
([(130, 42), (14, 76), (34, 103), (74, 76), (74, 76)], (11, 84, 24, 202))
([(54, 179), (150, 161), (43, 215)], (217, 136, 145, 201))
([(173, 132), (65, 211), (135, 150), (90, 166), (128, 63), (160, 61), (167, 61)], (231, 186, 208, 140))
([(47, 5), (119, 57), (52, 88)], (207, 23, 87, 201))
([(43, 87), (77, 71), (24, 199)], (138, 240, 174, 130))
([(176, 26), (114, 61), (151, 128), (171, 164)], (119, 94, 45, 66))
([(75, 136), (76, 137), (3, 18)], (73, 225, 222, 24))
([(49, 137), (73, 66), (44, 94)], (158, 174, 20, 200))
([(167, 84), (56, 89), (32, 86), (31, 87), (42, 53)], (238, 129, 167, 8))
([(171, 132), (173, 170), (101, 43)], (250, 118, 22, 203))
([(151, 117), (84, 196), (4, 69)], (26, 101, 15, 43))
([(77, 187), (174, 178), (174, 178), (174, 178), (173, 176), (76, 31)], (86, 0, 10, 255))
([(146, 234), (71, 237), (32, 238), (133, 128)], (240, 218, 147, 98))
([(138, 219), (108, 219), (62, 218), (168, 169)], (245, 255, 196, 252))
([(174, 43), (174, 43), (180, 129), (159, 29), (155, 10), (142, 177), (159, 73)], (201, 58, 56, 219))
([(82, 95), (47, 47), (154, 57)], (249, 228, 62, 191))
([(10, 66), (33, 202), (38, 160), (163, 62), (30, 4), (127, 142)], (237, 176, 232, 84))
([(140, 147), (179, 179), (57, 187), (90, 8)], (118, 75, 93, 93))
([(112, 79), (121, 74), (180, 40), (77, 197)], (253, 71, 65, 213))
([(12, 93), (123, 15), (160, 204), (97, 59), (166, 165), (59, 214)], (221, 250, 244, 211))
([(40, 172), (18, 159), (4, 151), (4, 151), (4, 151), (81, 138)], (229, 152, 242, 73))
([(26, 8), (97, 175), (166, 105), (175, 85), (179, 52), (180, 44)], (221, 96, 17, 164))
([(135, 62), (41, 171), (178, 171), (178, 171)], (252, 32, 148, 199))
([(114, 137), (71, 84), (33, 108)], (175, 33, 218, 130))
([(43, 233), (72, 239), (72, 239), (35, 87)], (226, 234, 181, 142))
([(127, 5), (72, 171), (152, 178), (90, 185)], (213, 12, 53, 104))
([(177, 107), (25, 148), (0, 72), (84, 130)], (254, 71, 100, 0))
([(44, 122), (13, 140), (100, 85), (26, 3)], (254, 167, 223, 146))
([(37, 187), (50, 61), (125, 177)], (151, 165, 132, 119))
([(45, 91), (42, 187), (42, 187), (40, 184)], (171, 2, 208, 121))
([(164, 213), (109, 188), (45, 87), (2, 19)], (244, 183, 245, 152))
([(117, 42), (20, 188), (149, 167)], (1, 37, 142, 104))
([(33, 100), (55, 146), (59, 44), (45, 19)], (19, 34, 11, 98))
([(50, 164), (80, 71), (74, 183)], (133, 189, 111, 43))
([(134, 85), (132, 49), (61, 161), (163, 106)], (214, 63, 146, 220))
([(170, 154), (170, 154), (162, 205), (169, 195)], (148, 226, 239, 68))
([(103, 138), (39, 34), (38, 32), (97, 111)], (238, 41, 74, 136))
([(54, 148), (131, 72), (149, 2)], (170, 170, 84, 162))
([(157, 191), (152, 132), (167, 33), (35, 148)], (184, 70, 100, 153))
([(178, 205), (178, 110), (172, 106), (104, 63)], (189, 63, 60, 115))
([(65, 11), (25, 74), (74, 78), (141, 84)], (141, 59, 8, 61))
([(55, 171), (89, 139), (156, 75), (140, 145), (36, 109)], (180, 104, 60, 79))
([(177, 98), (11, 6), (67, 4), (161, 1)], (250, 57, 52, 172))
([(119, 183), (120, 79), (86, 5), (55, 142)], (203, 99, 30, 244))
([(48, 69), (140, 0), (117, 155)], (222, 140, 144, 144))
([(88, 11), (51, 196), (98, 108)], (168, 7, 209, 20))
([(47, 207), (172, 40), (5, 68)], (231, 191, 125, 19))
([(25, 175), (52, 99), (48, 133), (102, 136), (127, 175), (131, 177)], (168, 36, 22, 105))
([(36, 61), (178, 85), (165, 210), (148, 100), (141, 55), (137, 29), (136, 23)], (234, 20, 44, 67))
([(162, 187), (71, 156), (144, 69)], (222, 131, 38, 75))
([(8, 178), (42, 157), (9, 222), (7, 222)], (193, 229, 188, 70))
([(157, 21), (33, 69), (64, 138)], (186, 10, 19, 120))
([(27, 167), (8, 176), (40, 225)], (6, 111, 220, 29))
([(113, 115), (53, 133), (42, 136), (68, 21), (178, 10)], (254, 36, 12, 98))
