([(85, 134), (56, 141), (25, 124)], (176, 191, 169, 154))
([(55, 87), (117, 158), (138, 182), (99, 1)], (229, 51, 255, 141))
([(87, 162), (86, 64), (100, 189)], (150, 200, 109, 200))
([(3, 235), (172, 180), (24, 183), (6, 33)], (196, 217, 184, 142))
([(122, 48), (101, 217), (4, 164)], (148, 200, 42, 25))
([(158, 146), (130, 195), (155, 186)], (5, 111, 120, 77))
([(157, 93), (162, 123), (178, 218), (178, 218), (179, 224), (107, 150)], (163, 165, 101, 191))
([(171, 0), (174, 9), (175, 12), (178, 22), (152, 192), (99, 11)], (90, 141, 77, 207))
([(31, 38), (8, 207), (7, 208), (4, 212)], (123, 248, 147, 251))
([(63, 238), (48, 164), (87, 2), (86, 236)], (191, 125, 134, 255))
([(150, 234), (103, 23), (70, 147), (48, 230), (78, 239)], (40, 255, 197, 211))
([(1, 53), (123, 171), (59, 157)], (141, 232, 226, 156))
([(124, 160), (68, 115), (33, 198)], (91, 251, 53, 26))
([(2, 230), (107, 119), (104, 123)], (229, 45, 145, 193))
([(120, 116), (83, 100), (113, 152)], (102, 180, 28, 243))
([(157, 42), (65, 3), (3, 121)], (177, 240, 84, 204))
([(108, 161), (180, 41), (9, 62)], (123, 220, 115, 117))
([(151, 202), (125, 31), (125, 31), (1, 84)], (204, 78, 14, 120))
([(135, 0), (90, 24), (76, 26), (26, 5)], (231, 43, 62, 176))
([(1, 208), (60, 223), (173, 150), (32, 96), (2, 157), (0, 159), (0, 159)], (187, 53, 243, 176))
([(0, 227), (30, 16), (70, 227)], (104, 194, 77, 231))
([(35, 225), (157, 30), (39, 121), (5, 147), (0, 172)], (153, 246, 249, 188))
([(173, 1), (138, 87), (180, 216)], (130, 226, 111, 239))
([(77, 61), (9, 167), (41, 207)], (51, 252, 32, 214))
([(0, 239), (8, 236), (174, 168), (179, 9), (26, 67)], (102, 158, 173, 161))
([(180, 70), (162, 181), (170, 203)], (228, 115, 140, 248))
([(180, 156), (174, 22), (160, 167), (131, 108), (173, 23), (25, 150), (51, 210)], (247, 54, 126, 171))
([(62, 22), (58, 191), (38, 166), (34, 161), (2, 122)], (211, 0, 43, 149))
([(40, 210), (4, 184), (5, 157)], (28, 112, 178, 255))
([(140, 68), (161, 212), (77, 125)], (145, 226, 192, 81))
([(17, 238), (91, 109), (23, 65)], (90, 216, 199, 78))
([(9, 233), (9, 233), (11, 132), (129, 192)], (50, 68, 237, 180))
([(14, 231), (51, 88), (11, 239), (17, 225), (3, 229), (3, 229), (2, 86), (2, 86)], (30, 106, 201, 225))
([(94, 93), (50, 112), (136, 129)], (80, 172, 231, 52))
([(104, 13), (6, 19), (4, 87), (20, 240)], (82, 63, 167, 255))
([(30, 1), (29, 20), (99, 103), (23, 133), (1, 46), (17, 1)], (153, 243, 238, 246))
([(101, 227), (0, 210), (161, 139), (0, 210), (3, 161), (142, 101)], (70, 145, 124, 167))
([(144, 156), (95, 131), (54, 111), (40, 222)], (56, 60, 102, 100))
([(180, 139), (126, 104), (116, 98), (58, 235)], (165, 178, 237, 207))
([(105, 83), (82, 20), (88, 0), (97, 0), (99, 0), (144, 2)], (126, 106, 108, 247))
([(38, 47), (117, 43), (168, 19)], (134, 94, 153, 100))
([(2, 174), (140, 166), (1, 75)], (237, 189, 166, 177))
([(58, 52), (172, 240), (29, 231)], (247, 237, 60, 99))
([(67, 0), (146, 17), (1, 124), (22, 216), (26, 147)], (216, 204, 162, 197))
([(171, 238), (125, 209), (84, 188), (57, 175), (76, 240)], (169, 141, 221, 161))
([(111, 228), (19, 110), (8, 133), (1, 148)], (213, 193, 208, 21))
([(127, 67), (64, 172), (85, 101)], (241, 252, 137, 93))
([(33, 17), (39, 107), (6, 194)], (132, 84, 136, 212))
([(154, 0), (123, 5), (130, 129), (3, 18)], (157, 225, 222, 220))
([(173, 154), (109, 186), (176, 238)], (225, 73, 35, 248))
([(52, 45), (64, 142), (14, 184)], (108, 22, 52, 117))
([(157, 2), (121, 71), (127, 238)], (227, 155, 204, 153))
([(19, 212), (166, 157), (157, 147), (19, 1)], (248, 186, 213, 214))
([(25, 197), (59, 128), (131, 155)], (168, 191, 209, 210))
([(6, 239), (71, 188), (4, 137)], (113, 229, 196, 128))
([(82, 76), (36, 91), (63, 80)], (166, 63, 38, 225))
([(12, 216), (79, 130), (90, 116), (153, 34), (177, 3), (5, 9)], (132, 207, 98, 108))
([(176, 56), (175, 39), (138, 144), (90, 81)], (223, 206, 57, 74))
([(80, 33), (159, 3), (168, 0), (168, 0), (169, 10), (172, 41)], (201, 17, 90, 249))
([(164, 238), (171, 156), (140, 152), (97, 146)], (154, 209, 249, 170))
([(150, 239), (74, 217), (132, 35)], (196, 179, 229, 245))
([(75, 32), (91, 190), (40, 127)], (122, 11, 43, 124))
([(0, 87), (85, 232), (140, 167), (55, 35)], (200, 250, 200, 228))
([(11, 200), (137, 170), (22, 116), (28, 53)], (80, 231, 101, 185))
([(24, 17), (105, 1), (112, 0), (179, 227), (159, 211), (152, 205), (89, 153)], (252, 149, 43, 254))
([(165, 232), (160, 232), (155, 232), (15, 83), (165, 64)], (199, 180, 226, 235))
([(132, 32), (134, 85), (134, 85), (118, 174), (9, 20)], (141, 221, 73, 247))
([(54, 187), (161, 127), (110, 98), (31, 52)], (28, 52, 155, 251))
([(1, 127), (20, 177), (43, 238), (35, 184), (32, 163), (29, 143), (23, 102), (23, 102)], (193, 195, 26, 202))
([(62, 1), (61, 1), (59, 0), (58, 0), (4, 50), (6, 94), (12, 226)], (132, 197, 71, 94))
([(151, 105), (30, 106), (54, 200)], (190, 185, 237, 123))
([(98, 208), (12, 73), (134, 193), (135, 190), (58, 223), (145, 208)], (195, 191, 174, 86))
([(30, 1), (51, 1), (68, 115)], (190, 166, 117, 230))
([(107, 239), (105, 239), (20, 233), (83, 123)], (192, 110, 182, 124))
([(40, 49), (96, 209), (13, 180), (53, 1)], (91, 18, 209, 25))
([(39, 221), (36, 118), (33, 15), (9, 227)], (23, 107, 226, 143))
([(19, 69), (3, 24), (83, 183)], (182, 169, 83, 200))
([(97, 175), (179, 104), (180, 44)], (221, 96, 30, 164))
([(4, 9), (38, 0), (8, 181)], (236, 168, 211, 230))
([(89, 79), (146, 59), (180, 222), (180, 13)], (207, 38, 74, 222))
([(98, 240), (19, 145), (165, 216)], (192, 157, 231, 196))
([(58, 3), (143, 4), (63, 189), (25, 205)], (103, 138, 173, 191))
([(16, 23), (21, 26), (22, 26), (120, 187)], (246, 235, 20, 228))
([(143, 54), (160, 179), (2, 159)], (164, 254, 241, 215))
([(102, 176), (154, 220), (31, 238)], (24, 3, 124, 192))
([(4, 201), (20, 110), (72, 221)], (43, 135, 240, 128))
([(172, 224), (129, 230), (86, 235), (50, 239), (1, 149)], (210, 252, 194, 242))
([(1, 155), (4, 57), (180, 231)], (204, 232, 242, 251))
([(174, 206), (115, 143), (160, 80)], (185, 74, 88, 10))
([(174, 27), (151, 142), (54, 136)], (203, 32, 200, 191))
([(148, 124), (51, 196), (31, 189)], (250, 13, 100, 98))
([(131, 136), (4, 11), (90, 8)], (240, 132, 227, 26))
([(160, 10), (161, 46), (10, 123)], (102, 191, 234, 242))
([(164, 82), (103, 43), (176, 219)], (45, 81, 62, 118))
([(82, 140), (177, 120), (90, 97), (179, 97), (168, 13)], (189, 63, 211, 140))
([(74, 172), (140, 237), (56, 143)], (206, 58, 101, 77))
([(33, 208), (6, 210), (42, 112)], (39, 124, 202, 206))
([(146, 49), (2, 0), (55, 212)], (124, 241, 252, 153))
([(22, 58), (31, 53), (45, 45), (49, 141)], (175, 50, 67, 79))
([(180, 208), (31, 214), (49, 187), (160, 20)], (239, 105, 245, 251))
([(118, 38), (6, 112), (8, 189)], (140, 254, 8, 21))
([(61, 92), (95, 65), (96, 111)], (121, 121, 114, 78))
([(128, 17), (49, 190), (48, 189)], (136, 137, 8, 145))
([(13, 95), (176, 110), (130, 205), (121, 44), (30, 4)], (237, 176, 240, 219))
([(113, 210), (170, 2), (156, 41), (155, 44), (133, 70)], (157, 164, 176, 83))
([(6, 236), (41, 236), (117, 235), (164, 235)], (134, 145, 230, 145))
([(32, 203), (141, 235), (160, 240), (177, 172), (1, 43)], (250, 188, 187, 112))
([(165, 129), (130, 221), (5, 32)], (70, 238, 197, 234))
([(112, 53), (77, 3), (0, 39)], (194, 137, 93, 176))
([(1, 29), (58, 19), (53, 29), (34, 66), (31, 73), (15, 112)], (65, 236, 253, 240))
([(164, 81), (180, 4), (179, 4), (43, 26)], (248, 133, 104, 203))
([(88, 142), (90, 131), (116, 161)], (237, 53, 121, 218))
([(179, 137), (148, 144), (44, 91)], (238, 103, 175, 98))
([(104, 39), (12, 103), (10, 191)], (183, 96, 0, 18))
([(152, 16), (31, 8), (32, 227), (177, 235), (32, 227), (38, 234)], (17, 89, 100, 234))
([(15, 105), (16, 100), (23, 67)], (166, 89, 234, 202))
([(173, 79), (63, 61), (169, 233)], (166, 37, 208, 79))
([(84, 8), (46, 202), (88, 169)], (170, 204, 250, 246))
([(150, 38), (151, 43), (179, 194), (140, 191), (50, 183)], (206, 225, 203, 234))
([(169, 173), (69, 230), (148, 238), (170, 240), (177, 240)], (244, 243, 192, 128))
([(40, 238), (33, 75), (22, 237), (22, 237), (22, 237)], (18, 170, 221, 148))
([(17, 82), (159, 24), (126, 168), (134, 62)], (69, 126, 46, 137))
([(165, 130), (40, 179), (81, 222)], (250, 237, 178, 245))
([(59, 135), (56, 131), (0, 47), (52, 30)], (131, 169, 207, 240))
([(144, 4), (3, 26), (3, 138)], (233, 221, 170, 240))
([(3, 13), (101, 61), (121, 38)], (182, 195, 193, 255))
([(11, 237), (35, 239), (56, 240), (25, 128)], (51, 195, 212, 115))
([(105, 135), (156, 6), (131, 3), (110, 1)], (190, 42, 33, 163))
([(102, 182), (116, 91), (161, 89), (172, 89), (172, 89), (180, 207)], (143, 245, 233, 123))
([(23, 181), (41, 28), (61, 73), (107, 176)], (168, 86, 60, 210))
([(0, 158), (12, 49), (14, 160), (159, 201)], (201, 215, 193, 209))
([(16, 178), (75, 148), (157, 188)], (105, 91, 35, 250))
([(23, 219), (15, 154), (63, 200)], (154, 69, 143, 55))
([(130, 15), (117, 155), (120, 183), (51, 177), (46, 1)], (214, 76, 64, 244))
([(167, 43), (44, 233), (121, 37)], (226, 177, 245, 89))
([(20, 238), (24, 234), (30, 229), (38, 221), (96, 125)], (140, 1, 121, 7))
([(175, 5), (128, 92), (160, 127)], (243, 109, 113, 231))
([(112, 171), (30, 49), (122, 50)], (107, 125, 71, 107))
([(156, 225), (114, 20), (84, 79)], (55, 110, 56, 79))
([(45, 76), (27, 20), (20, 181)], (226, 184, 114, 206))
([(53, 210), (53, 109), (179, 208)], (192, 246, 241, 233))
([(40, 172), (11, 155), (4, 151), (81, 138)], (229, 199, 242, 105))
([(132, 240), (138, 236), (157, 222), (161, 14)], (183, 245, 199, 206))
([(104, 0), (99, 20), (78, 105), (74, 78)], (141, 59, 8, 225))
([(54, 179), (170, 1), (43, 222), (43, 215)], (217, 136, 145, 235))
([(179, 103), (177, 94), (177, 94), (162, 139)], (246, 238, 126, 164))
([(25, 118), (118, 197), (65, 90)], (98, 234, 16, 251))
([(152, 33), (148, 92), (169, 219)], (132, 113, 100, 238))
([(147, 145), (37, 138), (0, 77)], (62, 253, 14, 90))
([(1, 66), (106, 59), (64, 162)], (176, 219, 202, 222))
([(140, 161), (174, 220), (174, 220), (175, 223), (177, 230)], (235, 201, 46, 160))
([(172, 81), (126, 163), (85, 236)], (243, 161, 206, 14))
([(153, 88), (156, 134), (158, 165), (32, 218)], (230, 129, 107, 12))
([(68, 221), (2, 60), (151, 240), (85, 237)], (234, 238, 235, 196))
([(43, 233), (62, 237), (119, 221), (72, 239), (44, 124), (43, 120)], (226, 234, 233, 164))
([(171, 174), (135, 105), (178, 135)], (235, 101, 152, 203))
([(163, 213), (118, 199), (80, 187), (80, 187), (79, 187), (1, 162), (27, 133)], (230, 236, 244, 254))
([(67, 158), (14, 20), (48, 10), (11, 17), (48, 204)], (244, 183, 245, 152))
([(149, 0), (89, 178), (55, 164), (35, 155)], (136, 121, 136, 143))
([(176, 198), (68, 165), (60, 100), (168, 125)], (213, 183, 253, 209))
([(138, 146), (16, 91), (16, 91), (56, 129)], (103, 203, 208, 84))
([(50, 223), (110, 62), (99, 84)], (157, 221, 247, 47))
([(11, 175), (35, 158), (126, 68), (7, 119), (4, 125)], (233, 242, 248, 227))
([(137, 100), (86, 137), (43, 7)], (202, 10, 29, 108))
([(106, 5), (75, 8), (44, 10), (146, 197)], (154, 105, 85, 251))
([(11, 93), (100, 24), (1, 144)], (245, 253, 255, 11))
([(95, 199), (89, 191), (90, 47)], (244, 83, 253, 214))
([(150, 0), (127, 58), (157, 126), (177, 7), (178, 1)], (249, 79, 53, 177))
([(79, 216), (46, 238), (51, 36), (137, 194)], (255, 255, 225, 240))
([(170, 13), (77, 12), (170, 22)], (228, 169, 168, 125))
([(76, 114), (43, 210), (78, 128)], (255, 252, 81, 27))
([(86, 201), (13, 92), (123, 68), (43, 122)], (106, 225, 140, 250))
([(82, 18), (180, 40), (178, 170)], (253, 87, 65, 213))
([(99, 79), (176, 0), (117, 184), (79, 173)], (229, 16, 113, 181))
([(126, 231), (170, 199), (125, 47)], (44, 0, 187, 131))
([(34, 226), (3, 156), (15, 195), (27, 234)], (10, 157, 136, 32))
([(92, 163), (179, 184), (110, 90)], (25, 212, 163, 249))
([(146, 234), (71, 237), (32, 238), (133, 128)], (240, 218, 251, 98))
([(175, 227), (170, 211), (124, 68), (69, 33), (119, 238), (102, 239), (87, 239), (79, 239), (50, 239)], (250, 230, 240, 246))
([(12, 86), (43, 9), (14, 2), (9, 1)], (228, 209, 251, 201))
([(85, 90), (177, 116), (6, 31), (5, 31), (2, 107), (3, 114), (7, 140)], (228, 232, 219, 244))
([(18, 125), (113, 240), (39, 72), (40, 74), (52, 101), (114, 240), (136, 234)], (228, 241, 234, 239))
([(173, 156), (140, 72), (136, 140)], (222, 25, 114, 161))
([(180, 182), (156, 178), (30, 157), (75, 214), (96, 240)], (249, 241, 229, 201))
([(146, 19), (60, 3), (38, 66), (60, 124)], (211, 41, 139, 169))
([(3, 187), (9, 128), (20, 21), (69, 36)], (250, 253, 223, 140))
([(68, 100), (62, 91), (34, 49), (57, 43)], (75, 64, 20, 113))
([(169, 113), (100, 135), (4, 71), (2, 68)], (110, 89, 60, 186))
([(130, 42), (14, 76), (77, 140), (96, 159), (74, 76), (71, 137), (71, 137)], (11, 69, 24, 204))
([(126, 176), (82, 107), (71, 90), (60, 14), (74, 15), (155, 20)], (65, 129, 231, 218))
([(176, 26), (146, 22), (35, 7), (171, 164)], (237, 94, 45, 143))
([(1, 68), (94, 119), (145, 76), (19, 95)], (239, 95, 137, 108))
([(56, 119), (120, 79), (169, 0)], (228, 99, 30, 142))
([(47, 5), (119, 57), (52, 88), (37, 29)], (207, 23, 48, 201))
([(97, 107), (54, 67), (88, 27)], (254, 58, 97, 235))
([(176, 160), (154, 151), (71, 117), (86, 85)], (131, 85, 18, 49))
([(91, 104), (159, 54), (109, 98), (155, 52), (161, 46)], (235, 209, 202, 157))
([(151, 117), (124, 126), (54, 148), (25, 102), (4, 69)], (26, 101, 140, 43))
([(147, 148), (75, 155), (88, 24)], (116, 134, 213, 189))
([(115, 183), (132, 181), (133, 181), (174, 178), (141, 108), (87, 47)], (2, 0, 20, 255))
([(60, 174), (58, 175), (37, 182), (42, 160)], (2, 118, 20, 138))
([(170, 221), (137, 63), (167, 61)], (80, 186, 208, 37))
([(166, 58), (125, 20), (119, 83), (17, 84)], (249, 224, 205, 85))
([(177, 231), (163, 236), (164, 158)], (176, 143, 12, 139))
([(44, 60), (41, 61), (44, 94)], (25, 60, 20, 200))
([(85, 147), (51, 57), (119, 33), (145, 116)], (44, 44, 88, 176))
([(133, 67), (73, 47), (104, 166)], (23, 7, 65, 25))
([(170, 154), (91, 2), (143, 131), (169, 195)], (27, 71, 27, 68))
([(144, 52), (179, 179), (82, 185), (57, 187)], (118, 75, 146, 93))
([(12, 93), (146, 26), (166, 165), (59, 214)], (231, 250, 244, 211))
([(48, 69), (105, 26), (140, 0), (117, 155)], (222, 43, 144, 144))
([(79, 22), (91, 23), (148, 28), (107, 136), (30, 161), (74, 183)], (133, 144, 111, 178))
([(135, 62), (41, 171), (99, 171), (110, 171), (178, 171)], (252, 58, 142, 225))
([(113, 136), (45, 100), (43, 102), (37, 106), (35, 107)], (175, 180, 164, 211))
([(174, 88), (152, 178), (98, 184)], (115, 12, 53, 104))
([(40, 132), (49, 125), (77, 151)], (30, 58, 132, 232))
([(44, 122), (93, 90), (100, 85)], (224, 167, 223, 68))
([(103, 138), (78, 111), (127, 179), (111, 180), (106, 180), (79, 181)], (0, 53, 52, 251))
([(37, 187), (50, 61), (84, 114), (125, 177)], (151, 121, 64, 119))
([(45, 91), (42, 187), (41, 185), (40, 184)], (68, 2, 99, 189))
([(169, 46), (20, 188), (45, 183), (72, 179), (80, 178)], (1, 37, 56, 90))
([(99, 46), (159, 78), (48, 133)], (168, 232, 150, 229))
([(171, 132), (173, 170), (98, 4)], (250, 118, 60, 190))
([(134, 85), (74, 140), (61, 161)], (214, 93, 146, 7))
([(68, 72), (49, 169), (105, 144), (99, 73), (98, 138)], (241, 32, 92, 250))
([(52, 112), (153, 157), (39, 34)], (238, 41, 49, 182))
([(88, 37), (133, 45), (162, 123)], (144, 198, 178, 167))
([(33, 100), (42, 119), (45, 19)], (19, 20, 11, 98))
([(77, 99), (76, 192), (119, 156)], (172, 57, 179, 25))
([(178, 205), (178, 110), (145, 179), (110, 8)], (206, 63, 60, 115))
([(36, 61), (80, 177), (144, 71), (83, 115)], (234, 20, 98, 67))
([(174, 43), (180, 129), (44, 117)], (234, 58, 56, 219))
([(38, 145), (125, 23), (129, 19)], (63, 20, 216, 73))
([(59, 17), (74, 36), (152, 132), (158, 92), (159, 65), (161, 10), (95, 96), (35, 148)], (184, 70, 100, 153))
([(54, 154), (132, 61), (115, 228)], (245, 255, 196, 39))
([(73, 31), (35, 144), (69, 187)], (121, 30, 19, 21))
([(55, 171), (140, 145), (36, 109)], (190, 104, 74, 197))
([(83, 57), (56, 0), (58, 0), (169, 6), (155, 8), (121, 12), (78, 18)], (250, 45, 26, 176))
([(48, 1), (75, 24), (110, 143), (69, 53), (50, 145)], (243, 69, 54, 172))
([(85, 137), (124, 48), (5, 68)], (135, 191, 110, 19))
([(25, 175), (48, 133), (61, 134), (102, 136), (131, 177)], (212, 36, 22, 120))
([(19, 69), (101, 80), (128, 212)], (242, 54, 162, 5))
([(162, 187), (134, 177), (71, 156), (144, 69)], (222, 131, 38, 102))
([(163, 199), (128, 128), (111, 93), (107, 85), (67, 4), (150, 1), (161, 1)], (250, 57, 52, 172))
([(54, 148), (145, 18), (149, 2)], (217, 189, 84, 17))
([(38, 165), (20, 200), (15, 210), (33, 142)], (215, 229, 188, 80))
([(30, 65), (1, 58), (1, 58), (0, 6)], (212, 248, 161, 234))
([(157, 21), (33, 69), (45, 96), (56, 120), (64, 138)], (255, 18, 19, 77))
([(23, 169), (8, 176), (46, 237)], (26, 1, 139, 29))
([(113, 115), (133, 189), (42, 136), (68, 21), (102, 18), (164, 11), (178, 10)], (254, 66, 12, 98))
