([(130, 15), (127, 47), (117, 155), (129, 108), (143, 240), (61, 38), (46, 1)], (214, 76, 25, 37))
([(178, 226), (55, 46), (18, 73)], (28, 78, 43, 215))
([(125, 59), (85, 232), (140, 167), (39, 45)], (159, 129, 214, 217))
([(106, 183), (6, 20), (29, 70)], (63, 108, 112, 87))
([(40, 238), (48, 167), (10, 162), (111, 191), (119, 195)], (47, 252, 221, 148))
([(29, 87), (128, 140), (150, 221), (140, 162)], (48, 95, 99, 100))
([(101, 201), (132, 46), (134, 36)], (10, 214, 59, 21))
([(117, 233), (82, 67), (0, 159)], (236, 53, 243, 109))
([(99, 59), (176, 144), (12, 86), (77, 3), (31, 117), (117, 205)], (121, 213, 93, 96))
([(155, 147), (6, 43), (25, 162)], (164, 248, 93, 197))
([(59, 138), (62, 135), (138, 62), (156, 45), (166, 35), (59, 132)], (2, 68, 148, 232))
([(133, 129), (86, 236), (66, 214)], (90, 125, 39, 227))
([(122, 197), (137, 196), (163, 193), (31, 16)], (116, 57, 237, 156))
([(78, 150), (87, 129), (98, 108)], (168, 7, 109, 165))
([(71, 131), (77, 121), (92, 194)], (73, 225, 222, 135))
([(93, 239), (142, 56), (51, 29), (16, 174)], (190, 113, 61, 180))
([(96, 11), (89, 13), (29, 105), (64, 230)], (106, 167, 81, 153))
([(104, 173), (1, 155), (31, 89), (174, 62)], (137, 200, 82, 251))
([(107, 239), (46, 171), (4, 36)], (192, 15, 181, 237))
([(11, 200), (179, 103), (173, 76)], (246, 146, 192, 147))
([(177, 107), (102, 103), (101, 103)], (157, 43, 100, 0))
([(26, 16), (3, 229), (2, 86)], (11, 7, 201, 183))
([(111, 9), (32, 101), (32, 101), (22, 75), (21, 72), (7, 35)], (129, 32, 35, 232))
([(79, 228), (160, 27), (121, 225), (32, 212)], (42, 238, 223, 60))
([(5, 46), (5, 46), (5, 46), (6, 46), (9, 47), (142, 69), (46, 238), (103, 100), (78, 181), (124, 100), (129, 91)], (57, 84, 221, 177))
([(125, 145), (116, 92), (110, 92), (84, 94), (59, 96)], (201, 215, 144, 55))
([(5, 142), (69, 115), (149, 111), (167, 110)], (142, 134, 101, 146))
([(0, 210), (3, 161), (3, 161), (4, 161), (30, 158)], (116, 145, 63, 151))
([(105, 128), (114, 200), (89, 47)], (116, 179, 46, 236))
([(101, 54), (80, 188), (77, 167)], (13, 134, 220, 215))
([(147, 127), (153, 138), (168, 166), (167, 164), (147, 120)], (6, 167, 143, 153))
([(88, 118), (145, 182), (121, 21)], (157, 97, 119, 208))
([(43, 194), (62, 197), (169, 195), (128, 209)], (148, 6, 133, 9))
([(19, 137), (171, 105), (125, 5)], (104, 132, 41, 231))
([(12, 235), (149, 75), (68, 55), (63, 50), (17, 1), (34, 59)], (82, 243, 151, 146))
([(28, 164), (55, 162), (78, 186)], (101, 206, 229, 200))
([(123, 147), (64, 163), (35, 36)], (139, 205, 111, 158))
([(97, 238), (177, 105), (147, 35)], (142, 105, 110, 159))
([(23, 181), (68, 58), (153, 32)], (232, 50, 14, 43))
([(1, 29), (136, 5), (54, 112), (113, 188), (60, 227)], (65, 236, 182, 154))
([(32, 14), (31, 226), (64, 226)], (156, 248, 173, 113))
([(121, 35), (156, 126), (142, 155), (110, 222), (108, 226)], (154, 53, 148, 25))
([(88, 131), (85, 127), (33, 63), (2, 58)], (123, 220, 13, 2))
([(174, 210), (176, 198), (30, 139), (134, 74), (101, 96)], (213, 85, 102, 246))
([(49, 137), (73, 66), (44, 94)], (158, 174, 152, 122))
([(42, 47), (168, 0), (130, 72), (90, 148), (105, 144), (55, 120), (8, 97), (128, 37), (88, 86), (69, 124)], (201, 146, 163, 49))
([(180, 208), (121, 198), (34, 223)], (239, 63, 245, 202))
([(90, 173), (117, 239), (36, 196)], (32, 152, 2, 216))
([(131, 72), (149, 2), (67, 169)], (170, 170, 84, 23))
([(4, 201), (120, 66), (129, 159), (133, 51), (91, 207)], (39, 215, 193, 177))
([(154, 47), (88, 0), (90, 0), (144, 2)], (126, 109, 108, 158))
([(180, 151), (127, 1), (2, 46)], (112, 85, 177, 29))
([(68, 23), (33, 126), (89, 36), (153, 132), (25, 41)], (240, 172, 210, 32))
([(39, 81), (20, 219), (73, 131)], (19, 116, 233, 145))
([(172, 231), (152, 45), (41, 22), (23, 18), (22, 198)], (117, 64, 173, 161))
([(180, 139), (14, 8), (99, 171), (98, 174)], (128, 170, 114, 204))
([(133, 49), (47, 47), (154, 57)], (249, 228, 62, 153))
([(141, 77), (20, 23), (149, 33), (179, 194), (76, 156)], (206, 225, 177, 234))
([(174, 19), (174, 19), (174, 19), (138, 136), (127, 172), (22, 42), (109, 225)], (2, 90, 167, 54))
([(82, 227), (77, 143), (54, 165), (76, 240)], (157, 101, 221, 161))
([(172, 224), (111, 231), (137, 15)], (210, 225, 86, 242))
([(137, 100), (134, 102), (43, 7)], (50, 19, 163, 108))
([(80, 114), (89, 132), (145, 64)], (210, 158, 100, 224))
([(17, 238), (162, 94), (142, 87), (73, 38)], (148, 178, 113, 125))
([(16, 207), (93, 90), (55, 161)], (131, 127, 18, 1))
([(71, 194), (5, 176), (18, 110)], (62, 234, 144, 83))
([(157, 141), (106, 114), (6, 61)], (28, 165, 101, 132))
([(118, 23), (125, 40), (171, 129)], (84, 111, 225, 96))
([(178, 48), (24, 240), (6, 99)], (145, 151, 74, 156))
([(177, 187), (8, 99), (73, 69), (83, 64)], (121, 41, 161, 232))
([(104, 204), (105, 200), (152, 30), (33, 73), (127, 233)], (22, 145, 7, 49))
([(34, 87), (29, 131), (17, 170)], (47, 127, 114, 190))
([(82, 166), (110, 187), (132, 193), (174, 186), (106, 119)], (185, 225, 49, 52))
([(82, 12), (130, 130), (38, 94), (144, 228)], (181, 47, 223, 134))
([(28, 20), (28, 20), (160, 240), (177, 172), (108, 6)], (230, 49, 169, 97))
([(121, 44), (108, 206), (112, 163)], (80, 215, 238, 19))
([(114, 81), (145, 31), (101, 62), (49, 99)], (165, 229, 245, 144))
([(165, 35), (21, 225), (35, 98), (36, 89)], (108, 97, 204, 204))
([(42, 203), (178, 87), (49, 156), (150, 41), (158, 122), (169, 233)], (140, 66, 238, 79))
([(107, 159), (97, 119), (112, 209)], (199, 98, 109, 122))
([(44, 109), (4, 145), (21, 28)], (225, 38, 227, 144))
([(96, 184), (113, 128), (140, 143), (150, 162)], (16, 192, 84, 16))
([(111, 206), (79, 238), (78, 239), (24, 75)], (30, 244, 81, 170))
([(180, 70), (119, 63), (151, 197), (138, 203), (104, 219)], (156, 115, 140, 198))
([(119, 182), (145, 101), (112, 79), (5, 9)], (132, 64, 222, 224))
([(59, 129), (131, 229), (48, 78)], (198, 254, 78, 44))
([(90, 127), (29, 172), (15, 22), (58, 31), (114, 42)], (168, 103, 136, 13))
([(67, 41), (67, 87), (72, 99), (180, 207)], (30, 159, 233, 53))
([(13, 74), (8, 102), (4, 125), (114, 31)], (213, 5, 235, 234))
([(28, 229), (46, 216), (107, 95), (48, 44), (9, 227)], (23, 61, 70, 104))
([(23, 101), (49, 132), (52, 44)], (186, 102, 175, 10))
([(175, 227), (176, 28), (37, 227)], (250, 224, 203, 219))
([(138, 168), (144, 176), (153, 188), (65, 161), (99, 33), (16, 87)], (187, 77, 164, 115))
([(78, 60), (32, 86), (14, 96), (114, 64)], (33, 129, 167, 2))
([(169, 45), (152, 51), (142, 52)], (28, 182, 193, 226))
([(38, 65), (109, 60), (121, 96)], (173, 149, 237, 140))
([(3, 178), (1, 162), (34, 143), (33, 142), (27, 133)], (51, 236, 160, 80))
([(92, 31), (64, 101), (110, 1)], (190, 229, 33, 145))
([(3, 235), (70, 14), (6, 33)], (196, 90, 118, 128))
([(32, 239), (1, 58), (37, 49)], (212, 227, 161, 154))
([(152, 16), (18, 209), (32, 227), (38, 234)], (17, 89, 36, 234))
([(30, 85), (5, 141), (152, 162)], (157, 221, 133, 130))
([(66, 111), (44, 128), (23, 144)], (219, 45, 71, 153))
([(11, 237), (156, 2), (98, 58), (96, 60), (25, 128)], (51, 195, 252, 106))
([(58, 3), (97, 94), (102, 106), (48, 123), (44, 137), (35, 169), (25, 205)], (115, 128, 19, 159))
([(104, 13), (6, 19), (33, 190), (31, 26)], (82, 129, 192, 255))
([(140, 161), (81, 12), (125, 119)], (235, 242, 74, 59))
([(138, 185), (105, 113), (169, 15), (178, 1)], (4, 170, 25, 74))
([(8, 94), (123, 79), (124, 76), (147, 5)], (160, 196, 137, 38))
([(116, 54), (30, 191), (30, 191)], (145, 143, 222, 135))
([(84, 140), (92, 53), (75, 211)], (28, 207, 21, 87))
([(97, 200), (144, 172), (30, 82)], (138, 67, 163, 241))
([(83, 101), (56, 208), (13, 92), (50, 216), (137, 76)], (76, 151, 173, 218))
([(1, 68), (137, 143), (99, 222), (135, 59), (129, 150), (19, 95)], (47, 55, 137, 220))
([(67, 0), (1, 124), (159, 71)], (216, 218, 101, 12))
([(140, 111), (138, 226), (16, 195), (161, 17)], (218, 159, 224, 0))
([(40, 172), (4, 151), (4, 151), (4, 151), (118, 229)], (229, 152, 242, 97))
([(169, 129), (125, 175), (122, 178)], (164, 246, 165, 78))
([(116, 85), (64, 105), (53, 109), (179, 208)], (174, 246, 241, 235))
([(97, 214), (101, 58), (115, 73)], (171, 228, 87, 107))
([(33, 174), (122, 106), (109, 164)], (208, 181, 134, 57))
([(30, 177), (56, 168), (64, 166), (140, 146)], (7, 184, 114, 236))
([(162, 161), (101, 225), (31, 176), (1, 127), (85, 62), (95, 54)], (193, 195, 26, 202))
([(163, 103), (160, 103), (156, 103), (144, 103)], (224, 105, 217, 46))
([(76, 183), (121, 75), (63, 200)], (154, 170, 143, 247))
([(19, 69), (46, 97), (4, 11), (90, 8)], (227, 85, 250, 159))
([(152, 183), (91, 108), (17, 18), (95, 50)], (195, 103, 102, 137))
([(178, 149), (169, 6), (78, 18)], (227, 45, 213, 104))
([(177, 183), (174, 22), (47, 139), (103, 239)], (82, 148, 74, 171))
([(162, 1), (85, 13), (3, 26), (44, 131)], (233, 152, 55, 240))
([(33, 208), (171, 154), (6, 210), (42, 112)], (39, 124, 252, 132))
([(143, 8), (54, 35), (40, 39), (13, 151)], (76, 3, 77, 202))
([(93, 99), (71, 129), (42, 169), (84, 79)], (137, 98, 152, 156))
([(102, 171), (58, 191), (94, 79)], (215, 206, 44, 228))
([(144, 3), (136, 140), (133, 136), (77, 55)], (228, 41, 26, 83))
([(123, 122), (125, 64), (34, 35)], (146, 91, 165, 73))
([(87, 189), (78, 65), (75, 24), (114, 13)], (244, 162, 33, 153))
([(43, 92), (20, 238), (147, 117)], (51, 1, 121, 53))
([(45, 117), (53, 214), (161, 185)], (104, 124, 203, 192))
([(2, 42), (113, 40), (179, 109), (175, 39), (78, 82)], (218, 66, 57, 59))
([(71, 180), (81, 106), (89, 47)], (124, 245, 190, 29))
([(147, 221), (102, 181), (139, 36), (3, 85)], (166, 231, 234, 254))
([(164, 108), (117, 230), (113, 240), (136, 234)], (228, 10, 210, 239))
([(153, 109), (168, 218), (168, 218), (170, 233), (44, 220)], (185, 154, 180, 185))
([(7, 46), (11, 45), (91, 32), (155, 21), (172, 219)], (202, 115, 206, 182))
([(172, 147), (105, 37), (97, 46), (75, 69), (47, 99), (56, 99)], (93, 22, 73, 70))
([(67, 160), (83, 116), (97, 77)], (103, 6, 94, 2))
([(119, 202), (163, 102), (131, 4)], (213, 75, 120, 178))
([(58, 56), (5, 31), (2, 107), (7, 140)], (228, 232, 73, 191))
([(94, 16), (102, 215), (17, 90), (2, 68)], (158, 211, 212, 127))
([(27, 167), (38, 216), (40, 225)], (45, 115, 50, 29))
([(19, 69), (94, 79), (100, 75), (174, 24), (44, 207)], (242, 54, 162, 224))
([(12, 190), (93, 81), (52, 68), (26, 59)], (60, 212, 163, 52))
([(173, 1), (144, 195), (74, 21), (139, 14)], (62, 46, 8, 70))
([(139, 179), (154, 31), (144, 68)], (176, 107, 110, 19))
([(146, 217), (41, 60), (68, 161), (164, 81), (155, 214), (43, 26)], (248, 223, 162, 128))
([(57, 135), (99, 97), (114, 93), (172, 77), (163, 88), (78, 196)], (28, 225, 101, 145))
([(5, 128), (34, 121), (54, 116), (21, 142), (23, 71), (23, 71)], (139, 118, 143, 226))
([(40, 181), (16, 140), (15, 146), (12, 163), (12, 163), (11, 169)], (137, 199, 121, 221))
([(68, 79), (180, 59), (43, 178)], (133, 250, 67, 83))
([(152, 196), (93, 8), (62, 28), (10, 61), (96, 240)], (249, 116, 208, 184))
([(147, 79), (145, 93), (143, 106), (136, 153)], (22, 209, 70, 181))
([(161, 164), (3, 130), (3, 130)], (40, 44, 15, 19))
([(8, 161), (9, 161), (9, 161), (39, 170), (98, 187), (66, 231)], (119, 177, 251, 109))
([(55, 104), (72, 100), (98, 95), (164, 132), (172, 137), (130, 79)], (98, 124, 70, 221))
([(177, 98), (11, 6), (67, 4), (161, 1)], (250, 57, 52, 172))
([(145, 185), (51, 1), (26, 180), (144, 133)], (190, 81, 117, 230))
([(162, 44), (110, 202), (106, 214), (69, 26)], (222, 150, 144, 23))
([(86, 209), (31, 183), (57, 229)], (69, 250, 213, 234))
([(35, 79), (128, 76), (134, 62)], (152, 161, 37, 221))
([(77, 84), (27, 20), (109, 186)], (226, 170, 114, 206))
([(2, 197), (20, 21), (69, 36)], (208, 127, 223, 244))
([(117, 42), (94, 106), (149, 167)], (1, 37, 142, 1))
([(84, 152), (21, 59), (17, 88), (7, 162)], (235, 211, 150, 164))
([(18, 104), (68, 100), (47, 68), (34, 49), (89, 36), (138, 129), (90, 68), (83, 117)], (226, 98, 83, 54))
([(81, 34), (30, 218), (90, 115)], (143, 78, 8, 0))
([(130, 42), (14, 76), (120, 221), (74, 76)], (3, 84, 24, 149))
([(43, 144), (82, 122), (85, 120)], (81, 254, 130, 91))
([(171, 0), (134, 104), (115, 43)], (90, 169, 199, 57))
([(171, 217), (61, 77), (68, 77), (96, 78), (173, 181), (83, 60)], (205, 157, 218, 193))
([(151, 197), (60, 109), (18, 186)], (33, 182, 81, 234))
([(116, 184), (100, 149), (92, 131), (91, 129), (135, 160)], (74, 13, 13, 103))
([(57, 170), (122, 5), (27, 111), (96, 11), (38, 189)], (134, 51, 83, 201))
([(162, 194), (114, 137), (99, 119), (33, 108)], (175, 33, 227, 204))
([(114, 117), (84, 196), (4, 69)], (26, 101, 15, 43))
([(146, 71), (164, 73), (47, 183)], (168, 46, 42, 139))
([(47, 5), (119, 57), (52, 88)], (207, 23, 87, 201))
([(43, 87), (77, 71), (24, 199)], (138, 240, 174, 41))
([(169, 173), (149, 173), (69, 230), (177, 240)], (161, 243, 90, 10))
([(105, 200), (111, 29), (112, 0), (89, 153)], (252, 149, 43, 254))
([(173, 142), (148, 152), (143, 154), (93, 173), (6, 236), (164, 235)], (134, 223, 166, 184))
([(61, 85), (173, 134), (180, 13)], (169, 169, 100, 222))
([(171, 132), (173, 170), (174, 189), (101, 43)], (250, 118, 22, 153))
([(84, 175), (153, 28), (157, 20), (92, 184), (91, 187)], (46, 167, 22, 205))
([(54, 134), (110, 43), (121, 159)], (11, 53, 16, 22))
([(176, 26), (114, 61), (171, 164)], (119, 94, 45, 66))
([(138, 219), (108, 219), (62, 218), (168, 169)], (243, 255, 196, 252))
([(77, 187), (174, 178), (96, 61), (76, 31)], (86, 0, 10, 255))
([(136, 71), (60, 90), (43, 215)], (205, 136, 144, 201))
([(146, 234), (32, 238), (23, 238), (133, 128)], (240, 218, 147, 195))
([(8, 178), (122, 230), (7, 222)], (193, 218, 188, 70))
([(174, 43), (180, 129), (155, 10), (142, 177), (159, 73)], (201, 58, 56, 219))
([(10, 66), (35, 214), (123, 41), (176, 69), (127, 142)], (237, 176, 232, 164))
([(58, 133), (48, 124), (20, 100), (15, 55), (9, 1)], (180, 209, 247, 112))
([(140, 147), (179, 179), (57, 187), (19, 189)], (129, 75, 245, 93))
([(135, 62), (41, 171), (178, 171)], (252, 32, 221, 127))
([(12, 93), (81, 65), (97, 59), (95, 68), (59, 214)], (218, 250, 244, 211))
([(58, 119), (47, 118), (46, 118), (112, 170), (173, 219)], (147, 185, 209, 128))
([(26, 8), (141, 88), (166, 105), (177, 67), (179, 52), (180, 44)], (172, 96, 17, 239))
([(85, 65), (65, 211), (135, 150), (59, 177), (176, 23), (167, 61), (167, 61)], (231, 186, 208, 6))
([(102, 71), (83, 96), (77, 104)], (141, 126, 4, 97))
([(112, 79), (180, 40), (66, 219)], (253, 71, 65, 213))
([(104, 151), (72, 239), (35, 87), (22, 73)], (226, 234, 181, 139))
([(59, 226), (47, 118), (34, 35)], (195, 175, 174, 205))
([(156, 175), (89, 174), (69, 101), (68, 97), (114, 127)], (202, 78, 180, 0))
([(86, 179), (72, 171), (76, 174), (90, 185)], (86, 12, 53, 104))
([(44, 122), (178, 92), (100, 85), (26, 3)], (254, 167, 223, 146))
([(37, 187), (50, 61), (125, 177), (87, 121)], (151, 165, 132, 239))
([(177, 231), (169, 186), (164, 158)], (94, 3, 12, 11))
([(87, 194), (77, 19), (74, 183)], (24, 189, 111, 43))
([(45, 91), (42, 187), (40, 184)], (171, 2, 208, 121))
([(164, 213), (109, 188), (2, 19), (111, 4)], (244, 183, 203, 152))
([(44, 190), (168, 191), (37, 115)], (192, 216, 242, 215))
([(33, 100), (61, 158), (61, 158), (59, 44), (37, 4)], (19, 121, 33, 98))
([(149, 153), (61, 161), (163, 106)], (214, 63, 146, 220))
([(9, 233), (147, 2), (99, 2)], (199, 112, 37, 121))
([(159, 195), (158, 197), (2, 159), (21, 223)], (57, 254, 179, 64))
([(127, 142), (68, 115), (68, 115)], (152, 144, 164, 1))
([(121, 162), (138, 240), (133, 226), (101, 138)], (195, 113, 197, 153))
([(90, 206), (34, 129), (51, 135)], (91, 116, 139, 219))
([(103, 138), (107, 181), (97, 111)], (109, 73, 74, 136))
([(28, 159), (178, 205), (178, 110), (172, 106), (104, 63)], (189, 63, 60, 36))
([(122, 3), (56, 21), (25, 74), (141, 84)], (73, 59, 17, 61))
([(157, 98), (55, 171), (104, 81), (156, 75), (140, 145), (36, 109)], (180, 104, 60, 79))
([(134, 130), (46, 230), (127, 62)], (205, 252, 246, 42))
([(119, 183), (120, 79), (77, 7), (86, 5), (55, 142)], (203, 99, 30, 244))
([(47, 207), (172, 40), (172, 40), (2, 158)], (231, 191, 125, 19))
([(105, 194), (77, 174), (44, 207), (99, 224)], (141, 204, 200, 131))
([(25, 175), (42, 130), (32, 4), (131, 177)], (168, 36, 136, 105))
([(157, 191), (152, 132), (151, 132), (35, 148)], (184, 70, 100, 210))
([(59, 77), (50, 82), (92, 152)], (61, 3, 47, 81))
([(36, 61), (175, 80), (165, 210), (148, 100), (141, 55), (136, 23)], (234, 20, 44, 67))
([(101, 3), (49, 129), (162, 125)], (147, 40, 31, 124))
([(135, 181), (132, 33), (152, 39), (173, 46)], (191, 130, 214, 11))
([(110, 12), (176, 13), (174, 16), (95, 146), (160, 127)], (243, 158, 113, 231))
([(19, 200), (162, 187), (144, 69)], (222, 131, 38, 164))
([(157, 21), (33, 69), (64, 138)], (186, 10, 26, 120))
([(11, 175), (75, 208), (4, 125)], (60, 242, 174, 4))
([(113, 115), (42, 136), (68, 21), (178, 10)], (254, 36, 161, 98))
([(141, 52), (130, 123), (124, 161), (98, 138)], (222, 13, 92, 192))
