([(107, 239), (46, 171), (68, 175), (4, 36)], (192, 110, 181, 237))
([(172, 231), (179, 9), (23, 18)], (117, 64, 173, 161))
([(6, 43), (26, 185), (4, 212)], (164, 248, 93, 251))
([(130, 23), (32, 101), (152, 52)], (129, 32, 159, 78))
([(137, 100), (134, 102), (43, 7)], (50, 134, 163, 108))
([(32, 239), (1, 58), (37, 49)], (212, 227, 161, 154))
([(80, 2), (138, 217), (39, 60)], (202, 167, 122, 131))
([(77, 7), (105, 113), (110, 105), (178, 1)], (42, 79, 176, 128))
([(180, 139), (14, 8), (36, 52), (60, 99), (98, 174)], (128, 170, 114, 207))
([(1, 208), (106, 181), (94, 124), (82, 67), (0, 159)], (236, 53, 243, 109))
([(176, 144), (77, 3), (117, 205)], (126, 213, 93, 200))
([(61, 159), (179, 103), (177, 94), (173, 76)], (246, 146, 192, 222))
([(51, 63), (29, 56), (12, 51)], (156, 235, 134, 139))
([(63, 238), (119, 161), (86, 236), (73, 222)], (191, 125, 134, 227))
([(116, 54), (139, 225), (51, 196), (31, 189)], (145, 77, 222, 194))
([(129, 186), (134, 180), (86, 128)], (37, 111, 7, 121))
([(93, 239), (103, 202), (150, 101), (97, 43), (51, 29), (18, 191)], (190, 185, 191, 182))
([(8, 39), (30, 16), (66, 44), (130, 16), (125, 5)], (104, 132, 41, 231))
([(77, 181), (108, 236), (33, 63)], (123, 220, 13, 222))
([(130, 220), (130, 220), (131, 229), (106, 167)], (177, 254, 78, 212))
([(123, 122), (102, 27), (74, 136), (70, 46), (56, 42), (52, 41), (37, 36)], (11, 100, 184, 60))
([(163, 213), (156, 100), (152, 35), (77, 104)], (192, 60, 4, 97))
([(147, 33), (157, 93), (179, 224), (85, 135), (6, 61)], (28, 165, 101, 155))
([(40, 210), (117, 239), (36, 196)], (28, 152, 52, 255))
([(121, 44), (54, 225), (62, 185), (97, 11)], (80, 116, 62, 101))
([(9, 233), (147, 2), (99, 2)], (199, 112, 37, 121))
([(16, 233), (1, 144), (0, 198), (97, 77)], (245, 6, 94, 11))
([(167, 30), (114, 105), (77, 125)], (145, 151, 74, 54))
([(26, 16), (146, 31), (3, 229), (2, 86)], (30, 106, 201, 183))
([(179, 117), (174, 115), (19, 69), (10, 66), (78, 186)], (101, 206, 83, 200))
([(148, 75), (138, 226), (141, 29), (35, 155)], (218, 150, 148, 204))
([(87, 63), (125, 175), (150, 162)], (126, 15, 165, 78))
([(178, 226), (55, 46), (150, 99), (164, 107)], (122, 131, 43, 215))
([(104, 13), (6, 19), (15, 76), (59, 129), (62, 63)], (82, 129, 192, 255))
([(67, 0), (34, 62), (1, 124), (159, 71)], (216, 218, 101, 223))
([(5, 142), (5, 142), (29, 129)], (142, 134, 101, 185))
([(150, 239), (138, 226), (58, 214), (109, 155), (104, 109), (101, 82)], (116, 179, 46, 245))
([(106, 5), (160, 103), (148, 103)], (224, 105, 85, 251))
([(75, 136), (24, 34), (3, 18)], (73, 225, 222, 177))
([(176, 198), (146, 186), (86, 162), (107, 148), (138, 42)], (213, 85, 253, 246))
([(180, 70), (163, 144), (151, 197), (47, 229)], (192, 115, 140, 231))
([(6, 239), (177, 105), (46, 90)], (142, 229, 110, 159))
([(31, 183), (166, 157), (57, 229)], (141, 250, 213, 234))
([(12, 235), (30, 1), (23, 133), (1, 46), (17, 1)], (118, 243, 190, 146))
([(88, 11), (51, 196), (98, 108)], (168, 7, 209, 20))
([(3, 235), (172, 180), (132, 214), (6, 33)], (196, 152, 118, 128))
([(101, 201), (130, 221), (147, 194)], (10, 238, 179, 21))
([(4, 222), (20, 175), (1, 75)], (78, 105, 166, 96))
([(119, 182), (145, 101), (12, 216), (131, 161), (113, 226), (5, 9)], (132, 64, 243, 218))
([(136, 119), (159, 78), (48, 133)], (168, 46, 150, 120))
([(5, 46), (9, 47), (74, 58), (142, 69), (46, 238), (96, 117), (103, 100), (78, 181), (129, 147)], (57, 84, 221, 240))
([(30, 1), (51, 1), (26, 180), (87, 94)], (190, 81, 117, 230))
([(21, 59), (18, 81), (17, 88)], (235, 211, 36, 229))
([(84, 59), (147, 145), (84, 45), (66, 16)], (154, 153, 148, 217))
([(170, 104), (23, 36), (170, 22)], (199, 98, 168, 214))
([(162, 1), (3, 26), (17, 205)], (233, 221, 83, 240))
([(130, 15), (117, 155), (129, 108), (141, 221), (143, 240), (120, 183), (61, 38), (51, 177), (46, 1)], (214, 76, 25, 244))
([(79, 228), (160, 27), (50, 186), (48, 189), (32, 212)], (102, 255, 252, 90))
([(71, 194), (14, 68), (17, 100), (18, 110)], (130, 234, 22, 247))
([(0, 210), (0, 210), (3, 161), (3, 161), (91, 115)], (116, 145, 63, 151))
([(23, 181), (60, 80), (68, 58)], (189, 86, 127, 210))
([(149, 223), (58, 52), (172, 240), (102, 137)], (4, 237, 31, 224))
([(1, 29), (136, 5), (54, 112), (113, 188), (15, 112)], (65, 236, 236, 169))
([(20, 6), (13, 92), (99, 34)], (76, 244, 173, 218))
([(8, 41), (43, 41), (114, 42)], (208, 164, 136, 94))
([(131, 129), (28, 20), (36, 87)], (156, 248, 8, 113))
([(156, 115), (29, 127), (34, 123), (86, 85), (173, 21)], (131, 117, 18, 93))
([(62, 1), (58, 0), (12, 226)], (47, 127, 233, 86))
([(51, 190), (53, 214), (161, 185)], (104, 124, 203, 192))
([(91, 45), (81, 141), (99, 224)], (192, 216, 242, 250))
([(4, 201), (9, 131), (120, 66), (157, 187), (72, 221)], (39, 120, 240, 177))
([(105, 83), (77, 37), (88, 0), (90, 0), (144, 2)], (126, 109, 108, 238))
([(173, 1), (144, 195), (134, 15)], (62, 46, 171, 70))
([(143, 54), (146, 83), (161, 19), (158, 197), (160, 179), (2, 159)], (57, 254, 179, 87))
([(172, 224), (50, 239), (1, 149)], (210, 225, 38, 242))
([(171, 238), (54, 165), (76, 240)], (157, 101, 221, 161))
([(66, 111), (73, 86), (76, 76), (76, 76)], (219, 45, 71, 130))
([(104, 173), (1, 155), (31, 89), (52, 182), (52, 182), (53, 164), (53, 164)], (204, 200, 82, 251))
([(103, 102), (65, 77), (31, 16)], (236, 37, 237, 0))
([(143, 8), (54, 35), (44, 65), (29, 109), (135, 161)], (57, 3, 77, 114))
([(19, 47), (47, 77), (6, 158)], (116, 41, 161, 16))
([(180, 110), (44, 39), (55, 212)], (124, 220, 238, 107))
([(88, 118), (104, 51), (29, 164)], (120, 57, 119, 26))
([(147, 79), (44, 162), (161, 46)], (64, 209, 202, 234))
([(11, 175), (75, 208), (58, 12), (7, 119), (4, 125)], (60, 242, 248, 85))
([(110, 187), (121, 189), (109, 98)], (185, 213, 88, 93))
([(9, 161), (39, 170), (145, 103)], (119, 177, 251, 143))
([(73, 3), (110, 22), (142, 38), (110, 47)], (253, 205, 141, 158))
([(32, 203), (160, 240), (177, 172), (108, 6)], (230, 49, 187, 112))
([(96, 11), (84, 125), (1, 148)], (106, 167, 218, 213))
([(180, 151), (62, 53), (161, 14)], (183, 85, 177, 206))
([(165, 232), (155, 232), (21, 225), (23, 207), (165, 64)], (199, 97, 204, 204))
([(152, 16), (18, 209), (32, 227), (177, 235), (32, 227), (38, 234)], (17, 89, 100, 234))
([(178, 87), (150, 41), (42, 113), (22, 126), (158, 122), (169, 233)], (166, 66, 238, 79))
([(180, 208), (21, 238), (132, 148), (139, 116), (160, 20)], (239, 63, 245, 227))
([(81, 34), (68, 59), (14, 215)], (236, 78, 22, 0))
([(173, 154), (32, 146), (4, 145), (176, 238)], (225, 38, 227, 144))
([(28, 229), (39, 221), (46, 216), (48, 44), (9, 227)], (23, 61, 70, 104))
([(16, 178), (39, 166), (103, 134), (157, 188)], (105, 65, 84, 9))
([(139, 179), (177, 141), (144, 68)], (182, 107, 4, 152))
([(40, 238), (111, 191), (119, 195)], (18, 252, 221, 148))
([(65, 105), (43, 9), (84, 131), (85, 134)], (1, 100, 116, 10))
([(169, 173), (69, 230), (177, 240)], (161, 243, 90, 10))
([(89, 79), (173, 134), (173, 134), (178, 48), (180, 13)], (169, 169, 74, 222))
([(111, 206), (79, 238), (124, 103), (78, 239), (66, 69), (70, 126), (76, 211), (78, 239), (24, 75)], (40, 255, 81, 170))
([(50, 44), (51, 44), (51, 44), (128, 50), (87, 228)], (7, 237, 64, 245))
([(159, 153), (160, 160), (170, 233)], (185, 154, 180, 198))
([(3, 178), (1, 162), (27, 133)], (51, 236, 160, 243))
([(86, 181), (153, 186), (98, 90)], (59, 95, 99, 106))
([(150, 172), (156, 34), (16, 95), (165, 99), (180, 207)], (48, 159, 233, 53))
([(8, 102), (63, 217), (85, 237), (100, 44)], (234, 48, 235, 234))
([(3, 13), (152, 51), (142, 52)], (182, 195, 193, 96))
([(159, 154), (47, 118), (78, 20)], (91, 30, 209, 30))
([(58, 133), (85, 148), (12, 86), (43, 9), (9, 1)], (180, 209, 251, 201))
([(171, 0), (134, 104), (162, 24), (116, 46)], (90, 169, 24, 57))
([(54, 106), (91, 135), (4, 127)], (63, 111, 218, 193))
([(83, 171), (0, 47), (109, 160), (87, 179)], (131, 169, 167, 227))
([(38, 65), (15, 193), (114, 75)], (2, 84, 9, 224))
([(101, 102), (68, 115), (132, 109)], (152, 201, 117, 170))
([(41, 39), (149, 33), (179, 194), (105, 167)], (206, 225, 177, 234))
([(57, 170), (109, 56), (31, 84), (2, 81)], (147, 51, 255, 201))
([(58, 3), (97, 94), (25, 205)], (115, 128, 73, 159))
([(17, 238), (142, 87), (140, 86), (49, 49)], (90, 178, 186, 131))
([(30, 85), (20, 107), (12, 125), (5, 141), (141, 160)], (157, 221, 247, 130))
([(31, 176), (1, 127), (12, 114), (23, 102), (85, 62)], (193, 195, 26, 202))
([(144, 3), (136, 140), (79, 58), (77, 55)], (228, 41, 114, 154))
([(177, 231), (163, 236), (163, 236), (164, 158)], (94, 188, 12, 79))
([(152, 33), (138, 240), (110, 169)], (195, 113, 197, 153))
([(42, 47), (80, 33), (168, 0), (105, 144), (8, 97), (128, 37)], (201, 146, 90, 249))
([(11, 237), (156, 2), (96, 60), (25, 128)], (51, 195, 252, 115))
([(149, 174), (106, 154), (10, 81)], (153, 70, 183, 248))
([(8, 94), (45, 88), (124, 76)], (123, 208, 137, 210))
([(166, 52), (25, 148), (106, 190), (84, 130)], (254, 138, 14, 0))
([(97, 214), (49, 47), (102, 193), (41, 121)], (34, 192, 87, 26))
([(109, 120), (144, 172), (155, 20)], (138, 67, 208, 8))
([(59, 138), (67, 138), (93, 139), (108, 88), (59, 132)], (2, 155, 175, 178))
([(177, 183), (174, 22), (99, 95), (88, 2), (103, 239)], (164, 54, 74, 171))
([(140, 161), (131, 77), (155, 157), (177, 230)], (235, 33, 46, 67))
([(14, 72), (40, 59), (114, 21), (136, 88)], (146, 147, 143, 226))
([(20, 238), (38, 221), (171, 220)], (51, 1, 121, 83))
([(127, 208), (108, 88), (73, 131)], (14, 116, 212, 186))
([(116, 85), (53, 109), (179, 208)], (192, 246, 241, 235))
([(171, 197), (152, 165), (113, 28)], (24, 3, 131, 242))
([(41, 183), (60, 130), (67, 111), (145, 64)], (38, 168, 199, 244))
([(92, 53), (76, 202), (75, 211)], (28, 207, 32, 87))
([(19, 69), (45, 96), (46, 97), (4, 11), (90, 8)], (227, 85, 250, 159))
([(173, 142), (143, 154), (93, 173), (6, 236), (164, 235)], (134, 223, 166, 184))
([(2, 61), (62, 183), (46, 165)], (195, 103, 175, 137))
([(33, 208), (22, 209), (6, 210), (32, 139), (42, 112)], (39, 124, 249, 132))
([(59, 226), (48, 127), (47, 118), (131, 182)], (195, 195, 174, 205))
([(126, 168), (113, 161), (66, 138), (33, 44), (23, 15)], (174, 230, 222, 22))
([(105, 53), (178, 135), (141, 181)], (235, 176, 152, 167))
([(77, 84), (27, 20), (20, 181)], (226, 170, 114, 206))
([(40, 132), (96, 86), (80, 154)], (30, 134, 220, 194))
([(164, 213), (45, 87), (2, 19)], (244, 183, 245, 152))
([(82, 12), (96, 46), (38, 94)], (181, 47, 223, 134))
([(48, 1), (75, 24), (121, 220)], (244, 162, 33, 158))
([(105, 135), (52, 21), (42, 19), (97, 4), (110, 1)], (190, 136, 33, 145))
([(2, 42), (113, 40), (179, 109), (178, 91), (175, 39), (78, 82)], (218, 206, 57, 59))
([(18, 125), (113, 240), (114, 240), (136, 234)], (228, 152, 210, 239))
([(7, 46), (11, 45), (112, 138), (120, 116), (155, 21)], (202, 115, 237, 202))
([(76, 114), (43, 210), (131, 4)], (213, 252, 81, 178))
([(105, 194), (46, 202), (11, 129)], (141, 204, 200, 207))
([(106, 183), (114, 169), (170, 199), (125, 47)], (44, 108, 112, 87))
([(88, 136), (27, 234), (27, 234), (121, 159)], (10, 53, 217, 53))
([(111, 137), (37, 182), (56, 99)], (93, 153, 73, 72))
([(54, 188), (179, 184), (171, 177), (52, 68)], (60, 212, 163, 249))
([(1, 68), (94, 119), (120, 142), (129, 150), (19, 95)], (239, 217, 137, 220))
([(99, 75), (56, 138), (85, 232), (140, 167), (39, 45)], (200, 250, 214, 217))
([(175, 227), (176, 28), (50, 239)], (250, 224, 240, 194))
([(135, 181), (171, 46), (172, 46), (173, 46)], (191, 130, 214, 11))
([(102, 181), (42, 167), (3, 85)], (166, 231, 234, 254))
([(158, 79), (172, 77), (114, 29)], (28, 225, 101, 145))
([(58, 56), (16, 36), (6, 31), (5, 31), (5, 31), (2, 107), (3, 114), (7, 140)], (228, 232, 219, 244))
([(40, 181), (16, 140), (16, 140), (11, 169)], (137, 199, 176, 221))
([(148, 84), (82, 153), (80, 155)], (101, 254, 130, 31))
([(41, 60), (85, 68), (129, 75), (164, 81), (180, 4), (179, 4), (43, 26)], (248, 223, 104, 128))
([(0, 158), (124, 127), (84, 94), (70, 95), (59, 96)], (201, 215, 186, 166))
([(62, 22), (58, 191), (94, 79)], (215, 11, 223, 128))
([(58, 178), (58, 178), (60, 109), (158, 129), (162, 130), (168, 131)], (33, 246, 149, 152))
([(140, 23), (160, 14), (56, 224), (121, 80)], (6, 167, 143, 79))
([(38, 47), (138, 30), (92, 152)], (134, 94, 118, 114))
([(134, 130), (49, 227), (46, 230)], (205, 252, 246, 166))
([(68, 79), (172, 31), (48, 174), (43, 178)], (164, 250, 135, 124))
([(180, 182), (10, 61), (28, 98), (75, 196), (96, 240)], (249, 241, 229, 184))
([(17, 82), (128, 76), (128, 76), (134, 62)], (152, 161, 7, 252))
([(148, 161), (60, 3), (60, 124)], (211, 44, 139, 19))
([(110, 62), (114, 92), (63, 200)], (154, 170, 143, 247))
([(33, 126), (50, 112), (153, 132)], (80, 172, 210, 212))
([(176, 13), (137, 77), (95, 146), (160, 127)], (243, 158, 113, 231))
([(178, 149), (169, 6), (78, 18)], (227, 45, 26, 111))
([(3, 187), (20, 21), (21, 21), (69, 36)], (250, 253, 223, 244))
([(44, 102), (68, 100), (34, 49), (72, 40), (104, 100)], (80, 3, 20, 113))
([(99, 111), (109, 115), (127, 112)], (145, 124, 70, 102))
([(73, 102), (17, 90), (2, 68)], (154, 121, 212, 78))
([(130, 42), (14, 76), (34, 103), (74, 76), (74, 76)], (11, 84, 24, 202))
([(54, 179), (150, 161), (43, 215)], (217, 136, 145, 201))
([(170, 221), (135, 150), (90, 166), (128, 63), (160, 61), (167, 61)], (231, 186, 208, 140))
([(47, 5), (119, 57), (52, 88)], (207, 23, 87, 201))
([(43, 87), (50, 84), (77, 71), (24, 199)], (138, 240, 185, 130))
([(176, 26), (114, 61), (151, 128), (171, 164)], (119, 94, 45, 66))
([(49, 137), (73, 66), (50, 88), (44, 94)], (158, 174, 20, 200))
([(167, 84), (56, 89), (32, 86), (31, 87)], (181, 129, 167, 19))
([(171, 132), (173, 170), (101, 43)], (250, 118, 22, 203))
([(151, 117), (84, 196), (4, 69)], (26, 101, 15, 43))
([(77, 187), (174, 178), (174, 178), (174, 178), (173, 176), (76, 31), (76, 31)], (86, 0, 10, 255))
([(146, 234), (71, 237), (32, 238), (133, 128)], (240, 218, 234, 98))
([(138, 219), (108, 219), (62, 218), (29, 93)], (245, 255, 196, 252))
([(174, 43), (180, 129), (159, 29), (159, 73)], (201, 58, 56, 219))
([(82, 95), (47, 47), (154, 57)], (249, 228, 62, 191))
([(26, 8), (97, 175), (166, 105), (175, 85), (179, 52), (180, 44)], (221, 96, 17, 164))
([(10, 66), (33, 202), (38, 160), (163, 62), (30, 4), (127, 142)], (237, 176, 232, 84))
([(140, 147), (179, 179), (57, 187), (90, 8)], (118, 75, 93, 93))
([(112, 79), (121, 74), (180, 40), (77, 197)], (253, 71, 65, 213))
([(12, 93), (123, 15), (160, 204), (97, 59), (166, 165), (59, 214)], (223, 250, 244, 211))
([(40, 172), (18, 159), (4, 151), (4, 151), (4, 151), (81, 138)], (229, 152, 242, 73))
([(135, 62), (41, 171), (178, 171), (178, 171)], (252, 32, 142, 199))
([(114, 137), (71, 84), (33, 108)], (175, 33, 218, 130))
([(43, 233), (72, 239), (72, 239), (35, 87)], (226, 234, 181, 142))
([(100, 149), (94, 148), (54, 138), (88, 131)], (74, 86, 13, 41))
([(127, 5), (72, 171), (152, 178), (90, 185)], (213, 12, 53, 104))
([(44, 122), (13, 140), (100, 85), (26, 3)], (254, 167, 223, 146))
([(136, 95), (112, 0), (93, 126), (89, 153)], (252, 149, 43, 254))
([(37, 187), (50, 61), (125, 177)], (151, 165, 132, 119))
([(45, 91), (42, 187), (42, 187), (40, 184)], (171, 2, 208, 121))
([(117, 42), (106, 59), (20, 188), (149, 167)], (1, 37, 142, 104))
([(33, 100), (55, 146), (59, 44), (45, 19)], (19, 34, 11, 98))
([(50, 164), (148, 28), (74, 183)], (133, 189, 111, 43))
([(134, 85), (132, 49), (61, 161)], (214, 63, 146, 220))
([(170, 154), (162, 205), (169, 195)], (62, 226, 239, 68))
([(141, 52), (124, 161), (104, 143), (98, 138)], (241, 32, 92, 192))
([(103, 138), (39, 34), (38, 32), (97, 111)], (238, 41, 74, 182))
([(84, 175), (96, 150), (153, 28), (114, 128), (92, 184)], (243, 161, 32, 205))
([(54, 148), (131, 72), (149, 2)], (170, 235, 84, 162))
([(157, 191), (152, 132), (167, 33), (35, 148)], (184, 70, 100, 153))
([(178, 205), (178, 110), (172, 106), (104, 63)], (189, 63, 60, 115))
([(65, 11), (25, 74), (74, 78)], (141, 59, 8, 61))
([(55, 171), (89, 139), (156, 75), (140, 145), (36, 109)], (190, 104, 60, 197))
([(163, 199), (67, 4), (161, 1)], (250, 57, 52, 172))
([(119, 183), (120, 79), (55, 142)], (203, 99, 30, 244))
([(48, 69), (140, 0), (117, 155)], (222, 140, 144, 144))
([(47, 207), (172, 40), (5, 68)], (231, 191, 125, 19))
([(25, 175), (52, 99), (48, 133), (102, 136), (127, 175), (131, 177)], (168, 36, 22, 105))
([(19, 69), (98, 76), (100, 75), (46, 215), (45, 211), (44, 207)], (242, 54, 162, 35))
([(36, 61), (165, 210), (148, 100), (148, 100), (141, 55), (137, 29), (136, 23)], (234, 20, 44, 67))
([(162, 187), (71, 156), (139, 75), (144, 69)], (222, 131, 38, 75))
([(8, 178), (42, 157), (9, 222), (7, 222)], (193, 229, 188, 70))
([(157, 21), (33, 69), (64, 138)], (186, 10, 19, 120))
([(27, 167), (8, 176), (40, 225)], (6, 111, 220, 29))
([(113, 115), (53, 133), (42, 136), (68, 21), (178, 10)], (254, 66, 12, 98))
