([(1, 29), (58, 19), (136, 5), (15, 112)], (65, 236, 236, 217))
([(135, 0), (47, 47), (26, 5)], (102, 237, 62, 254))
([(107, 239), (20, 233), (83, 123), (4, 36)], (192, 110, 182, 237))
([(122, 185), (174, 168), (179, 9), (26, 67)], (117, 64, 173, 161))
([(98, 4), (26, 185), (8, 207), (4, 212)], (123, 248, 73, 251))
([(7, 114), (1, 58), (1, 58), (3, 57), (11, 55), (37, 49)], (212, 248, 161, 234))
([(10, 188), (178, 120), (42, 24), (31, 16)], (236, 63, 211, 0))
([(180, 139), (36, 52), (47, 74), (167, 11)], (143, 160, 114, 207))
([(63, 238), (119, 161), (88, 231), (86, 236)], (191, 125, 134, 227))
([(16, 23), (123, 72), (41, 121)], (34, 27, 44, 67))
([(111, 206), (79, 238), (108, 151), (76, 211), (78, 239), (24, 75)], (40, 255, 197, 170))
([(43, 87), (77, 71), (67, 95)], (138, 240, 84, 232))
([(100, 149), (137, 123), (80, 133)], (3, 104, 0, 21))
([(31, 176), (1, 127), (43, 238), (23, 102)], (193, 195, 26, 202))
([(135, 88), (104, 133), (68, 185), (88, 27), (158, 129)], (121, 58, 149, 143))
([(92, 53), (76, 202), (166, 48)], (28, 52, 32, 226))
([(1, 208), (73, 231), (151, 88), (2, 157), (0, 159), (0, 159)], (219, 53, 243, 176))
([(157, 93), (178, 218), (179, 224), (21, 194)], (163, 165, 101, 191))
([(32, 10), (94, 217), (86, 224), (86, 128)], (37, 176, 7, 83))
([(3, 235), (172, 180), (132, 214), (6, 33)], (196, 169, 118, 128))
([(131, 129), (28, 20), (36, 87)], (156, 199, 252, 113))
([(164, 238), (171, 156), (70, 46), (63, 44), (37, 36)], (154, 100, 249, 116))
([(0, 227), (30, 16), (42, 25), (66, 44), (70, 227)], (104, 35, 77, 231))
([(134, 167), (157, 30), (10, 81)], (153, 214, 55, 85))
([(106, 67), (29, 109), (135, 161)], (57, 193, 62, 3))
([(173, 1), (138, 87), (180, 216)], (130, 46, 171, 234))
([(96, 172), (120, 185), (130, 221), (25, 77)], (111, 238, 197, 21))
([(22, 110), (99, 21), (105, 14)], (177, 254, 78, 32))
([(11, 45), (51, 57), (120, 116), (155, 21)], (202, 235, 88, 202))
([(171, 0), (154, 47), (162, 24), (116, 46)], (90, 169, 24, 57))
([(63, 217), (69, 222), (85, 237)], (234, 238, 235, 234))
([(1, 227), (138, 217), (117, 184), (39, 60)], (203, 167, 122, 181))
([(6, 239), (177, 105), (46, 90)], (142, 229, 110, 159))
([(106, 232), (108, 236), (108, 236), (9, 62)], (123, 220, 13, 222))
([(98, 240), (134, 103), (152, 35), (77, 104)], (192, 60, 231, 168))
([(81, 34), (4, 9), (140, 103), (138, 109), (135, 119)], (236, 78, 117, 215))
([(40, 210), (4, 184), (118, 22), (118, 22)], (28, 152, 52, 255))
([(9, 233), (43, 176), (147, 2), (99, 2)], (106, 112, 242, 180))
([(26, 16), (91, 203), (3, 229), (3, 229), (2, 86)], (30, 106, 201, 183))
([(65, 105), (85, 134), (44, 140)], (1, 100, 116, 10))
([(147, 145), (123, 75), (77, 145)], (120, 253, 148, 191))
([(1, 53), (47, 77), (59, 157)], (116, 150, 161, 16))
([(54, 225), (171, 47), (26, 148)], (80, 191, 62, 192))
([(104, 13), (6, 19), (4, 87), (29, 93), (91, 191)], (82, 63, 192, 255))
([(30, 1), (23, 133), (1, 46), (17, 1)], (118, 243, 190, 151))
([(100, 38), (14, 107), (17, 88)], (235, 211, 10, 243))
([(67, 0), (146, 17), (1, 124), (70, 101), (159, 71)], (216, 218, 88, 191))
([(11, 200), (137, 170), (141, 170), (29, 129)], (139, 231, 101, 185))
([(54, 152), (109, 98), (161, 46)], (235, 209, 202, 177))
([(150, 239), (74, 217), (58, 214), (109, 155), (105, 118), (101, 82)], (196, 179, 65, 245))
([(58, 52), (172, 240), (102, 137)], (212, 237, 23, 224))
([(173, 154), (161, 204), (73, 182), (176, 238)], (225, 38, 227, 144))
([(134, 192), (39, 170), (66, 99)], (233, 177, 245, 217))
([(165, 232), (160, 232), (155, 232), (15, 83), (162, 67), (165, 64)], (199, 97, 226, 204))
([(75, 136), (24, 34), (23, 33), (23, 33), (19, 30), (3, 18)], (73, 225, 222, 220))
([(19, 88), (68, 115), (33, 198)], (44, 201, 117, 180))
([(176, 13), (128, 92), (102, 135), (160, 127)], (243, 158, 113, 231))
([(19, 212), (166, 157), (81, 67), (19, 1)], (141, 186, 213, 249))
([(78, 202), (31, 84), (16, 82)], (147, 51, 255, 201))
([(68, 79), (122, 26), (125, 23), (129, 19)], (63, 20, 135, 130))
([(10, 64), (179, 137), (46, 165)], (244, 103, 175, 137))
([(86, 15), (96, 46), (79, 169)], (175, 141, 223, 68))
([(172, 81), (85, 236), (59, 152)], (243, 161, 206, 111))
([(123, 188), (71, 214), (144, 68)], (182, 107, 4, 152))
([(4, 222), (24, 150), (65, 3), (1, 75)], (252, 126, 166, 166))
([(6, 131), (96, 82), (96, 82), (35, 155)], (136, 35, 120, 124))
([(20, 101), (67, 147), (59, 135), (0, 47), (109, 160)], (131, 169, 167, 227))
([(20, 6), (13, 92), (99, 34)], (106, 244, 173, 243))
([(12, 216), (113, 226), (5, 9)], (132, 201, 243, 218))
([(24, 17), (112, 0), (179, 227), (89, 153)], (252, 149, 43, 254))
([(30, 1), (35, 1), (51, 1), (26, 180)], (190, 166, 117, 230))
([(62, 1), (62, 1), (58, 0), (58, 0), (12, 226)], (132, 127, 71, 94))
([(40, 49), (13, 180), (53, 1)], (91, 29, 209, 10))
([(54, 106), (91, 135), (4, 127)], (102, 190, 234, 236))
([(73, 3), (110, 22), (142, 118), (176, 219)], (253, 117, 62, 158))
([(0, 210), (0, 210), (3, 161), (158, 220), (91, 115)], (70, 145, 124, 151))
([(145, 71), (129, 75), (145, 78), (164, 81), (180, 4), (179, 4), (43, 26)], (248, 223, 104, 128))
([(93, 239), (103, 202), (97, 43), (29, 236), (29, 236), (29, 236), (28, 232), (18, 191)], (190, 185, 237, 182))
([(86, 181), (153, 186), (119, 170), (7, 118)], (59, 75, 99, 248))
([(28, 229), (39, 221), (93, 36), (48, 44), (9, 227)], (23, 61, 232, 143))
([(58, 3), (6, 235), (25, 205)], (115, 128, 142, 191))
([(89, 79), (173, 134), (146, 59), (136, 31), (178, 48), (180, 13)], (207, 169, 74, 222))
([(10, 66), (176, 110), (163, 62), (121, 44), (30, 4)], (237, 176, 240, 219))
([(171, 238), (54, 165), (76, 240)], (157, 141, 221, 161))
([(59, 226), (70, 146), (128, 195), (129, 196), (165, 226), (149, 205), (131, 182)], (195, 195, 174, 205))
([(140, 161), (131, 77), (177, 230)], (235, 33, 46, 67))
([(133, 81), (81, 141), (99, 224)], (129, 129, 162, 90))
([(79, 228), (48, 189), (32, 212), (32, 212)], (102, 163, 252, 114))
([(4, 201), (88, 103), (103, 86), (157, 187), (72, 221)], (1, 135, 240, 124))
([(172, 224), (86, 235), (50, 239), (1, 149)], (210, 252, 163, 242))
([(1, 155), (15, 0), (148, 209), (180, 231)], (204, 200, 242, 251))
([(122, 147), (88, 170), (51, 196), (31, 189)], (164, 77, 100, 107))
([(13, 46), (4, 11), (90, 8)], (227, 85, 227, 239))
([(180, 110), (44, 39), (55, 212)], (124, 241, 238, 107))
([(84, 49), (49, 1), (104, 106)], (23, 7, 65, 20))
([(77, 99), (57, 65), (119, 156)], (120, 57, 119, 25))
([(17, 226), (82, 153), (31, 164)], (101, 254, 130, 31))
([(174, 206), (172, 205), (121, 189), (109, 98)], (185, 213, 88, 236))
([(101, 71), (104, 123), (76, 76)], (219, 45, 145, 130))
([(126, 168), (113, 161), (66, 164)], (42, 125, 71, 114))
([(32, 203), (160, 240), (177, 172), (1, 43)], (230, 188, 187, 112))
([(176, 144), (77, 3), (117, 205)], (126, 137, 93, 176))
([(166, 160), (23, 102), (19, 110), (1, 148)], (109, 167, 218, 79))
([(178, 226), (168, 214), (160, 205), (150, 99)], (122, 131, 43, 215))
([(152, 16), (31, 8), (32, 227), (177, 235), (32, 227), (38, 234)], (17, 89, 100, 234))
([(178, 87), (150, 41), (16, 74), (158, 122), (169, 233)], (166, 66, 238, 79))
([(180, 208), (21, 238), (132, 148), (160, 20)], (239, 63, 245, 251))
([(8, 41), (43, 41), (155, 132)], (183, 96, 0, 18))
([(40, 238), (111, 191), (22, 237), (22, 237)], (18, 252, 221, 148))
([(165, 130), (40, 179), (87, 228)], (250, 237, 146, 245))
([(162, 1), (144, 4), (3, 26), (17, 205)], (233, 221, 170, 240))
([(23, 219), (43, 149), (63, 200)], (154, 69, 143, 33))
([(33, 208), (22, 209), (6, 210), (42, 112)], (39, 124, 202, 226))
([(157, 158), (156, 34), (116, 91), (172, 89), (180, 207)], (143, 159, 233, 123))
([(13, 68), (60, 86), (114, 78)], (60, 97, 137, 210))
([(16, 140), (15, 146), (11, 169)], (137, 235, 176, 15))
([(3, 13), (101, 61), (142, 52)], (182, 195, 193, 255))
([(20, 62), (1, 144), (0, 198)], (245, 6, 252, 11))
([(115, 128), (15, 193), (114, 75)], (147, 84, 169, 224))
([(112, 144), (150, 38), (179, 194), (131, 176), (110, 68)], (206, 225, 203, 234))
([(30, 85), (23, 100), (20, 107), (12, 125), (5, 141), (99, 84)], (157, 221, 247, 208))
([(11, 237), (156, 2), (25, 128)], (51, 195, 252, 115))
([(74, 182), (152, 165), (86, 126)], (24, 3, 124, 70))
([(51, 63), (30, 62), (88, 24)], (156, 134, 134, 139))
([(86, 27), (32, 101), (152, 52)], (129, 32, 14, 191))
([(23, 181), (41, 28), (107, 176)], (189, 86, 127, 210))
([(129, 196), (90, 199), (64, 119)], (98, 46, 70, 159))
([(80, 33), (168, 0), (105, 144)], (201, 146, 90, 249))
([(14, 72), (124, 192), (114, 21)], (102, 147, 143, 226))
([(58, 133), (85, 148), (12, 86), (43, 9), (9, 1)], (228, 209, 251, 201))
([(5, 46), (74, 58), (79, 216), (46, 238), (51, 36), (132, 2), (129, 147)], (255, 247, 221, 240))
([(14, 114), (174, 154), (100, 134)], (20, 138, 14, 120))
([(105, 83), (82, 20), (88, 0), (90, 0), (97, 0), (144, 2)], (126, 109, 108, 247))
([(105, 135), (156, 6), (110, 1)], (190, 136, 33, 163))
([(143, 54), (160, 179), (2, 159)], (57, 254, 179, 87))
([(71, 194), (14, 68), (17, 100)], (44, 221, 17, 247))
([(0, 158), (124, 127), (86, 73), (61, 94), (59, 96)], (201, 215, 186, 209))
([(129, 29), (31, 74), (114, 29)], (28, 58, 101, 77))
([(16, 178), (75, 148), (157, 188)], (105, 91, 84, 250))
([(20, 238), (38, 221), (171, 220)], (51, 1, 121, 166))
([(45, 76), (27, 20), (20, 181)], (226, 170, 114, 206))
([(59, 138), (130, 178), (56, 26)], (227, 155, 204, 144))
([(130, 15), (117, 155), (109, 13), (141, 221), (159, 171), (120, 183), (61, 38), (153, 117), (51, 177), (46, 1)], (214, 76, 25, 244))
([(103, 138), (101, 144), (84, 195), (81, 178), (79, 181)], (149, 116, 247, 186))
([(135, 181), (138, 170), (168, 57), (170, 50), (172, 46), (172, 46), (172, 46), (173, 46)], (120, 130, 102, 25))
([(113, 50), (53, 109), (179, 208)], (192, 246, 241, 235))
([(163, 213), (1, 162), (27, 133)], (230, 236, 244, 240))
([(152, 33), (138, 240), (82, 193)], (195, 113, 197, 238))
([(180, 70), (163, 144), (151, 197), (77, 22)], (192, 115, 140, 231))
([(23, 133), (49, 144), (64, 151), (170, 199), (125, 47)], (44, 0, 112, 243))
([(144, 182), (79, 186), (64, 162)], (185, 154, 180, 101))
([(179, 103), (177, 94), (173, 76)], (246, 146, 126, 222))
([(105, 194), (46, 202), (88, 169)], (170, 204, 200, 246))
([(173, 142), (6, 236), (96, 235), (164, 235)], (134, 223, 230, 184))
([(137, 100), (134, 102), (43, 7)], (50, 40, 140, 108))
([(37, 145), (52, 162), (161, 185)], (104, 203, 66, 192))
([(144, 3), (139, 89), (136, 140), (136, 140), (79, 58), (77, 55)], (222, 41, 114, 186))
([(17, 238), (142, 87), (105, 72), (49, 49)], (90, 178, 186, 78))
([(105, 53), (135, 87), (178, 135), (177, 136)], (235, 101, 152, 167))
([(169, 173), (69, 230), (142, 237), (148, 238), (177, 240)], (161, 243, 90, 48))
([(180, 151), (171, 212), (161, 14)], (183, 245, 177, 206))
([(164, 213), (174, 27), (175, 8), (14, 20), (2, 19)], (244, 183, 245, 152))
([(176, 198), (146, 186), (107, 148), (138, 42)], (213, 183, 253, 246))
([(180, 156), (174, 22), (174, 22), (173, 23), (168, 28), (99, 95)], (164, 54, 22, 171))
([(2, 42), (113, 40), (179, 109), (178, 91), (175, 39), (104, 171)], (218, 206, 57, 59))
([(106, 5), (44, 10), (148, 103)], (224, 105, 85, 251))
([(150, 0), (105, 113), (157, 126), (178, 1)], (172, 79, 82, 177))
([(91, 168), (59, 93), (77, 101)], (166, 70, 206, 225))
([(170, 104), (86, 30), (170, 22)], (228, 56, 168, 204))
([(18, 125), (26, 135), (113, 240), (39, 72), (114, 240), (136, 234)], (228, 241, 234, 239))
([(76, 114), (43, 210), (97, 84), (131, 4)], (255, 252, 81, 178))
([(19, 69), (174, 122), (83, 183), (78, 186)], (182, 180, 83, 200))
([(37, 22), (114, 20), (127, 67), (140, 113)], (6, 48, 56, 79))
([(48, 1), (75, 24), (50, 145)], (244, 69, 33, 158))
([(34, 226), (18, 165), (27, 234), (121, 159)], (10, 53, 136, 32))
([(54, 188), (85, 187), (100, 187), (92, 163), (179, 184), (52, 68)], (60, 212, 163, 249))
([(59, 169), (37, 182), (42, 160)], (93, 175, 20, 72))
([(99, 75), (55, 155), (59, 148), (85, 232), (103, 211), (140, 167), (55, 35)], (200, 250, 200, 228))
([(175, 227), (124, 68), (85, 158), (50, 239)], (250, 224, 240, 194))
([(102, 181), (69, 167), (30, 150), (138, 126)], (166, 231, 234, 254))
([(85, 90), (16, 36), (6, 31), (5, 31), (2, 107), (3, 114), (7, 140)], (228, 232, 219, 244))
([(156, 115), (176, 160), (143, 133), (124, 117), (86, 85)], (131, 117, 18, 207))
([(40, 132), (58, 117), (96, 86), (80, 154)], (30, 114, 132, 194))
([(38, 47), (138, 30), (117, 43), (92, 152)], (134, 94, 153, 114))
([(180, 182), (49, 160), (30, 157), (96, 240)], (249, 241, 229, 184))
([(17, 82), (128, 76), (134, 62), (134, 62)], (152, 161, 7, 252))
([(146, 19), (60, 3), (33, 80), (60, 124)], (211, 44, 139, 59))
([(33, 126), (50, 112), (153, 132)], (80, 172, 210, 212))
([(139, 174), (56, 0), (169, 6), (78, 18)], (227, 45, 26, 176))
([(3, 187), (20, 21), (76, 60), (69, 36)], (250, 253, 223, 180))
([(11, 175), (129, 33), (126, 68), (7, 119), (4, 125)], (233, 242, 248, 85))
([(47, 102), (68, 100), (34, 49), (57, 43)], (80, 3, 20, 113))
([(62, 22), (58, 191), (94, 79)], (211, 11, 223, 128))
([(169, 113), (17, 90), (4, 71), (2, 68)], (154, 89, 212, 145))
([(41, 183), (67, 111), (93, 174), (96, 181)], (38, 11, 199, 51))
([(54, 179), (170, 1), (43, 215)], (217, 136, 145, 89))
([(130, 42), (14, 76), (96, 159), (90, 136), (74, 76), (71, 137)], (11, 69, 24, 202))
([(1, 68), (94, 119), (124, 141), (176, 125), (19, 95)], (239, 95, 137, 220))
([(47, 5), (119, 57), (52, 88)], (207, 23, 87, 201))
([(176, 26), (35, 7), (171, 164)], (163, 94, 45, 66))
([(44, 60), (41, 61), (44, 94)], (158, 174, 20, 200))
([(167, 84), (56, 89), (38, 87), (94, 68)], (181, 198, 253, 19))
([(151, 117), (84, 196), (54, 148), (4, 69)], (26, 101, 15, 43))
([(77, 187), (115, 183), (174, 178), (173, 176), (87, 47), (76, 31)], (40, 0, 20, 255))
([(146, 234), (71, 237), (32, 238), (133, 128)], (240, 218, 251, 98))
([(134, 130), (49, 227), (47, 229), (47, 229), (85, 101)], (205, 252, 246, 166))
([(170, 221), (165, 202), (128, 63), (37, 153), (167, 61)], (231, 186, 208, 37))
([(177, 231), (163, 236), (164, 158)], (176, 188, 12, 139))
([(26, 8), (97, 175), (175, 85), (179, 52), (180, 44)], (221, 96, 17, 164))
([(82, 18), (180, 40), (77, 197)], (253, 87, 65, 213))
([(140, 147), (179, 179), (57, 187)], (118, 75, 146, 93))
([(80, 152), (122, 92), (153, 48), (155, 20)], (138, 25, 208, 218))
([(154, 48), (131, 81), (77, 125)], (145, 151, 74, 54))
([(12, 93), (123, 15), (160, 204), (146, 26), (136, 119), (166, 165), (59, 214)], (231, 250, 244, 211))
([(138, 219), (138, 219), (136, 219), (115, 219), (108, 219)], (245, 255, 196, 39))
([(40, 172), (4, 151), (4, 151), (4, 151), (81, 138)], (229, 199, 242, 105))
([(135, 62), (41, 171), (178, 171)], (252, 32, 142, 199))
([(113, 136), (45, 100), (35, 107)], (175, 180, 164, 211))
([(43, 233), (72, 239), (72, 239), (44, 124), (35, 87)], (226, 234, 181, 164))
([(132, 54), (152, 178), (90, 185)], (99, 12, 53, 104))
([(44, 122), (100, 85), (26, 3)], (254, 167, 223, 68))
([(37, 187), (50, 61), (125, 177)], (151, 121, 64, 119))
([(171, 132), (173, 170), (98, 4)], (250, 118, 60, 218))
([(45, 91), (42, 187), (40, 184)], (68, 2, 99, 148))
([(117, 42), (20, 188), (80, 178)], (1, 37, 123, 104))
([(170, 154), (162, 205), (169, 195)], (27, 71, 47, 68))
([(99, 46), (159, 78), (48, 133)], (168, 232, 150, 104))
([(50, 164), (148, 28), (104, 120), (74, 183)], (133, 144, 111, 178))
([(134, 85), (132, 49), (61, 161)], (214, 93, 146, 220))
([(141, 52), (124, 161), (105, 144), (104, 143), (98, 138)], (241, 32, 92, 192))
([(103, 138), (48, 49), (45, 44), (39, 34), (116, 175)], (238, 41, 74, 182))
([(33, 100), (55, 146), (45, 19)], (19, 20, 11, 98))
([(54, 148), (131, 72), (145, 18), (149, 2)], (217, 235, 84, 137))
([(178, 205), (178, 110), (178, 110), (172, 106), (110, 8)], (189, 63, 60, 115))
([(59, 17), (152, 132), (158, 92), (161, 10), (95, 96), (35, 148)], (184, 70, 100, 153))
([(174, 43), (180, 129), (159, 29)], (250, 58, 56, 219))
([(55, 171), (140, 145), (36, 109)], (190, 104, 60, 197))
([(65, 11), (25, 74), (74, 78)], (141, 59, 8, 16))
([(119, 183), (120, 79), (55, 142)], (203, 99, 30, 205))
([(48, 69), (140, 0), (117, 155)], (222, 43, 144, 144))
([(47, 207), (172, 40), (5, 68)], (231, 191, 125, 19))
([(25, 175), (48, 133), (61, 134), (102, 136), (131, 177)], (168, 36, 22, 105))
([(19, 69), (98, 76), (100, 75), (46, 215), (44, 207)], (242, 54, 162, 5))
([(36, 61), (148, 100), (148, 100), (141, 55), (83, 115), (136, 23)], (234, 20, 44, 67))
([(162, 187), (71, 156), (109, 111), (144, 69)], (222, 131, 38, 102))
([(163, 199), (128, 128), (67, 4), (150, 1), (161, 1)], (250, 57, 52, 172))
([(8, 178), (42, 157), (38, 165), (9, 222), (33, 142)], (193, 229, 188, 116))
([(157, 21), (155, 22), (33, 69), (45, 96), (64, 138)], (186, 18, 19, 120))
([(27, 167), (8, 176), (46, 237)], (6, 111, 220, 29))
([(113, 115), (133, 189), (42, 136), (68, 21), (178, 10)], (254, 66, 12, 98))
