([(56, 170), (55, 46), (18, 73)], (28, 78, 89, 215))
([(125, 59), (85, 232), (140, 167), (39, 45)], (159, 129, 195, 217))
([(68, 23), (33, 126), (89, 36), (153, 132), (155, 152), (155, 152)], (240, 87, 210, 32))
([(71, 131), (71, 131), (77, 121), (78, 119), (119, 49)], (73, 225, 222, 135))
([(40, 238), (48, 167), (47, 166), (111, 191), (113, 192), (119, 195)], (47, 252, 221, 148))
([(117, 233), (82, 67), (122, 216)], (236, 53, 243, 109))
([(99, 59), (101, 63), (12, 86), (77, 3), (31, 117), (121, 209)], (121, 213, 93, 68))
([(141, 77), (20, 23), (180, 194), (179, 194), (76, 156)], (206, 225, 177, 234))
([(55, 53), (115, 28), (92, 75), (33, 152), (25, 162)], (164, 82, 13, 197))
([(59, 138), (62, 135), (138, 62), (166, 35), (59, 132)], (2, 68, 148, 108))
([(164, 89), (133, 129), (66, 214)], (90, 125, 39, 221))
([(111, 9), (32, 101), (32, 101), (22, 75), (21, 72), (7, 35)], (129, 32, 35, 232))
([(122, 197), (163, 193), (31, 16)], (116, 57, 237, 156))
([(147, 79), (136, 153), (144, 106), (28, 181)], (22, 209, 70, 148))
([(123, 122), (125, 64), (34, 35)], (146, 40, 165, 73))
([(78, 150), (87, 129), (87, 129), (98, 108)], (168, 7, 109, 54))
([(157, 100), (148, 74), (142, 56), (51, 29), (16, 174)], (190, 24, 61, 180))
([(86, 209), (126, 61), (57, 229)], (69, 250, 213, 234))
([(96, 11), (89, 13), (22, 80), (64, 230)], (106, 37, 81, 153))
([(81, 34), (30, 218), (86, 64)], (143, 78, 8, 0))
([(59, 129), (131, 229), (48, 78)], (198, 254, 78, 91))
([(125, 145), (116, 92), (59, 96)], (201, 215, 144, 55))
([(104, 173), (1, 155), (31, 89), (57, 32)], (137, 100, 82, 141))
([(63, 13), (47, 47), (154, 57)], (249, 228, 62, 162))
([(88, 118), (145, 182), (121, 21)], (157, 97, 119, 172))
([(131, 229), (46, 171), (4, 36)], (192, 15, 181, 237))
([(138, 168), (86, 137), (153, 188), (82, 112), (79, 109)], (29, 225, 164, 37))
([(79, 228), (145, 215), (115, 169), (121, 225), (32, 212)], (42, 238, 127, 60))
([(5, 46), (5, 46), (5, 46), (6, 46), (9, 47), (142, 69), (46, 238), (103, 100), (78, 181), (124, 100), (129, 91)], (57, 84, 221, 177))
([(177, 98), (11, 6), (161, 1)], (49, 57, 52, 172))
([(147, 127), (168, 166), (147, 120)], (6, 167, 143, 153))
([(29, 87), (15, 197), (150, 221), (145, 155), (140, 162)], (48, 95, 99, 175))
([(43, 194), (62, 197), (120, 208), (128, 209)], (148, 6, 133, 6))
([(19, 137), (174, 99), (171, 105), (125, 5)], (104, 132, 41, 231))
([(93, 53), (12, 235), (149, 75), (68, 55), (63, 50), (17, 1), (34, 59)], (82, 243, 151, 146))
([(21, 82), (28, 164), (61, 162)], (101, 206, 229, 200))
([(34, 87), (26, 158), (17, 170)], (128, 127, 114, 202))
([(97, 238), (177, 105), (147, 35)], (142, 105, 110, 159))
([(28, 20), (160, 240), (111, 19), (108, 6)], (230, 49, 169, 97))
([(1, 29), (136, 5), (177, 135), (60, 227)], (65, 236, 182, 154))
([(101, 11), (10, 48), (31, 226), (64, 226)], (156, 248, 103, 113))
([(49, 137), (95, 207), (44, 94)], (158, 174, 91, 122))
([(88, 131), (85, 127), (33, 63), (2, 58)], (123, 119, 13, 2))
([(174, 210), (9, 68), (20, 105), (30, 139), (39, 105), (158, 59)], (213, 85, 102, 246))
([(42, 47), (168, 0), (130, 72), (90, 148), (105, 144), (55, 120), (8, 97), (128, 37), (88, 86), (69, 124)], (201, 146, 163, 49))
([(106, 183), (77, 140), (73, 134), (29, 70)], (63, 108, 112, 87))
([(71, 180), (81, 106), (89, 47), (69, 8)], (124, 245, 190, 29))
([(180, 208), (20, 182), (34, 223)], (239, 63, 245, 202))
([(23, 181), (68, 58), (153, 32)], (232, 50, 14, 26))
([(4, 201), (120, 66), (133, 51), (133, 51), (91, 207)], (39, 215, 193, 177))
([(105, 128), (114, 200), (15, 122)], (116, 181, 46, 214))
([(154, 47), (88, 0), (90, 0), (144, 2)], (126, 109, 108, 158))
([(105, 139), (127, 1), (2, 46)], (112, 85, 177, 29))
([(123, 147), (64, 163), (60, 145), (35, 36)], (139, 147, 111, 158))
([(39, 81), (20, 219), (73, 131), (95, 95)], (34, 116, 233, 145))
([(41, 95), (67, 60), (147, 117)], (51, 1, 121, 53))
([(172, 231), (152, 45), (23, 18), (22, 198)], (117, 64, 173, 161))
([(178, 149), (169, 6), (169, 6), (78, 18)], (227, 45, 213, 104))
([(82, 227), (77, 143), (54, 165), (12, 204)], (157, 220, 221, 161))
([(172, 224), (111, 231), (137, 15)], (210, 225, 86, 242))
([(137, 100), (29, 75), (134, 102), (43, 7)], (50, 19, 163, 108))
([(17, 238), (162, 94), (142, 87), (73, 38)], (148, 178, 113, 221))
([(16, 207), (93, 90), (55, 161)], (131, 127, 18, 1))
([(77, 213), (138, 163), (49, 99)], (165, 229, 223, 144))
([(104, 117), (117, 42), (94, 106), (76, 156), (149, 167)], (1, 37, 142, 1))
([(120, 109), (157, 141), (106, 114), (6, 61)], (28, 82, 101, 132))
([(118, 23), (125, 40), (174, 156), (171, 129), (162, 48)], (57, 111, 225, 226))
([(108, 236), (8, 99), (83, 64)], (121, 41, 37, 232))
([(169, 45), (152, 51), (142, 52)], (28, 182, 193, 226))
([(104, 204), (105, 200), (116, 160), (152, 30), (33, 73), (55, 45), (60, 39)], (22, 121, 7, 49))
([(82, 166), (110, 187), (152, 186), (174, 186), (106, 119)], (2, 225, 49, 52))
([(121, 44), (108, 206), (112, 163)], (80, 215, 96, 19))
([(165, 35), (21, 225), (36, 89)], (108, 97, 204, 204))
([(42, 203), (178, 87), (49, 156), (92, 184), (169, 233)], (140, 66, 238, 79))
([(58, 56), (5, 31), (2, 107), (2, 107)], (125, 232, 73, 191))
([(143, 194), (130, 130), (38, 94), (144, 228)], (181, 47, 223, 134))
([(44, 109), (4, 145), (21, 28)], (225, 38, 227, 144))
([(162, 1), (3, 26), (36, 111), (44, 131)], (233, 152, 55, 240))
([(175, 227), (176, 28), (37, 227)], (250, 224, 203, 219))
([(1, 68), (137, 143), (99, 222), (135, 59), (138, 45), (129, 150), (19, 95)], (47, 55, 137, 220))
([(39, 216), (57, 170), (122, 5), (27, 111), (96, 11), (38, 189)], (134, 51, 83, 201))
([(174, 19), (174, 19), (174, 19), (127, 172), (44, 129), (93, 173), (8, 103)], (2, 90, 167, 54))
([(26, 16), (3, 229), (2, 86)], (11, 7, 201, 135))
([(146, 71), (164, 73), (47, 183)], (168, 46, 42, 139))
([(90, 173), (117, 239), (36, 196)], (32, 152, 2, 216))
([(96, 184), (104, 76), (150, 162)], (16, 192, 12, 16))
([(118, 205), (43, 163), (5, 142), (69, 115), (167, 110)], (142, 86, 67, 146))
([(177, 107), (102, 103), (101, 103), (39, 195)], (157, 43, 60, 0))
([(90, 127), (29, 172), (15, 22), (58, 31), (114, 42)], (168, 103, 136, 13))
([(67, 41), (67, 87), (72, 99), (82, 61)], (44, 159, 233, 53))
([(33, 174), (122, 106), (74, 7), (95, 6)], (102, 181, 134, 243))
([(13, 74), (8, 102), (4, 125), (114, 31)], (213, 5, 235, 234))
([(28, 229), (48, 21), (107, 95), (48, 44), (9, 227)], (23, 61, 70, 97))
([(180, 139), (14, 8), (99, 171), (98, 174)], (128, 147, 114, 204))
([(157, 191), (152, 132), (35, 148), (107, 177)], (184, 70, 100, 210))
([(97, 61), (143, 119), (114, 64)], (33, 129, 167, 2))
([(3, 178), (1, 162), (62, 182), (51, 167), (34, 143), (27, 133)], (51, 236, 160, 80))
([(178, 48), (24, 240), (6, 99)], (145, 151, 74, 156))
([(92, 31), (64, 101), (110, 1)], (190, 229, 70, 145))
([(119, 202), (149, 134), (163, 102), (131, 4)], (213, 75, 120, 178))
([(3, 235), (70, 14), (6, 33)], (71, 90, 118, 128))
([(32, 239), (1, 58), (37, 49)], (212, 227, 161, 154))
([(152, 16), (18, 209), (32, 227), (38, 234)], (17, 89, 36, 234))
([(119, 182), (143, 107), (145, 101), (5, 9)], (132, 27, 222, 224))
([(130, 131), (30, 85), (5, 141), (152, 162), (104, 52)], (157, 221, 133, 130))
([(11, 237), (156, 2), (98, 58), (25, 128)], (51, 252, 252, 106))
([(58, 3), (102, 106), (48, 123), (35, 169), (25, 205)], (115, 128, 19, 57))
([(104, 13), (6, 19), (130, 204), (31, 26)], (82, 129, 192, 88))
([(140, 111), (138, 226), (16, 195), (161, 17)], (91, 214, 30, 0))
([(169, 173), (149, 173), (69, 230), (177, 240)], (161, 243, 90, 10))
([(56, 15), (144, 172), (30, 82)], (138, 67, 149, 241))
([(122, 17), (140, 161), (81, 12), (125, 119)], (235, 242, 74, 59))
([(64, 111), (138, 185), (115, 135), (105, 113), (178, 1)], (4, 170, 25, 74))
([(38, 65), (109, 60), (83, 111), (25, 165)], (173, 149, 55, 140))
([(84, 140), (92, 53), (75, 211)], (24, 207, 21, 9))
([(31, 38), (83, 101), (67, 19), (56, 208), (13, 92), (50, 216), (137, 76)], (76, 151, 173, 218))
([(40, 172), (4, 151), (4, 151), (118, 229)], (229, 152, 71, 97))
([(169, 129), (125, 175), (122, 178)], (164, 246, 165, 78))
([(86, 95), (30, 177), (56, 168), (148, 135)], (7, 184, 114, 236))
([(162, 161), (101, 225), (31, 176), (1, 127), (85, 62), (95, 54)], (193, 195, 26, 144))
([(118, 24), (46, 97), (4, 11), (90, 8)], (227, 17, 250, 159))
([(152, 183), (17, 18), (159, 80)], (195, 103, 102, 137))
([(177, 183), (174, 22), (47, 139), (103, 239)], (82, 148, 74, 171))
([(33, 208), (171, 154), (6, 210), (42, 112)], (39, 124, 252, 65))
([(143, 8), (54, 35), (10, 154)], (76, 3, 77, 202))
([(102, 171), (58, 191), (94, 79)], (86, 206, 44, 228))
([(144, 3), (136, 140), (77, 55)], (228, 41, 56, 83))
([(130, 15), (127, 47), (117, 155), (129, 108), (143, 240), (61, 38), (46, 1), (61, 238)], (214, 76, 25, 37))
([(80, 114), (89, 132), (129, 213)], (216, 158, 100, 89))
([(87, 189), (78, 65), (75, 24), (114, 13)], (244, 162, 33, 153))
([(103, 73), (16, 95), (45, 117), (64, 128), (161, 185)], (104, 124, 203, 192))
([(2, 42), (175, 39), (107, 69), (78, 82)], (218, 66, 57, 59))
([(164, 108), (117, 230), (113, 240), (136, 234)], (228, 10, 210, 239))
([(153, 109), (168, 218), (170, 233), (44, 220)], (185, 154, 180, 12))
([(116, 54), (30, 191), (30, 191)], (145, 143, 222, 123))
([(7, 46), (91, 32), (155, 21), (172, 219)], (202, 115, 206, 182))
([(98, 236), (178, 178), (66, 111), (44, 128), (23, 144)], (219, 45, 71, 153))
([(172, 147), (105, 37), (97, 46), (75, 69), (47, 99), (56, 99)], (86, 22, 73, 54))
([(127, 211), (67, 160), (97, 77), (157, 175)], (103, 6, 94, 73))
([(94, 16), (102, 215), (2, 68)], (158, 211, 212, 127))
([(27, 167), (38, 216), (40, 225)], (45, 115, 50, 29))
([(19, 69), (94, 79), (100, 75), (174, 24), (44, 207)], (242, 54, 162, 224))
([(85, 65), (140, 107), (135, 150), (59, 177), (147, 82), (167, 61)], (231, 186, 208, 6))
([(156, 175), (117, 119), (68, 97), (114, 127)], (202, 78, 183, 0))
([(43, 144), (82, 122), (85, 120)], (81, 254, 130, 91))
([(136, 197), (93, 81), (26, 59)], (60, 212, 163, 52))
([(37, 17), (49, 37), (144, 195), (74, 21), (139, 14)], (62, 46, 8, 70))
([(93, 39), (41, 60), (68, 161), (126, 196), (155, 214), (43, 26)], (248, 223, 162, 128))
([(101, 201), (134, 36), (147, 149)], (10, 214, 59, 21))
([(5, 128), (54, 116), (21, 142), (23, 71)], (139, 118, 143, 226))
([(40, 181), (16, 140), (15, 146), (11, 169)], (137, 199, 121, 221))
([(83, 34), (68, 79), (180, 59), (43, 178)], (133, 250, 67, 83))
([(111, 206), (78, 239), (49, 55), (24, 75)], (30, 192, 81, 170))
([(152, 196), (93, 8), (10, 61), (136, 132), (96, 240)], (249, 116, 208, 184))
([(23, 101), (87, 78), (52, 44)], (186, 102, 175, 10))
([(161, 164), (3, 130), (3, 130)], (40, 44, 15, 27))
([(147, 221), (102, 181), (136, 80), (139, 36), (3, 85)], (166, 104, 218, 138))
([(36, 61), (175, 80), (165, 210), (148, 100), (136, 23)], (234, 20, 44, 67))
([(171, 217), (61, 77), (68, 77), (96, 78), (173, 181), (83, 60)], (205, 157, 218, 193))
([(8, 161), (9, 161), (98, 187), (66, 231)], (119, 177, 251, 109))
([(101, 54), (80, 188), (77, 167)], (13, 134, 220, 215))
([(107, 159), (83, 62), (75, 53)], (199, 98, 109, 252))
([(145, 185), (51, 1), (26, 180), (144, 133)], (190, 81, 117, 230))
([(162, 44), (106, 214), (69, 26)], (222, 150, 144, 236))
([(35, 79), (128, 76), (134, 62)], (152, 71, 37, 221))
([(77, 84), (27, 20), (109, 186)], (226, 170, 114, 177))
([(139, 179), (154, 31), (144, 68)], (176, 107, 140, 19))
([(2, 197), (20, 21), (69, 36), (171, 126)], (208, 127, 223, 244))
([(104, 151), (72, 239), (35, 87), (22, 73)], (226, 234, 181, 139))
([(84, 152), (21, 59), (7, 162)], (235, 211, 150, 164))
([(18, 104), (68, 100), (47, 68), (34, 49), (89, 36), (49, 20), (95, 37), (144, 140), (83, 117)], (226, 98, 83, 54))
([(130, 42), (14, 76), (120, 221), (74, 76)], (3, 84, 24, 149))
([(90, 122), (93, 99), (42, 152), (112, 157)], (137, 36, 221, 156))
([(151, 197), (60, 109), (18, 186)], (33, 182, 81, 234))
([(116, 184), (64, 144), (135, 160)], (74, 13, 13, 103))
([(162, 194), (153, 128), (33, 108)], (175, 33, 37, 204))
([(114, 117), (84, 196), (4, 69)], (26, 101, 15, 43))
([(27, 158), (47, 5), (119, 57), (52, 88)], (207, 23, 87, 201))
([(55, 104), (98, 95), (164, 132), (172, 137), (130, 79)], (98, 207, 70, 221))
([(105, 200), (111, 29), (112, 0), (89, 153)], (252, 149, 43, 254))
([(173, 142), (148, 152), (143, 154), (93, 173), (6, 236), (164, 235)], (134, 223, 166, 153))
([(61, 85), (173, 134), (180, 13)], (169, 169, 100, 87))
([(171, 132), (173, 170), (174, 189), (101, 43)], (250, 118, 22, 153))
([(102, 71), (83, 96), (77, 104)], (141, 126, 4, 130))
([(84, 175), (157, 20), (91, 187), (83, 62)], (46, 167, 22, 205))
([(116, 85), (53, 109), (179, 208)], (174, 246, 241, 235))
([(171, 0), (134, 104), (115, 43)], (90, 169, 199, 118))
([(110, 43), (110, 43), (121, 159)], (11, 126, 16, 22))
([(176, 26), (114, 61), (29, 128)], (119, 94, 45, 66))
([(138, 219), (62, 218), (168, 169)], (44, 255, 196, 252))
([(111, 186), (77, 187), (174, 178), (76, 31)], (86, 0, 10, 255))
([(69, 117), (60, 90), (43, 215)], (205, 136, 144, 201))
([(146, 234), (32, 238), (23, 238), (133, 128)], (240, 218, 147, 195))
([(106, 182), (71, 194), (67, 195), (14, 214), (18, 110)], (62, 234, 144, 83))
([(121, 35), (104, 145), (108, 226)], (154, 53, 148, 25))
([(174, 43), (180, 129), (155, 10), (142, 177), (159, 73)], (201, 58, 56, 219))
([(10, 66), (35, 214), (123, 41), (176, 69), (127, 142)], (237, 176, 232, 164))
([(58, 133), (90, 212), (9, 1)], (180, 209, 247, 112))
([(140, 147), (179, 179), (19, 189)], (129, 90, 245, 93))
([(43, 87), (19, 214), (24, 199)], (138, 240, 174, 41))
([(135, 62), (41, 171), (178, 171)], (252, 32, 221, 127))
([(12, 93), (30, 86), (97, 59), (95, 68), (59, 214)], (218, 250, 244, 203))
([(58, 119), (47, 118), (46, 118), (173, 219)], (147, 185, 209, 128))
([(63, 164), (121, 75), (96, 151), (19, 105)], (154, 170, 143, 247))
([(26, 8), (141, 88), (166, 105), (177, 67), (179, 52), (180, 44)], (172, 96, 17, 239))
([(8, 178), (122, 230), (7, 222)], (193, 218, 188, 70))
([(112, 79), (180, 40), (66, 219)], (253, 71, 65, 213))
([(97, 214), (101, 58), (115, 73)], (171, 228, 87, 107))
([(59, 226), (47, 118), (178, 190)], (195, 175, 174, 205))
([(86, 179), (72, 171), (76, 174), (90, 185)], (86, 12, 53, 104))
([(8, 94), (123, 79), (147, 5)], (160, 196, 137, 38))
([(44, 122), (178, 92), (100, 85), (26, 3)], (233, 167, 223, 146))
([(37, 187), (50, 61), (125, 177), (87, 121)], (151, 165, 132, 239))
([(4, 39), (177, 231), (169, 186), (164, 158)], (94, 3, 12, 11))
([(103, 138), (107, 181), (97, 111)], (109, 73, 74, 136))
([(12, 45), (59, 80), (159, 71)], (216, 218, 101, 12))
([(87, 194), (77, 19), (74, 183)], (24, 189, 111, 46))
([(45, 91), (42, 187), (83, 168)], (171, 158, 208, 121))
([(164, 213), (109, 188), (2, 19), (111, 4)], (244, 183, 203, 152))
([(44, 190), (168, 191), (37, 115)], (77, 216, 242, 215))
([(33, 100), (61, 158), (61, 158), (59, 44), (37, 4)], (19, 121, 33, 98))
([(149, 153), (61, 161), (163, 106)], (214, 63, 146, 220))
([(0, 210), (3, 161), (30, 158)], (116, 145, 63, 151))
([(9, 233), (147, 2), (180, 140)], (199, 112, 37, 121))
([(159, 195), (92, 117), (158, 197), (2, 159), (21, 223)], (57, 254, 179, 64))
([(180, 70), (145, 66), (119, 63), (151, 197), (104, 219)], (156, 115, 140, 196))
([(127, 142), (128, 192), (68, 115)], (152, 144, 164, 1))
([(121, 162), (138, 240), (115, 155)], (195, 113, 197, 153))
([(90, 206), (34, 129), (51, 135)], (91, 116, 139, 219))
([(57, 135), (99, 97), (114, 93), (172, 77), (78, 196)], (28, 225, 101, 138))
([(28, 159), (178, 205), (178, 110), (104, 63)], (189, 63, 60, 36))
([(122, 3), (56, 21), (25, 74), (141, 84)], (73, 59, 17, 61))
([(157, 98), (55, 171), (104, 81), (156, 75), (140, 145), (36, 109)], (180, 104, 60, 79))
([(134, 130), (170, 145), (46, 230), (127, 62)], (205, 252, 246, 42))
([(119, 183), (120, 79), (77, 7), (86, 5), (55, 142)], (203, 99, 30, 244))
([(47, 207), (172, 40), (2, 158)], (231, 191, 125, 19))
([(105, 194), (77, 174), (44, 207), (99, 224)], (141, 204, 200, 131))
([(131, 72), (149, 2), (67, 169)], (170, 170, 84, 23))
([(25, 175), (42, 130), (32, 4), (131, 177)], (168, 36, 136, 88))
([(59, 77), (50, 82), (137, 228)], (61, 3, 47, 81))
([(101, 3), (49, 129), (162, 125)], (147, 40, 31, 124))
([(135, 181), (132, 33), (173, 46)], (191, 130, 38, 11))
([(163, 103), (156, 103), (144, 103), (107, 105)], (224, 105, 217, 46))
([(11, 200), (179, 103), (173, 76)], (246, 146, 192, 147))
([(110, 12), (176, 13), (95, 146), (160, 127)], (243, 158, 113, 231))
([(33, 64), (19, 200), (162, 187), (144, 69)], (222, 131, 38, 164))
([(157, 21), (33, 69), (64, 138)], (186, 10, 26, 120))
([(7, 43), (75, 208), (4, 125)], (60, 227, 174, 4))
([(113, 115), (99, 113), (42, 136), (7, 119), (178, 10)], (254, 36, 161, 98))
([(58, 219), (141, 52), (124, 161), (98, 138), (110, 97)], (222, 13, 92, 192))
