([(55, 87), (155, 201), (99, 1)], (229, 51, 255, 141))
([(50, 236), (86, 64), (16, 6)], (150, 151, 109, 51))
([(3, 235), (172, 180), (6, 33)], (196, 217, 184, 128))
([(133, 158), (112, 20), (14, 107)], (235, 200, 42, 46))
([(2, 230), (107, 119), (104, 123)], (229, 45, 145, 193))
([(4, 90), (153, 186), (131, 159)], (5, 75, 120, 217))
([(107, 239), (105, 239), (20, 233), (83, 123)], (192, 110, 182, 124))
([(171, 0), (174, 9), (175, 12), (178, 22), (152, 192), (99, 11)], (90, 141, 77, 134))
([(73, 31), (35, 144), (69, 187)], (121, 97, 19, 21))
([(31, 38), (8, 207), (4, 212)], (123, 248, 147, 251))
([(1, 127), (20, 177), (43, 238), (35, 184), (29, 143), (23, 102)], (193, 195, 26, 202))
([(63, 238), (48, 164), (86, 236)], (191, 125, 134, 255))
([(150, 234), (7, 218), (48, 230), (78, 239), (78, 239)], (40, 255, 197, 170))
([(162, 12), (75, 32), (118, 174), (9, 20)], (119, 221, 73, 247))
([(1, 53), (123, 171), (59, 157)], (141, 232, 226, 156))
([(157, 42), (65, 3), (18, 125)], (177, 240, 84, 237))
([(159, 120), (180, 41), (9, 62)], (123, 220, 115, 222))
([(135, 0), (47, 47), (26, 5)], (231, 237, 62, 176))
([(122, 213), (75, 155), (20, 87), (88, 24)], (116, 134, 213, 45))
([(0, 239), (8, 236), (157, 175), (174, 168), (179, 9), (26, 67)], (102, 64, 173, 161))
([(62, 22), (58, 191), (71, 151)], (211, 11, 43, 155))
([(74, 222), (53, 195), (49, 190), (48, 189), (58, 35)], (136, 95, 174, 237))
([(1, 208), (58, 226), (73, 231), (41, 126), (32, 96), (2, 157), (0, 159), (0, 159)], (219, 53, 243, 176))
([(0, 227), (30, 16), (70, 227)], (104, 194, 77, 231))
([(35, 225), (157, 30), (39, 121), (5, 147), (0, 172)], (153, 246, 145, 188))
([(157, 93), (162, 123), (178, 218), (178, 218), (179, 224), (107, 150)], (163, 165, 101, 191))
([(173, 1), (138, 87), (146, 112), (180, 216)], (130, 226, 181, 234))
([(59, 135), (0, 47), (52, 30)], (131, 169, 207, 227))
([(180, 70), (163, 144), (170, 203)], (192, 115, 140, 248))
([(11, 93), (1, 144), (1, 144), (0, 198)], (245, 253, 255, 11))
([(40, 210), (4, 184), (114, 126)], (28, 112, 178, 255))
([(9, 233), (11, 132), (129, 192)], (50, 68, 237, 180))
([(26, 16), (51, 88), (11, 239), (17, 225), (3, 229), (3, 229), (2, 86)], (30, 106, 201, 195))
([(104, 13), (6, 19), (4, 87), (20, 240)], (82, 63, 167, 255))
([(30, 1), (29, 20), (23, 133), (23, 133), (1, 46), (17, 1)], (153, 243, 190, 246))
([(17, 238), (156, 56), (23, 65)], (90, 178, 199, 78))
([(67, 0), (146, 17), (1, 124), (22, 216), (26, 147)], (216, 218, 162, 197))
([(105, 83), (82, 20), (88, 0), (97, 0), (97, 0), (99, 0), (144, 2)], (126, 106, 108, 247))
([(38, 47), (56, 232), (117, 43), (168, 19)], (134, 94, 153, 114))
([(99, 77), (16, 91), (18, 93), (134, 185)], (103, 203, 208, 118))
([(103, 102), (170, 2), (128, 119), (95, 211)], (157, 235, 176, 83))
([(112, 171), (93, 175), (66, 164)], (15, 125, 71, 168))
([(11, 200), (137, 170), (137, 170), (134, 169), (96, 154), (28, 53)], (207, 231, 101, 185))
([(2, 174), (24, 150), (1, 75)], (237, 189, 166, 177))
([(108, 232), (39, 107), (103, 86)], (132, 84, 136, 169))
([(58, 52), (172, 240), (125, 121)], (247, 237, 60, 99))
([(174, 154), (150, 148), (100, 134)], (204, 78, 14, 120))
([(138, 170), (54, 111), (40, 222)], (120, 53, 102, 100))
([(85, 134), (56, 141), (62, 137)], (18, 100, 116, 41))
([(59, 138), (135, 159), (127, 238)], (227, 155, 204, 153))
([(111, 228), (19, 110), (1, 148)], (213, 238, 208, 21))
([(154, 0), (13, 25), (13, 25), (3, 18)], (73, 225, 222, 220))
([(173, 154), (81, 184), (73, 182), (176, 238)], (225, 73, 35, 248))
([(171, 238), (125, 209), (57, 175), (76, 240)], (157, 141, 221, 161))
([(52, 45), (64, 142), (14, 184)], (0, 199, 52, 117))
([(180, 139), (116, 98), (167, 11)], (165, 160, 237, 207))
([(19, 212), (122, 173), (166, 157), (19, 1)], (248, 186, 213, 214))
([(165, 232), (160, 232), (158, 232), (155, 232), (15, 83), (165, 64)], (199, 180, 226, 240))
([(133, 140), (59, 128), (139, 181)], (80, 191, 209, 180))
([(6, 239), (71, 188), (4, 137)], (113, 229, 196, 159))
([(12, 216), (79, 130), (153, 34), (177, 3), (5, 9)], (132, 207, 224, 218))
([(98, 240), (24, 97), (19, 145), (165, 216)], (192, 154, 231, 196))
([(24, 17), (105, 1), (112, 0), (179, 227), (152, 205), (89, 153)], (252, 149, 43, 254))
([(80, 33), (159, 3), (168, 0), (172, 41)], (201, 17, 90, 249))
([(150, 239), (74, 217), (132, 35)], (196, 179, 189, 245))
([(44, 215), (94, 69), (110, 22), (176, 219)], (45, 117, 62, 122))
([(54, 187), (17, 156), (161, 127), (110, 165)], (28, 52, 155, 45))
([(62, 1), (61, 1), (58, 0), (4, 50), (12, 226)], (132, 197, 71, 94))
([(63, 55), (164, 81), (180, 4), (180, 4), (179, 4), (43, 26)], (248, 133, 104, 128))
([(155, 41), (99, 96), (97, 43), (44, 209), (41, 213), (68, 45)], (190, 185, 237, 123))
([(98, 208), (144, 139), (134, 193), (139, 179), (73, 18)], (195, 191, 174, 86))
([(30, 1), (35, 1), (51, 1), (68, 115)], (190, 166, 117, 230))
([(40, 49), (96, 209), (13, 180), (53, 1)], (91, 18, 209, 10))
([(28, 229), (148, 159), (39, 221), (33, 15), (9, 227)], (23, 107, 226, 143))
([(97, 175), (179, 104), (180, 44)], (221, 96, 30, 164))
([(81, 34), (4, 9), (38, 0), (8, 181)], (236, 168, 117, 230))
([(58, 3), (143, 4), (63, 189), (35, 201), (25, 205)], (103, 138, 173, 191))
([(89, 79), (146, 59), (180, 222), (180, 13)], (207, 38, 74, 222))
([(16, 23), (21, 26), (22, 26), (97, 100)], (246, 235, 44, 228))
([(102, 176), (154, 220), (31, 238)], (24, 3, 124, 192))
([(140, 68), (131, 81), (77, 125)], (145, 151, 74, 81))
([(22, 58), (104, 13), (141, 169)], (175, 50, 129, 197))
([(4, 201), (20, 110), (72, 221)], (43, 135, 240, 128))
([(77, 61), (71, 214), (144, 68)], (25, 255, 74, 154))
([(172, 224), (129, 230), (86, 235), (50, 239), (1, 149)], (210, 252, 194, 242))
([(1, 155), (4, 57), (180, 231)], (204, 200, 242, 251))
([(174, 206), (115, 143), (109, 98)], (185, 155, 88, 252))
([(122, 147), (51, 196), (31, 189)], (250, 77, 100, 107))
([(13, 46), (4, 11), (4, 11), (90, 8)], (240, 132, 227, 181))
([(160, 10), (161, 46), (10, 123)], (102, 126, 234, 236))
([(82, 140), (177, 120), (77, 110), (178, 120), (42, 24)], (189, 63, 211, 140))
([(74, 172), (43, 107), (56, 143)], (42, 58, 101, 77))
([(33, 208), (22, 209), (6, 210), (42, 112)], (39, 124, 202, 226))
([(146, 49), (2, 0), (55, 212)], (124, 241, 252, 153))
([(17, 226), (68, 169), (8, 189)], (103, 254, 8, 21))
([(13, 95), (176, 110), (62, 240), (130, 205), (124, 98), (121, 44), (30, 4)], (237, 176, 240, 219))
([(173, 142), (6, 236), (41, 236), (54, 236), (117, 235), (164, 235)], (134, 208, 230, 145))
([(32, 203), (141, 235), (160, 240), (176, 176), (177, 172), (1, 43)], (230, 188, 187, 112))
([(124, 160), (116, 154), (68, 115), (33, 198)], (91, 251, 53, 26))
([(82, 76), (36, 91), (39, 92), (39, 92), (77, 101)], (166, 63, 147, 225))
([(165, 129), (130, 221), (25, 77)], (70, 238, 197, 21))
([(130, 15), (117, 155), (150, 93), (120, 183), (61, 38), (153, 117), (51, 177), (46, 1)], (214, 76, 25, 244))
([(129, 196), (127, 115), (65, 90)], (98, 15, 70, 251))
([(1, 29), (58, 19), (4, 136), (15, 112)], (65, 236, 236, 217))
([(65, 88), (179, 137), (71, 160)], (238, 103, 175, 65))
([(35, 106), (12, 103), (10, 191)], (183, 96, 0, 18))
([(180, 208), (31, 214), (160, 20)], (239, 105, 245, 251))
([(152, 16), (31, 8), (32, 227), (177, 235), (32, 227), (38, 234)], (17, 89, 100, 234))
([(69, 167), (15, 105), (138, 126)], (166, 89, 234, 202))
([(173, 79), (63, 61), (169, 233)], (166, 37, 208, 79))
([(84, 8), (46, 202), (88, 169)], (170, 204, 250, 246))
([(150, 38), (179, 194), (50, 183)], (206, 225, 203, 234))
([(169, 173), (69, 230), (148, 238), (170, 240), (177, 240)], (244, 243, 192, 48))
([(40, 238), (33, 75), (22, 237), (22, 237), (22, 237)], (18, 252, 221, 148))
([(165, 130), (40, 179), (81, 222)], (250, 237, 178, 245))
([(144, 4), (3, 26), (3, 138)], (233, 221, 170, 240))
([(86, 27), (114, 126), (54, 136)], (203, 32, 200, 191))
([(156, 225), (39, 22), (114, 20), (71, 105)], (55, 110, 56, 79))
([(3, 13), (101, 61), (121, 38)], (182, 195, 193, 255))
([(157, 158), (157, 158), (157, 158), (156, 34), (116, 91), (172, 89), (172, 89), (180, 207)], (143, 245, 233, 123))
([(143, 54), (160, 179), (2, 159)], (164, 254, 241, 87))
([(11, 237), (156, 2), (25, 128)], (51, 195, 252, 115))
([(105, 135), (156, 6), (131, 3), (110, 1)], (190, 42, 33, 163))
([(134, 144), (95, 65), (95, 65)], (121, 193, 230, 78))
([(23, 181), (41, 28), (107, 176)], (168, 86, 60, 210))
([(0, 210), (0, 210), (0, 210), (0, 210), (3, 161), (91, 115)], (70, 145, 124, 167))
([(0, 158), (12, 49), (14, 160), (81, 77), (61, 94)], (201, 215, 186, 209))
([(16, 178), (75, 148), (157, 188)], (105, 91, 35, 250))
([(23, 219), (15, 154), (63, 200)], (154, 69, 143, 55))
([(20, 238), (24, 234), (30, 229), (38, 221), (96, 125)], (51, 1, 121, 7))
([(175, 5), (128, 92), (160, 127)], (243, 109, 113, 231))
([(151, 234), (53, 109), (179, 208)], (192, 246, 241, 235))
([(45, 76), (27, 20), (20, 181)], (226, 184, 114, 206))
([(40, 172), (26, 164), (11, 155), (4, 151), (81, 138)], (229, 199, 242, 105))
([(132, 240), (157, 222), (161, 14)], (183, 245, 177, 206))
([(104, 0), (78, 105), (74, 78)], (141, 59, 8, 232))
([(54, 179), (98, 111), (170, 1), (43, 215)], (217, 136, 145, 235))
([(172, 81), (85, 236), (59, 152)], (243, 161, 206, 194))
([(152, 33), (148, 92), (169, 219)], (194, 113, 197, 238))
([(1, 66), (88, 183), (64, 162)], (176, 219, 202, 81))
([(179, 103), (177, 94), (177, 94), (143, 178)], (246, 24, 126, 183))
([(140, 161), (174, 220), (177, 230)], (235, 201, 46, 67))
([(68, 221), (2, 60), (151, 240), (85, 237)], (234, 238, 235, 195))
([(171, 174), (164, 161), (135, 105), (178, 135)], (235, 101, 152, 203))
([(147, 145), (50, 160), (0, 77)], (62, 253, 14, 99))
([(112, 53), (77, 3), (164, 150)], (194, 137, 93, 176))
([(163, 213), (79, 187), (1, 162), (27, 133)], (230, 236, 244, 254))
([(39, 77), (14, 20), (48, 10), (11, 17), (2, 19)], (244, 183, 245, 152))
([(149, 0), (89, 178), (35, 155)], (136, 121, 232, 143))
([(176, 198), (68, 165), (79, 125), (60, 100), (168, 125)], (213, 183, 253, 209))
([(180, 156), (174, 22), (131, 108), (173, 23), (173, 23), (168, 28), (78, 168), (51, 210)], (247, 54, 22, 171))
([(162, 99), (51, 57), (155, 21)], (44, 66, 88, 202))
([(50, 223), (20, 107), (99, 84)], (157, 221, 247, 47))
([(14, 72), (124, 192), (115, 38), (114, 21)], (102, 180, 28, 81))
([(19, 69), (3, 24), (83, 183)], (182, 169, 83, 200))
([(179, 109), (176, 56), (175, 39), (117, 204)], (223, 206, 57, 74))
([(133, 81), (81, 141), (32, 218)], (230, 129, 107, 12))
([(11, 175), (35, 158), (126, 68), (7, 119), (4, 125)], (233, 242, 248, 227))
([(137, 100), (92, 191), (43, 7)], (202, 10, 29, 108))
([(106, 5), (75, 8), (44, 10), (146, 197)], (154, 105, 85, 251))
([(95, 199), (23, 106), (90, 47)], (244, 83, 204, 83))
([(150, 0), (127, 58), (107, 108), (105, 113), (118, 116), (157, 126), (177, 7), (178, 1)], (172, 79, 53, 177))
([(134, 130), (49, 227), (47, 229), (85, 101)], (205, 252, 246, 166))
([(167, 43), (86, 150), (121, 37)], (226, 177, 245, 25))
([(5, 46), (79, 216), (46, 238), (51, 36), (78, 122)], (255, 255, 225, 240))
([(164, 238), (171, 156), (140, 152), (97, 146)], (154, 209, 249, 61))
([(170, 104), (93, 29), (170, 22)], (228, 169, 168, 125))
([(76, 114), (43, 210), (78, 128), (131, 4)], (255, 252, 81, 27))
([(86, 201), (13, 92), (123, 68), (128, 67)], (106, 225, 140, 243))
([(31, 133), (176, 0), (117, 184), (79, 173)], (229, 16, 116, 181))
([(68, 109), (170, 199), (125, 47)], (44, 0, 187, 131))
([(34, 226), (3, 156), (27, 234)], (10, 46, 136, 32))
([(0, 87), (85, 232), (103, 211), (140, 167), (55, 35)], (200, 250, 200, 228))
([(166, 58), (131, 103), (119, 83), (116, 78)], (177, 191, 205, 85))
([(156, 115), (176, 160), (71, 117), (119, 144), (86, 85)], (131, 85, 18, 49))
([(92, 163), (179, 184), (126, 146), (110, 90)], (25, 212, 163, 249))
([(146, 234), (71, 237), (32, 238), (133, 128)], (240, 218, 251, 98))
([(175, 227), (170, 211), (146, 137), (124, 68), (69, 33), (119, 238), (79, 239), (50, 239)], (250, 230, 240, 246))
([(12, 86), (43, 9), (14, 2), (9, 1)], (228, 209, 251, 201))
([(85, 90), (177, 116), (6, 31), (5, 31), (2, 107), (3, 114), (7, 140)], (228, 232, 219, 244))
([(18, 125), (113, 240), (39, 72), (114, 240), (136, 234)], (228, 241, 234, 239))
([(173, 156), (140, 72), (136, 140)], (222, 25, 114, 161))
([(75, 32), (91, 190), (40, 127)], (122, 131, 43, 215))
([(180, 182), (156, 178), (66, 163), (30, 157), (37, 166), (75, 214), (96, 240)], (249, 241, 229, 201))
([(17, 82), (159, 24), (134, 62)], (69, 126, 7, 252))
([(146, 19), (60, 3), (38, 66), (59, 121), (60, 124)], (211, 41, 139, 59))
([(3, 187), (9, 128), (20, 21), (69, 36)], (250, 253, 223, 140))
([(101, 20), (50, 112), (153, 132)], (80, 172, 231, 52))
([(68, 100), (34, 49), (57, 43)], (75, 64, 20, 113))
([(169, 113), (100, 135), (4, 71), (2, 68)], (154, 89, 60, 166))
([(130, 42), (14, 76), (77, 140), (96, 159), (74, 76), (71, 137), (71, 137)], (11, 69, 24, 204))
([(80, 152), (60, 14), (155, 20)], (138, 129, 208, 218))
([(176, 26), (146, 22), (49, 9), (35, 7), (171, 164)], (237, 94, 45, 143))
([(1, 68), (94, 119), (176, 125), (19, 95)], (239, 95, 137, 108))
([(56, 119), (120, 79), (55, 142)], (228, 99, 30, 142))
([(47, 5), (119, 57), (52, 88), (37, 29)], (207, 23, 48, 201))
([(97, 107), (54, 67), (88, 27)], (254, 58, 97, 143))
([(88, 142), (90, 131), (80, 133)], (237, 53, 121, 218))
([(91, 104), (106, 99), (109, 98), (155, 52), (161, 46)], (235, 209, 202, 157))
([(151, 117), (54, 148), (25, 102), (4, 69)], (26, 101, 140, 43))
([(115, 183), (132, 181), (133, 181), (174, 178), (141, 108), (87, 47)], (2, 0, 20, 255))
([(60, 174), (37, 182), (42, 160)], (2, 118, 20, 112))
([(170, 221), (134, 75), (137, 63), (167, 61)], (231, 186, 208, 37))
([(177, 231), (163, 236), (164, 158)], (176, 188, 12, 139))
([(44, 60), (41, 61), (44, 94)], (25, 60, 20, 200))
([(82, 18), (180, 40), (170, 55)], (253, 87, 65, 213))
([(133, 67), (73, 47), (104, 166)], (23, 7, 65, 25))
([(170, 154), (91, 2), (143, 131), (169, 195)], (27, 71, 47, 68))
([(43, 233), (62, 237), (62, 237), (72, 239), (44, 124), (43, 120)], (226, 234, 233, 164))
([(144, 52), (179, 179), (57, 187)], (118, 75, 146, 93))
([(12, 93), (146, 26), (166, 165), (59, 214)], (231, 250, 244, 211))
([(79, 22), (148, 28), (96, 137), (30, 161), (74, 183)], (133, 144, 111, 178))
([(135, 62), (41, 171), (99, 171), (110, 171), (178, 171)], (252, 32, 142, 225))
([(113, 136), (45, 100), (37, 106), (35, 107)], (175, 180, 164, 211))
([(174, 88), (152, 178), (98, 184), (90, 185)], (99, 12, 53, 104))
([(40, 132), (49, 125), (77, 151)], (30, 114, 132, 232))
([(44, 122), (90, 92), (100, 85)], (254, 167, 223, 68))
([(103, 138), (78, 111), (127, 179), (79, 181)], (0, 116, 33, 251))
([(37, 187), (50, 61), (125, 177)], (151, 121, 64, 119))
([(45, 91), (42, 187), (42, 187), (40, 184)], (68, 2, 99, 171))
([(169, 46), (20, 188), (45, 183), (180, 169), (72, 179), (80, 178)], (1, 37, 123, 90))
([(99, 46), (159, 78), (48, 133)], (168, 232, 150, 229))
([(171, 132), (173, 170), (98, 4)], (250, 118, 60, 190))
([(134, 85), (74, 140), (61, 161)], (214, 93, 146, 220))
([(68, 72), (49, 169), (105, 144), (99, 73), (98, 138)], (241, 32, 92, 192))
([(103, 138), (153, 157), (39, 34)], (238, 41, 49, 182))
([(88, 37), (133, 45), (162, 123)], (144, 198, 137, 31))
([(33, 100), (42, 119), (45, 19)], (19, 20, 11, 98))
([(77, 99), (76, 192), (119, 156)], (172, 57, 179, 25))
([(54, 148), (145, 18), (149, 2)], (217, 160, 84, 123))
([(178, 205), (178, 110), (145, 179), (110, 8)], (206, 63, 60, 115))
([(36, 61), (80, 177), (141, 55), (83, 115), (136, 23)], (234, 20, 44, 67))
([(174, 43), (180, 129), (45, 69)], (234, 58, 56, 219))
([(38, 145), (125, 23), (129, 19)], (63, 20, 216, 73))
([(59, 17), (152, 132), (158, 92), (159, 65), (161, 10), (95, 96), (35, 148)], (184, 70, 100, 153))
([(54, 154), (132, 61), (132, 61), (115, 228)], (245, 255, 196, 39))
([(55, 171), (140, 145), (36, 109)], (190, 104, 74, 197))
([(83, 57), (56, 0), (58, 0), (169, 6), (155, 8), (121, 12), (78, 18)], (250, 45, 26, 176))
([(48, 1), (75, 24), (110, 143), (69, 53), (50, 145)], (243, 69, 37, 228))
([(48, 69), (105, 26), (140, 0), (132, 54), (117, 155)], (222, 43, 144, 144))
([(85, 137), (124, 48), (5, 68)], (231, 191, 110, 19))
([(25, 175), (48, 133), (61, 134), (102, 136), (131, 177)], (212, 36, 22, 120))
([(19, 69), (101, 80), (128, 212)], (242, 54, 162, 5))
([(7, 114), (1, 58), (1, 58), (0, 6)], (212, 248, 161, 234))
([(162, 187), (71, 156), (144, 69)], (222, 131, 38, 102))
([(163, 199), (128, 128), (111, 93), (107, 85), (67, 4), (150, 1), (161, 1)], (250, 57, 52, 172))
([(38, 165), (9, 222), (33, 142)], (184, 229, 188, 116))
([(157, 21), (33, 69), (45, 96), (64, 138)], (255, 18, 19, 77))
([(23, 169), (8, 176), (46, 237)], (26, 1, 220, 29))
([(113, 115), (133, 189), (42, 136), (68, 21), (102, 18), (164, 11), (178, 10)], (254, 66, 12, 98))
