([(1, 29), (58, 19), (136, 5), (15, 112)], (65, 236, 236, 217))
([(3, 235), (172, 180), (132, 214), (6, 33)], (196, 217, 118, 128))
([(107, 239), (20, 233), (83, 123)], (192, 110, 182, 237))
([(174, 206), (172, 205), (121, 189), (116, 151), (109, 98)], (185, 213, 88, 236))
([(98, 4), (8, 207), (4, 212)], (123, 248, 73, 251))
([(35, 106), (42, 49), (43, 41)], (183, 96, 0, 18))
([(154, 48), (131, 81), (77, 125)], (145, 151, 74, 81))
([(7, 114), (1, 58), (1, 58), (3, 57), (37, 49)], (212, 248, 161, 234))
([(94, 82), (155, 201), (16, 82)], (147, 51, 255, 141))
([(1, 127), (20, 177), (43, 238), (23, 102)], (193, 195, 26, 202))
([(180, 139), (73, 74), (36, 52), (47, 74), (167, 11)], (143, 160, 114, 207))
([(1, 53), (47, 77), (59, 157)], (116, 150, 226, 16))
([(63, 238), (119, 161), (86, 236)], (191, 125, 134, 227))
([(16, 23), (22, 26), (41, 121)], (34, 27, 44, 67))
([(150, 234), (79, 238), (108, 151), (76, 211), (78, 239)], (40, 255, 197, 170))
([(104, 133), (68, 185), (84, 59), (88, 27)], (121, 58, 149, 143))
([(157, 93), (178, 218), (179, 224), (107, 150)], (163, 165, 101, 191))
([(131, 129), (28, 20), (36, 87)], (156, 199, 40, 113))
([(1, 208), (73, 231), (137, 114), (151, 88), (2, 157), (2, 157), (0, 159), (0, 159)], (219, 53, 243, 176))
([(164, 238), (171, 156), (70, 46), (37, 36)], (154, 100, 249, 116))
([(135, 0), (47, 47), (26, 5)], (102, 237, 62, 254))
([(77, 71), (77, 71), (68, 93), (67, 95), (67, 95)], (152, 240, 84, 237))
([(0, 239), (174, 168), (179, 9), (26, 67)], (117, 64, 173, 161))
([(0, 227), (30, 16), (66, 44), (70, 227)], (104, 35, 77, 231))
([(134, 167), (157, 30), (19, 78), (5, 147), (0, 172)], (153, 214, 55, 85))
([(106, 67), (29, 109), (125, 156), (135, 161)], (121, 193, 62, 172))
([(173, 1), (138, 87), (146, 112), (180, 216)], (130, 46, 171, 234))
([(167, 84), (46, 88), (38, 87), (63, 117)], (181, 198, 253, 26))
([(89, 53), (137, 191), (116, 78)], (177, 254, 78, 32))
([(11, 45), (51, 57), (155, 21)], (44, 235, 88, 202))
([(81, 34), (4, 9), (140, 103), (138, 109), (135, 119)], (236, 78, 117, 215))
([(171, 0), (178, 22), (137, 109), (99, 11)], (90, 169, 24, 57))
([(20, 62), (10, 105), (1, 144), (0, 198)], (245, 6, 252, 11))
([(1, 227), (123, 69), (176, 0), (117, 184), (39, 60)], (203, 167, 122, 181))
([(159, 120), (108, 236), (108, 236), (9, 62)], (123, 220, 13, 222))
([(98, 240), (134, 103), (152, 35), (165, 216)], (192, 60, 231, 168))
([(40, 210), (4, 184), (118, 22), (100, 186)], (28, 119, 178, 255))
([(9, 233), (43, 176), (147, 2), (129, 192)], (106, 112, 242, 180))
([(26, 16), (51, 88), (91, 203), (3, 229), (3, 229), (2, 86)], (30, 106, 201, 183))
([(65, 105), (85, 134), (44, 140)], (1, 100, 116, 41))
([(147, 145), (123, 75), (77, 145)], (120, 253, 148, 191))
([(54, 225), (171, 47), (139, 181)], (80, 191, 62, 171))
([(104, 13), (6, 19), (4, 87), (29, 93)], (82, 63, 192, 255))
([(30, 1), (29, 20), (23, 133), (1, 46), (17, 1)], (118, 243, 190, 246))
([(67, 0), (146, 17), (1, 124), (26, 116), (70, 101), (146, 75), (26, 147)], (216, 218, 88, 197))
([(11, 200), (137, 170), (141, 170), (29, 129)], (139, 231, 101, 185))
([(54, 152), (109, 98), (161, 46)], (235, 209, 202, 177))
([(150, 239), (74, 217), (58, 214), (101, 82)], (196, 179, 65, 245))
([(115, 128), (74, 72), (75, 23)], (132, 84, 39, 169))
([(86, 181), (153, 186), (7, 118)], (59, 75, 99, 248))
([(58, 52), (172, 240), (102, 137)], (212, 237, 23, 99))
([(173, 154), (161, 204), (73, 182), (176, 238)], (225, 73, 227, 144))
([(165, 232), (160, 232), (155, 232), (15, 83), (162, 67), (165, 64)], (199, 97, 226, 204))
([(75, 136), (23, 33), (23, 33), (3, 18)], (73, 225, 222, 220))
([(80, 33), (168, 0), (105, 144)], (201, 146, 90, 249))
([(176, 13), (128, 92), (160, 127)], (243, 158, 113, 231))
([(19, 212), (166, 157), (81, 67), (19, 1)], (141, 186, 213, 249))
([(68, 79), (125, 23), (129, 19)], (63, 20, 135, 73))
([(16, 103), (47, 164), (96, 181)], (38, 239, 109, 51))
([(172, 81), (85, 236), (59, 152)], (243, 161, 206, 194))
([(6, 239), (177, 105), (46, 90)], (142, 229, 110, 159))
([(105, 83), (82, 20), (88, 0), (90, 0), (97, 0), (97, 0), (144, 2)], (126, 109, 108, 247))
([(32, 10), (35, 31), (86, 128)], (3, 83, 7, 83))
([(4, 222), (24, 150), (65, 3), (1, 75)], (252, 126, 166, 166))
([(96, 82), (141, 192), (35, 155)], (136, 121, 120, 124))
([(12, 216), (177, 3), (5, 9)], (132, 201, 243, 218))
([(24, 17), (105, 1), (112, 0), (179, 227), (89, 153)], (252, 149, 43, 254))
([(134, 192), (121, 189), (39, 170), (79, 165)], (233, 177, 245, 217))
([(59, 135), (0, 47), (101, 152)], (131, 169, 167, 227))
([(30, 1), (35, 1), (51, 1), (45, 44), (26, 180)], (190, 166, 117, 230))
([(62, 1), (62, 1), (58, 0), (58, 0), (12, 226)], (132, 197, 71, 94))
([(100, 38), (32, 93), (14, 107)], (235, 211, 10, 243))
([(40, 49), (13, 180), (53, 1)], (91, 29, 209, 10))
([(54, 106), (161, 46), (65, 31)], (102, 126, 234, 236))
([(64, 113), (68, 115), (33, 198)], (44, 221, 117, 130))
([(44, 215), (110, 22), (142, 118), (176, 219)], (45, 117, 62, 158))
([(145, 71), (129, 75), (145, 78), (164, 81), (180, 4), (179, 4), (43, 26)], (248, 223, 104, 128))
([(93, 239), (103, 202), (99, 96), (97, 43), (29, 236), (44, 209), (28, 232), (18, 191)], (190, 185, 237, 182))
([(28, 229), (39, 221), (93, 36), (48, 44), (9, 227)], (23, 61, 232, 143))
([(58, 3), (178, 142), (25, 205)], (115, 128, 142, 191))
([(89, 79), (144, 29), (146, 59), (178, 48), (180, 13)], (207, 38, 74, 222))
([(10, 66), (176, 110), (163, 62), (121, 44), (30, 4)], (237, 176, 240, 219))
([(171, 238), (54, 165), (76, 240)], (157, 141, 221, 161))
([(140, 161), (131, 77), (177, 230)], (235, 201, 46, 67))
([(133, 81), (81, 141), (99, 224)], (129, 129, 162, 12))
([(74, 182), (102, 176), (152, 165), (31, 238)], (24, 3, 124, 70))
([(79, 228), (48, 189), (32, 212), (32, 212)], (136, 163, 252, 155))
([(4, 201), (103, 86), (157, 187), (72, 221)], (1, 135, 240, 124))
([(172, 224), (86, 235), (50, 239), (1, 149)], (210, 252, 163, 242))
([(1, 155), (15, 0), (148, 209), (180, 231)], (204, 200, 242, 251))
([(122, 147), (51, 196), (31, 189)], (164, 77, 100, 107))
([(16, 140), (15, 146), (11, 169)], (137, 235, 176, 10))
([(123, 188), (71, 214), (144, 68)], (182, 255, 4, 152))
([(13, 46), (4, 11), (90, 8)], (227, 132, 227, 71))
([(10, 188), (178, 120), (42, 24)], (141, 63, 211, 140))
([(20, 6), (13, 92), (99, 34)], (106, 244, 173, 243))
([(180, 110), (44, 39), (55, 212)], (124, 241, 238, 107))
([(84, 49), (49, 1), (104, 106)], (23, 7, 65, 20))
([(17, 226), (82, 153), (31, 164)], (101, 254, 130, 31))
([(101, 71), (104, 123), (76, 76)], (219, 45, 145, 130))
([(126, 168), (113, 161), (66, 164)], (42, 125, 71, 114))
([(32, 203), (141, 235), (160, 240), (177, 172), (1, 43)], (230, 188, 187, 112))
([(146, 174), (112, 53), (77, 3), (117, 205)], (126, 137, 93, 176))
([(178, 205), (96, 46), (79, 169)], (175, 50, 223, 68))
([(73, 164), (75, 32), (157, 196), (150, 99)], (122, 131, 43, 215))
([(152, 16), (31, 8), (32, 227), (177, 235), (32, 227), (38, 234)], (17, 89, 100, 234))
([(166, 160), (23, 102), (19, 110), (1, 148)], (213, 167, 218, 79))
([(54, 179), (170, 1), (43, 215)], (217, 136, 145, 235))
([(178, 87), (150, 41), (169, 233)], (166, 66, 238, 79))
([(96, 172), (130, 221), (25, 77)], (111, 238, 197, 21))
([(105, 194), (46, 202), (88, 169)], (170, 204, 200, 246))
([(59, 226), (70, 146), (128, 195), (129, 196), (165, 226), (149, 205), (131, 182)], (195, 195, 174, 205))
([(180, 208), (21, 238), (132, 148), (160, 20)], (239, 105, 245, 251))
([(40, 238), (111, 191), (22, 237), (22, 237)], (18, 252, 221, 148))
([(165, 130), (155, 134), (40, 179), (81, 222), (87, 228)], (250, 237, 146, 245))
([(144, 4), (3, 26), (17, 205)], (233, 221, 170, 240))
([(23, 219), (43, 149), (63, 200)], (154, 69, 143, 33))
([(33, 208), (22, 209), (6, 210), (42, 112)], (39, 124, 202, 226))
([(157, 158), (156, 34), (116, 91), (172, 89), (172, 89), (180, 207)], (143, 159, 233, 123))
([(13, 68), (119, 163), (114, 78)], (60, 97, 102, 210))
([(3, 13), (101, 61), (142, 52)], (182, 195, 193, 255))
([(150, 38), (179, 194), (70, 158)], (206, 225, 203, 234))
([(11, 237), (156, 2), (25, 128)], (51, 195, 252, 115))
([(51, 63), (22, 105), (88, 24)], (156, 134, 134, 139))
([(113, 50), (53, 109), (179, 208)], (192, 246, 241, 235))
([(23, 181), (41, 28), (107, 176)], (168, 86, 127, 210))
([(129, 196), (90, 199), (64, 119)], (98, 46, 70, 159))
([(143, 54), (144, 61), (160, 179), (2, 159)], (57, 254, 179, 87))
([(14, 72), (124, 192), (114, 21)], (102, 147, 143, 226))
([(5, 46), (74, 58), (79, 216), (46, 238), (51, 36), (132, 2), (78, 122)], (255, 247, 221, 240))
([(85, 109), (50, 112), (153, 132)], (80, 172, 157, 191))
([(14, 114), (174, 154), (100, 134)], (204, 140, 14, 120))
([(105, 135), (156, 6), (110, 1)], (190, 136, 33, 163))
([(0, 210), (0, 210), (0, 210), (3, 161), (113, 203), (11, 152), (91, 115)], (70, 145, 124, 151))
([(71, 194), (14, 68), (17, 100)], (119, 221, 17, 247))
([(0, 158), (12, 49), (21, 52), (86, 73), (74, 83), (61, 94)], (201, 215, 186, 209))
([(16, 178), (75, 148), (157, 188)], (105, 91, 84, 250))
([(20, 238), (38, 221), (171, 220)], (51, 1, 121, 166))
([(92, 53), (117, 80), (166, 48)], (28, 52, 32, 45))
([(45, 76), (27, 20), (20, 181)], (226, 170, 114, 206))
([(59, 138), (130, 178), (173, 13)], (227, 155, 204, 150))
([(130, 15), (117, 155), (109, 13), (150, 93), (120, 183), (61, 38), (153, 117), (51, 177), (46, 1)], (214, 76, 25, 244))
([(103, 138), (127, 179), (81, 178), (79, 181)], (149, 116, 247, 67))
([(74, 172), (31, 74), (43, 107), (56, 143)], (147, 58, 101, 77))
([(152, 33), (138, 240), (90, 200), (82, 193)], (195, 113, 197, 238))
([(180, 70), (163, 144), (144, 180), (77, 22)], (192, 115, 140, 231))
([(138, 170), (170, 50), (172, 46), (172, 46)], (14, 130, 102, 25))
([(23, 133), (64, 151), (170, 199), (125, 47)], (44, 0, 156, 243))
([(30, 85), (178, 64), (20, 107), (99, 84)], (157, 221, 247, 208))
([(144, 182), (88, 183), (64, 162)], (185, 154, 155, 101))
([(179, 103), (177, 94), (148, 203)], (246, 146, 126, 222))
([(163, 213), (79, 187), (1, 162), (27, 133)], (230, 236, 244, 240))
([(173, 142), (6, 236), (54, 236), (164, 235)], (134, 223, 230, 184))
([(37, 145), (52, 162), (161, 185)], (103, 203, 66, 192))
([(144, 3), (139, 89), (136, 140), (136, 140), (77, 55)], (222, 25, 114, 186))
([(17, 238), (142, 87), (105, 72), (49, 49)], (90, 178, 186, 78))
([(105, 53), (158, 145), (178, 135)], (235, 101, 152, 167))
([(169, 173), (69, 230), (148, 238), (170, 240), (177, 240)], (244, 243, 90, 48))
([(180, 151), (171, 212), (161, 14)], (183, 245, 177, 206))
([(164, 213), (174, 27), (14, 20), (2, 19), (2, 19)], (244, 183, 245, 152))
([(176, 198), (60, 100), (107, 148), (168, 125)], (213, 183, 253, 246))
([(180, 156), (174, 22), (173, 23), (168, 28), (51, 210)], (164, 54, 22, 171))
([(137, 100), (92, 191), (43, 7)], (202, 40, 140, 108))
([(179, 109), (178, 91), (175, 39), (117, 204)], (218, 206, 57, 59))
([(11, 175), (129, 33), (128, 45), (126, 68), (57, 98), (7, 119), (4, 125)], (233, 242, 248, 93))
([(59, 169), (37, 182), (42, 160)], (93, 175, 20, 72))
([(106, 5), (44, 10), (148, 103)], (224, 105, 85, 251))
([(150, 0), (127, 58), (105, 113), (108, 114), (118, 116), (157, 126), (178, 1)], (172, 79, 82, 177))
([(82, 76), (59, 93), (77, 101)], (166, 154, 206, 225))
([(170, 104), (44, 76), (86, 30), (170, 22)], (228, 56, 168, 204))
([(18, 125), (26, 135), (113, 240), (39, 72), (114, 240), (125, 237), (136, 234)], (228, 241, 234, 239))
([(76, 114), (43, 210), (131, 4)], (255, 252, 81, 178))
([(19, 69), (174, 122), (83, 183), (53, 183)], (182, 169, 83, 200))
([(40, 132), (58, 117), (96, 86), (80, 154)], (30, 114, 132, 194))
([(37, 22), (39, 22), (114, 20), (127, 67), (71, 105)], (6, 48, 56, 79))
([(48, 1), (75, 24), (69, 53), (50, 145)], (244, 69, 33, 158))
([(86, 27), (32, 101), (100, 73), (152, 52)], (71, 32, 200, 191))
([(34, 226), (18, 165), (27, 234), (121, 159)], (10, 53, 136, 32))
([(92, 163), (179, 184), (52, 68)], (25, 212, 163, 249))
([(99, 75), (55, 155), (59, 148), (85, 232), (103, 211), (140, 167), (55, 35)], (200, 250, 200, 228))
([(146, 234), (71, 237), (32, 238), (133, 128)], (240, 218, 251, 98))
([(52, 109), (137, 123), (80, 133)], (3, 53, 0, 21))
([(175, 227), (146, 137), (124, 68), (85, 158), (50, 239)], (250, 224, 240, 194))
([(68, 221), (69, 222), (85, 237)], (234, 238, 235, 234))
([(10, 64), (179, 137), (71, 160), (46, 165)], (244, 103, 175, 137))
([(58, 133), (12, 86), (43, 9), (9, 1)], (228, 209, 251, 201))
([(69, 167), (30, 150), (138, 126)], (166, 242, 234, 254))
([(85, 90), (16, 36), (6, 31), (5, 31), (2, 107), (3, 114), (7, 140)], (228, 232, 219, 244))
([(156, 115), (176, 160), (143, 133), (119, 144), (86, 85)], (131, 117, 18, 49))
([(38, 47), (138, 30), (117, 43), (92, 152)], (134, 94, 153, 114))
([(180, 182), (30, 157), (96, 240)], (249, 241, 229, 184))
([(17, 82), (128, 76), (134, 62)], (175, 161, 7, 252))
([(146, 19), (60, 3), (33, 80), (60, 124)], (211, 44, 139, 59))
([(139, 174), (56, 0), (169, 6), (78, 18)], (250, 45, 26, 176))
([(3, 187), (20, 21), (76, 60), (69, 36)], (250, 253, 223, 180))
([(47, 102), (68, 100), (34, 49), (57, 43)], (153, 3, 20, 113))
([(62, 22), (58, 191), (71, 151)], (211, 11, 223, 128))
([(169, 113), (17, 90), (4, 71), (2, 68)], (154, 89, 212, 166))
([(130, 42), (14, 76), (96, 159), (90, 136), (74, 76), (71, 137)], (11, 69, 24, 202))
([(1, 68), (94, 119), (124, 141), (176, 125), (19, 95)], (239, 95, 137, 220))
([(47, 5), (119, 57), (52, 88)], (207, 23, 87, 201))
([(176, 26), (35, 7), (171, 164)], (167, 94, 45, 66))
([(44, 60), (41, 61), (44, 94)], (25, 60, 20, 200))
([(151, 117), (54, 148), (4, 69)], (26, 101, 15, 43))
([(77, 187), (115, 183), (133, 181), (174, 178), (173, 176), (159, 155), (91, 53), (87, 47), (76, 31)], (40, 0, 20, 255))
([(134, 130), (49, 227), (47, 229), (47, 229), (85, 101)], (205, 252, 246, 166))
([(170, 221), (165, 202), (128, 63), (43, 147), (37, 153), (167, 61)], (231, 186, 208, 37))
([(177, 231), (163, 236), (164, 158)], (176, 188, 12, 139))
([(26, 8), (97, 175), (179, 104), (179, 52), (180, 44)], (221, 96, 17, 164))
([(82, 18), (180, 40), (77, 197)], (253, 87, 65, 213))
([(170, 154), (91, 2), (169, 195)], (27, 71, 47, 68))
([(140, 147), (179, 179), (57, 187)], (118, 75, 146, 93))
([(80, 152), (82, 149), (122, 92), (153, 48), (155, 20)], (138, 25, 208, 218))
([(12, 93), (123, 15), (160, 204), (146, 26), (136, 119), (166, 165), (59, 214)], (231, 250, 244, 211))
([(138, 219), (132, 61), (108, 219)], (245, 255, 196, 39))
([(40, 172), (11, 155), (4, 151), (4, 151), (4, 151), (51, 143), (81, 138)], (229, 199, 242, 105))
([(135, 62), (41, 171), (178, 171)], (252, 32, 142, 213))
([(113, 136), (45, 100), (35, 107)], (175, 180, 164, 211))
([(43, 233), (72, 239), (72, 239), (44, 124), (35, 87)], (226, 234, 181, 164))
([(132, 54), (152, 178), (90, 185)], (99, 12, 53, 104))
([(44, 122), (100, 85), (26, 3)], (254, 167, 223, 68))
([(37, 187), (50, 61), (125, 177)], (151, 121, 64, 119))
([(45, 91), (42, 187), (40, 184)], (68, 2, 99, 148))
([(117, 42), (20, 188), (80, 178)], (1, 37, 123, 90))
([(99, 46), (159, 78), (48, 133)], (168, 232, 150, 104))
([(171, 132), (173, 170), (98, 4)], (250, 118, 60, 218))
([(50, 164), (148, 28), (104, 120), (74, 183)], (133, 144, 111, 178))
([(134, 85), (88, 118), (69, 148), (61, 161)], (214, 93, 146, 220))
([(141, 52), (124, 161), (105, 144), (104, 143), (98, 138)], (241, 32, 92, 192))
([(103, 138), (48, 49), (45, 44), (39, 34), (42, 13)], (238, 41, 74, 182))
([(33, 100), (55, 146), (45, 19)], (19, 20, 11, 98))
([(77, 99), (76, 192), (119, 156)], (172, 57, 119, 25))
([(54, 148), (131, 72), (145, 18), (149, 2)], (217, 235, 84, 123))
([(178, 205), (178, 110), (178, 110), (172, 106), (110, 8)], (206, 63, 60, 115))
([(36, 61), (148, 100), (148, 100), (141, 55), (83, 115), (136, 23)], (234, 20, 44, 67))
([(174, 43), (180, 129), (159, 29)], (250, 58, 56, 219))
([(59, 17), (152, 132), (158, 92), (161, 10), (95, 96), (63, 124), (35, 148)], (184, 70, 100, 153))
([(55, 171), (140, 145), (36, 109)], (190, 104, 60, 197))
([(65, 11), (25, 74), (74, 78)], (141, 59, 8, 16))
([(119, 183), (120, 79), (55, 142)], (203, 99, 30, 205))
([(48, 69), (105, 26), (140, 0), (117, 155)], (222, 43, 144, 144))
([(47, 207), (172, 40), (124, 48), (42, 62), (5, 68)], (231, 191, 125, 19))
([(25, 175), (48, 133), (61, 134), (102, 136), (131, 177)], (168, 36, 22, 105))
([(19, 69), (98, 76), (100, 75), (46, 215), (44, 207)], (242, 54, 162, 5))
([(162, 187), (71, 156), (109, 111), (144, 69)], (222, 131, 38, 102))
([(163, 199), (128, 128), (67, 4), (150, 1), (161, 1)], (250, 57, 52, 172))
([(8, 178), (42, 157), (38, 165), (9, 222), (33, 142)], (193, 229, 188, 116))
([(157, 21), (155, 22), (33, 69), (45, 96), (64, 138)], (186, 18, 19, 77))
([(27, 167), (8, 176), (46, 237)], (6, 111, 220, 29))
([(113, 115), (133, 189), (42, 136), (68, 21), (178, 10)], (254, 66, 12, 98))
