([(41, 95), (121, 15), (147, 117)], (51, 1, 121, 93))
([(40, 181), (159, 105), (11, 169)], (137, 199, 121, 20))
([(52, 215), (157, 100), (142, 56), (51, 29), (16, 174), (124, 148)], (190, 24, 196, 180))
([(141, 77), (88, 182), (180, 194), (76, 156), (49, 72)], (206, 105, 177, 234))
([(68, 23), (33, 126), (89, 36), (174, 164), (155, 152)], (240, 209, 210, 32))
([(172, 147), (105, 37), (47, 99), (72, 100)], (25, 22, 73, 54))
([(135, 185), (125, 226), (144, 106), (28, 181)], (22, 209, 70, 148))
([(88, 131), (33, 63), (46, 202)], (123, 119, 13, 2))
([(125, 145), (106, 224), (59, 96)], (201, 215, 152, 23))
([(104, 173), (1, 155), (57, 32)], (137, 100, 82, 15))
([(61, 85), (56, 49), (173, 134), (180, 13), (24, 134)], (169, 169, 100, 87))
([(19, 137), (174, 99), (128, 197), (125, 5)], (104, 132, 95, 231))
([(32, 239), (23, 40), (37, 49)], (212, 197, 161, 154))
([(180, 70), (83, 178), (151, 197), (38, 141), (104, 219)], (156, 115, 140, 213))
([(127, 142), (165, 44), (128, 192), (68, 115)], (152, 179, 164, 1))
([(28, 20), (160, 240), (108, 6)], (230, 49, 36, 97))
([(93, 39), (41, 60), (68, 161), (155, 214), (16, 157)], (248, 223, 162, 128))
([(106, 183), (33, 225), (18, 190), (87, 222)], (63, 108, 112, 120))
([(71, 180), (78, 30), (76, 156), (89, 47), (69, 8)], (124, 245, 190, 29))
([(180, 208), (20, 182), (34, 223)], (239, 63, 245, 202))
([(123, 147), (67, 135), (35, 36)], (139, 147, 111, 158))
([(74, 102), (61, 217), (66, 224)], (42, 187, 197, 83))
([(105, 200), (112, 0), (89, 153)], (252, 149, 43, 254))
([(121, 131), (74, 143), (69, 32), (140, 191)], (44, 159, 233, 53))
([(81, 34), (69, 48), (86, 64)], (143, 240, 132, 0))
([(101, 54), (80, 188), (64, 77), (14, 106)], (13, 84, 220, 215))
([(165, 35), (21, 225), (50, 20), (36, 89)], (108, 97, 204, 8))
([(42, 203), (178, 87), (49, 156), (136, 21), (70, 190)], (140, 66, 238, 79))
([(102, 149), (164, 108), (42, 80), (113, 240), (68, 113), (89, 22)], (228, 10, 210, 239))
([(123, 122), (125, 64), (34, 35)], (146, 145, 211, 243))
([(17, 238), (142, 123), (73, 38)], (148, 189, 113, 221))
([(14, 59), (138, 163), (175, 220), (49, 99)], (165, 18, 223, 144))
([(86, 205), (123, 25), (72, 151), (149, 167)], (1, 21, 142, 1))
([(108, 236), (35, 67), (83, 64)], (121, 41, 37, 132))
([(169, 45), (152, 51), (115, 55)], (28, 182, 193, 126))
([(104, 204), (152, 30), (165, 20), (74, 29), (33, 73), (71, 25)], (22, 187, 7, 49))
([(16, 153), (174, 156), (162, 48)], (57, 111, 225, 226))
([(119, 202), (163, 102), (131, 4)], (213, 75, 184, 21))
([(24, 86), (93, 90), (135, 210)], (131, 127, 18, 1))
([(39, 56), (7, 43), (75, 208), (4, 125)], (60, 5, 174, 4))
([(59, 138), (166, 35), (74, 232), (170, 49), (59, 132)], (2, 68, 61, 108))
([(172, 231), (152, 45), (23, 18), (159, 153), (22, 198)], (55, 64, 173, 161))
([(99, 59), (106, 72), (77, 3), (121, 209)], (121, 213, 93, 68))
([(152, 16), (18, 209), (38, 234)], (17, 137, 36, 234))
([(172, 39), (10, 66), (35, 214), (123, 41), (176, 69), (50, 55)], (237, 176, 208, 103))
([(149, 218), (7, 46), (155, 21), (172, 219)], (202, 115, 206, 108))
([(175, 227), (176, 28), (37, 227)], (250, 224, 203, 219))
([(124, 113), (4, 201), (133, 51), (91, 207)], (39, 215, 193, 177))
([(1, 68), (137, 143), (99, 222), (138, 45), (129, 150), (78, 17), (121, 97)], (47, 189, 137, 220))
([(162, 161), (101, 225), (31, 176), (1, 127), (95, 54)], (193, 195, 26, 144))
([(175, 66), (174, 19), (127, 172), (44, 129), (93, 173), (8, 103)], (2, 90, 167, 54))
([(46, 217), (82, 227), (77, 143), (12, 204), (45, 67)], (157, 220, 110, 161))
([(139, 16), (114, 61), (154, 219)], (119, 94, 45, 66))
([(89, 163), (164, 73), (114, 127)], (168, 46, 42, 139))
([(117, 78), (15, 197), (150, 221), (145, 155), (140, 162)], (48, 21, 99, 175))
([(162, 1), (70, 151), (21, 69), (132, 38), (44, 131)], (233, 152, 55, 3))
([(116, 54), (51, 189), (122, 113), (91, 8)], (145, 148, 88, 123))
([(97, 121), (171, 132), (105, 19), (101, 43)], (233, 118, 62, 153))
([(96, 184), (49, 80), (59, 41), (109, 108)], (16, 228, 162, 16))
([(90, 127), (3, 191), (97, 71), (114, 42)], (168, 103, 136, 76))
([(39, 173), (177, 135), (60, 227)], (65, 236, 182, 154))
([(130, 15), (117, 155), (129, 108), (143, 240), (46, 1), (61, 238)], (60, 76, 25, 37))
([(63, 177), (128, 61), (75, 211)], (24, 72, 21, 4))
([(33, 174), (42, 9), (66, 224), (95, 6)], (102, 181, 134, 243))
([(137, 100), (170, 140), (43, 7)], (50, 19, 163, 185))
([(105, 128), (42, 53), (30, 158), (78, 146)], (116, 181, 236, 214))
([(26, 16), (76, 1), (3, 229), (73, 170)], (11, 7, 201, 135))
([(28, 229), (48, 21), (107, 95), (140, 159), (48, 44), (9, 227)], (23, 61, 70, 97))
([(112, 193), (51, 1), (26, 180), (125, 7)], (190, 31, 117, 37))
([(164, 213), (109, 188), (2, 19), (170, 81), (111, 4)], (244, 183, 203, 74))
([(178, 48), (80, 71), (123, 125), (24, 240), (6, 99)], (124, 151, 74, 156))
([(111, 206), (49, 55), (52, 209)], (30, 165, 195, 170))
([(103, 73), (73, 37), (161, 185)], (164, 34, 203, 159))
([(9, 221), (64, 101), (110, 1)], (190, 229, 70, 145))
([(119, 182), (145, 101), (47, 116), (157, 215)], (132, 27, 59, 47))
([(138, 168), (86, 137), (153, 188), (79, 109)], (29, 99, 164, 162))
([(130, 131), (5, 141), (152, 162), (64, 89), (104, 52)], (157, 221, 133, 130))
([(32, 191), (125, 59), (84, 44), (140, 167), (32, 76)], (187, 129, 80, 172))
([(134, 130), (16, 167), (46, 230), (127, 62)], (48, 252, 214, 7))
([(12, 93), (97, 59), (82, 124)], (218, 254, 244, 203))
([(30, 131), (117, 239), (36, 196)], (32, 152, 2, 216))
([(122, 197), (163, 193), (31, 16)], (116, 57, 237, 37))
([(87, 194), (49, 103), (166, 210)], (24, 189, 111, 46))
([(143, 194), (60, 197), (120, 149), (38, 94), (144, 228)], (90, 24, 223, 134))
([(104, 13), (6, 19), (30, 28), (31, 26)], (82, 129, 192, 88))
([(70, 158), (26, 223), (138, 185), (105, 113), (31, 214)], (4, 170, 25, 196))
([(137, 206), (9, 206), (86, 95), (162, 217), (148, 135)], (7, 184, 110, 236))
([(152, 183), (2, 207), (89, 68), (159, 80), (119, 160)], (195, 103, 102, 137))
([(170, 130), (177, 183), (174, 22), (47, 139), (103, 239)], (82, 148, 74, 171))
([(60, 234), (114, 227), (54, 35), (10, 154)], (76, 3, 77, 202))
([(118, 205), (144, 44), (5, 142), (69, 115), (83, 189)], (142, 86, 67, 146))
([(70, 97), (156, 115), (75, 157)], (231, 19, 143, 188))
([(31, 38), (104, 18), (83, 101), (119, 197), (67, 19), (56, 208), (13, 92), (50, 216), (137, 76)], (76, 151, 173, 218))
([(88, 118), (145, 182), (158, 197), (78, 137)], (157, 98, 252, 24))
([(80, 114), (129, 213), (26, 28)], (216, 62, 6, 89))
([(87, 189), (75, 24), (114, 13)], (244, 162, 164, 153))
([(66, 51), (49, 129), (162, 125)], (147, 40, 31, 124))
([(106, 169), (101, 101), (101, 46), (48, 61), (174, 178), (76, 31)], (86, 0, 10, 108))
([(98, 236), (178, 178), (66, 111), (54, 109)], (219, 45, 71, 153))
([(62, 153), (121, 44), (108, 206), (115, 131)], (80, 215, 96, 19))
([(19, 69), (94, 79), (174, 24), (44, 207)], (242, 155, 162, 105))
([(136, 197), (93, 81), (78, 86)], (244, 60, 10, 52))
([(86, 147), (175, 39), (59, 191)], (218, 66, 57, 59))
([(90, 178), (56, 15), (144, 172), (30, 82)], (228, 67, 149, 240))
([(37, 17), (144, 195), (74, 21), (139, 14)], (62, 46, 46, 34))
([(24, 83), (159, 71), (144, 230)], (80, 218, 101, 12))
([(83, 34), (68, 79), (180, 59), (90, 159)], (133, 250, 67, 83))
([(172, 83), (88, 0), (118, 203)], (126, 109, 177, 158))
([(169, 129), (122, 178), (60, 108)], (43, 246, 165, 78))
([(43, 142), (117, 186), (138, 6), (87, 126)], (210, 225, 86, 37))
([(153, 88), (90, 216), (135, 160), (86, 136), (110, 79)], (184, 13, 116, 178))
([(120, 109), (157, 141), (110, 208), (6, 61)], (28, 82, 101, 132))
([(147, 221), (102, 181), (136, 80), (139, 36), (3, 85)], (166, 104, 98, 138))
([(13, 73), (36, 61), (175, 80), (35, 224), (136, 23)], (234, 20, 44, 67))
([(8, 161), (98, 187), (66, 231)], (119, 177, 251, 40))
([(160, 53), (105, 139), (2, 46)], (22, 85, 177, 29))
([(5, 46), (142, 69), (46, 238), (129, 91)], (57, 84, 221, 129))
([(111, 16), (105, 179), (42, 129), (121, 159)], (11, 81, 16, 22))
([(107, 159), (51, 114), (75, 53)], (199, 98, 109, 252))
([(162, 44), (106, 214), (69, 26)], (222, 150, 187, 236))
([(111, 9), (32, 101), (7, 35), (107, 130)], (129, 32, 35, 100))
([(11, 200), (96, 104), (171, 33)], (246, 146, 192, 147))
([(35, 79), (128, 76), (140, 48), (2, 125)], (152, 71, 37, 221))
([(117, 233), (110, 21), (112, 105), (80, 26), (122, 216)], (236, 53, 243, 109))
([(110, 12), (176, 13), (59, 156), (160, 127)], (243, 158, 113, 231))
([(99, 205), (27, 20), (109, 186)], (226, 170, 114, 177))
([(85, 65), (64, 66), (135, 150), (145, 13), (167, 61)], (231, 186, 208, 6))
([(56, 170), (116, 87), (18, 73)], (28, 78, 89, 153))
([(2, 197), (20, 21), (69, 36), (171, 126)], (208, 127, 223, 244))
([(104, 151), (72, 239), (72, 128), (22, 73)], (226, 234, 131, 139))
([(97, 238), (71, 178), (173, 219), (147, 35)], (142, 105, 110, 31))
([(78, 150), (101, 96), (98, 108)], (168, 7, 109, 222))
([(39, 216), (122, 5), (27, 111), (96, 11), (38, 189)], (134, 51, 83, 201))
([(84, 152), (21, 59), (7, 162)], (159, 211, 150, 164))
([(37, 176), (18, 104), (68, 100), (84, 85), (89, 36), (49, 20), (95, 37), (144, 140), (58, 217), (83, 117)], (226, 98, 83, 54))
([(44, 109), (4, 145), (38, 49), (22, 68)], (225, 38, 227, 144))
([(54, 143), (151, 197), (114, 18), (112, 21), (18, 186)], (33, 198, 81, 234))
([(135, 132), (102, 106), (48, 123), (25, 205)], (115, 128, 19, 57))
([(162, 194), (153, 128), (113, 150), (33, 108)], (175, 33, 37, 204))
([(174, 43), (155, 10), (142, 177), (159, 73), (114, 148)], (70, 58, 56, 175))
([(136, 94), (180, 139), (14, 8), (99, 171), (98, 174)], (128, 138, 114, 204))
([(114, 117), (84, 196), (64, 27)], (26, 101, 118, 43))
([(177, 98), (156, 72), (101, 124), (161, 1)], (49, 57, 110, 172))
([(149, 225), (39, 188), (172, 109)], (149, 174, 91, 66))
([(162, 144), (58, 191), (43, 138)], (86, 91, 50, 228))
([(27, 158), (42, 112), (47, 5), (119, 57), (5, 196)], (207, 23, 87, 201))
([(102, 4), (110, 187), (106, 119)], (2, 225, 49, 106))
([(55, 104), (98, 95), (172, 137), (90, 59)], (98, 207, 70, 54))
([(173, 142), (93, 173), (6, 236), (7, 223)], (134, 213, 166, 129))
([(97, 102), (67, 160), (97, 77), (157, 175)], (236, 6, 94, 73))
([(23, 181), (155, 187), (68, 58), (153, 32)], (232, 49, 14, 26))
([(116, 85), (53, 109), (179, 208)], (174, 246, 241, 235))
([(171, 0), (134, 104), (115, 43), (170, 137)], (90, 169, 199, 118))
([(86, 209), (126, 61), (57, 229)], (29, 112, 213, 27))
([(138, 219), (62, 218), (4, 146), (168, 169)], (44, 255, 196, 252))
([(94, 16), (137, 49), (102, 215), (2, 68)], (158, 170, 64, 127))
([(153, 109), (24, 40), (129, 165), (80, 169)], (185, 154, 180, 12))
([(97, 214), (101, 58), (130, 89)], (104, 228, 87, 107))
([(152, 196), (93, 8), (141, 119), (96, 240)], (249, 116, 45, 157))
([(131, 229), (46, 171), (4, 36)], (192, 15, 181, 76))
([(43, 194), (82, 184), (62, 197), (128, 209)], (148, 6, 114, 6))
([(4, 39), (177, 231), (164, 158)], (9, 3, 12, 177))
([(146, 234), (23, 238), (52, 172)], (240, 218, 147, 195))
([(158, 124), (146, 86), (121, 35), (104, 145), (108, 226)], (154, 53, 148, 186))
([(141, 42), (118, 24), (176, 106), (90, 8)], (227, 180, 250, 159))
([(90, 122), (93, 99), (112, 157), (42, 112)], (137, 12, 127, 156))
([(11, 237), (156, 2), (25, 128)], (51, 252, 252, 106))
([(38, 65), (54, 199), (83, 111), (12, 70), (113, 23)], (116, 149, 55, 140))
([(3, 178), (1, 162), (79, 188)], (51, 236, 160, 80))
([(30, 202), (90, 206), (20, 144), (27, 107)], (91, 116, 139, 219))
([(169, 173), (122, 61), (62, 25), (177, 240), (52, 145)], (161, 108, 90, 10))
([(177, 107), (101, 103), (39, 195)], (228, 43, 60, 0))
([(58, 133), (176, 150), (90, 212), (9, 1)], (180, 209, 247, 20))
([(109, 23), (61, 161), (163, 106)], (214, 63, 238, 220))
([(101, 11), (10, 48), (32, 87), (31, 226), (64, 226)], (156, 248, 103, 113))
([(140, 147), (38, 33), (179, 179), (19, 189)], (129, 90, 245, 93))
([(113, 115), (99, 113), (42, 136), (7, 119), (178, 10)], (254, 36, 161, 98))
([(43, 87), (19, 214), (25, 108), (30, 56)], (138, 240, 112, 48))
([(135, 62), (41, 171), (178, 171)], (6, 32, 221, 127))
([(23, 101), (28, 149), (75, 79)], (186, 102, 9, 10))
([(157, 131), (46, 118), (35, 130)], (147, 185, 209, 128))
([(94, 173), (29, 116), (27, 167), (40, 225), (168, 30)], (45, 115, 50, 29))
([(20, 234), (151, 29), (19, 105)], (154, 170, 143, 247))
([(135, 13), (51, 106), (85, 120)], (31, 254, 130, 91))
([(26, 8), (177, 67), (180, 44)], (172, 96, 17, 239))
([(25, 175), (42, 130), (32, 4), (12, 168)], (168, 55, 136, 88))
([(8, 178), (149, 48), (98, 76), (7, 222)], (193, 218, 188, 70))
([(59, 226), (47, 118), (178, 190)], (195, 175, 174, 205))
([(101, 201), (134, 36), (147, 149)], (10, 214, 59, 220))
([(102, 71), (77, 104), (161, 209)], (141, 126, 4, 243))
([(86, 179), (32, 97), (90, 185)], (86, 12, 53, 205))
([(112, 79), (180, 40), (66, 219)], (253, 71, 65, 27))
([(24, 162), (148, 72), (158, 223), (107, 177)], (11, 70, 100, 61))
([(130, 65), (158, 42), (35, 156), (100, 85), (26, 3)], (233, 137, 223, 136))
([(164, 89), (66, 214), (168, 117), (173, 138)], (90, 125, 39, 221))
([(118, 180), (157, 20), (91, 187), (40, 101), (83, 62)], (46, 167, 22, 205))
([(157, 116), (97, 61), (48, 27), (137, 85)], (33, 129, 167, 20))
([(37, 187), (50, 61), (125, 177), (87, 121)], (151, 165, 132, 43))
([(53, 179), (4, 151), (118, 229)], (229, 109, 71, 97))
([(13, 74), (78, 209), (4, 125), (114, 31)], (213, 5, 235, 234))
([(103, 138), (107, 181), (97, 111)], (109, 73, 74, 136))
([(174, 210), (9, 68), (100, 192), (39, 105), (72, 184), (158, 59)], (213, 85, 102, 246))
([(25, 114), (137, 148), (175, 27)], (171, 158, 208, 121))
([(156, 175), (11, 61), (49, 48), (114, 127)], (202, 78, 183, 79))
([(122, 17), (147, 160), (140, 161), (81, 12), (125, 119)], (24, 10, 74, 59))
([(21, 82), (80, 148), (28, 164), (61, 162)], (101, 206, 229, 200))
([(44, 190), (168, 191), (114, 208), (19, 198)], (77, 216, 242, 19))
([(171, 217), (61, 77), (34, 107), (173, 181), (83, 60)], (205, 157, 218, 193))
([(33, 100), (59, 44), (178, 106), (11, 20)], (19, 121, 39, 98))
([(3, 235), (70, 14), (6, 33), (29, 223)], (71, 90, 118, 11))
([(0, 210), (11, 30), (178, 224)], (116, 145, 63, 151))
([(93, 53), (12, 235), (149, 75), (68, 55), (17, 1), (50, 114)], (82, 243, 151, 146))
([(63, 66), (71, 131), (119, 49)], (73, 225, 222, 135))
([(9, 233), (147, 2), (180, 140)], (56, 112, 37, 121))
([(28, 146), (146, 134), (16, 195), (109, 4), (5, 227)], (5, 214, 30, 0))
([(159, 195), (131, 28), (2, 159), (166, 58)], (57, 254, 179, 64))
([(103, 80), (29, 216), (115, 155)], (195, 113, 197, 141))
([(160, 83), (120, 79), (86, 5), (55, 142)], (107, 99, 30, 244))
([(63, 13), (6, 13), (154, 57)], (249, 228, 62, 220))
([(34, 87), (124, 15), (17, 170)], (128, 127, 112, 229))
([(57, 135), (140, 82), (172, 77), (160, 43)], (28, 225, 220, 156))
([(28, 139), (28, 159), (178, 205), (99, 216), (104, 63)], (189, 215, 10, 36))
([(173, 193), (106, 182), (14, 214), (18, 110)], (62, 234, 102, 83))
([(40, 238), (48, 167), (36, 150), (119, 195)], (47, 252, 221, 148))
([(117, 212), (58, 56), (5, 31), (138, 28), (145, 88)], (125, 232, 73, 164))
([(122, 3), (56, 21), (174, 218), (8, 101), (141, 84)], (73, 59, 17, 61))
([(157, 98), (55, 171), (91, 108), (1, 24), (104, 81), (96, 193), (140, 145), (36, 109)], (138, 104, 60, 79))
([(96, 11), (124, 201), (22, 80), (64, 230)], (106, 37, 81, 238))
([(114, 70), (172, 40), (2, 158)], (231, 191, 124, 19))
([(105, 194), (77, 174), (44, 207), (99, 224)], (141, 204, 200, 131))
([(131, 72), (102, 178), (121, 238)], (90, 170, 84, 23))
([(42, 47), (12, 166), (105, 144), (139, 23), (88, 86), (156, 139)], (201, 146, 163, 49))
([(155, 92), (139, 93), (50, 82), (137, 228)], (61, 3, 16, 81))
([(79, 228), (133, 210), (115, 169), (121, 225), (32, 212)], (42, 189, 127, 60))
([(33, 208), (171, 154), (160, 28), (6, 210), (156, 78), (42, 112)], (39, 124, 220, 193))
([(115, 23), (178, 149), (38, 47), (169, 6), (26, 80), (78, 18)], (227, 45, 213, 205))
([(135, 181), (132, 33), (173, 46), (134, 141)], (191, 130, 38, 11))
([(163, 103), (156, 103), (107, 105)], (224, 105, 217, 20))
([(130, 42), (14, 76), (120, 221), (98, 70)], (3, 84, 24, 149))
([(161, 164), (18, 147), (3, 130)], (40, 44, 15, 27))
([(33, 64), (19, 200), (162, 187), (144, 69)], (222, 131, 38, 164))
([(69, 117), (55, 58), (97, 137)], (205, 150, 144, 201))
([(157, 21), (97, 212), (64, 138)], (186, 10, 26, 120))
([(55, 53), (115, 28), (92, 75), (124, 25), (25, 162)], (164, 82, 13, 240))
([(39, 81), (20, 219), (159, 143), (95, 95)], (25, 116, 233, 145))
([(58, 219), (141, 52), (124, 161), (98, 138), (110, 97)], (222, 13, 92, 192))
([(8, 94), (123, 79), (147, 5)], (160, 196, 137, 191))
([(59, 129), (131, 229), (48, 78)], (198, 254, 78, 91))
([(139, 179), (154, 31), (144, 68)], (176, 107, 241, 19))
([(5, 128), (54, 116), (21, 142), (23, 71)], (139, 56, 143, 226))
