([(58, 133), (48, 124), (69, 16), (15, 55), (9, 1)], (180, 209, 251, 201))
([(172, 231), (179, 9), (23, 18)], (117, 64, 173, 161))
([(86, 181), (153, 186), (98, 90)], (59, 95, 99, 121))
([(6, 43), (11, 74), (25, 162)], (164, 248, 93, 197))
([(110, 62), (114, 92), (63, 200)], (154, 170, 143, 247))
([(32, 239), (1, 58), (37, 49)], (212, 227, 161, 154))
([(101, 201), (106, 176), (147, 194)], (10, 214, 68, 21))
([(77, 7), (105, 113), (178, 1)], (42, 218, 176, 74))
([(58, 119), (47, 118), (78, 20)], (147, 185, 209, 27))
([(180, 139), (14, 8), (98, 174)], (128, 170, 114, 207))
([(117, 233), (106, 181), (82, 67), (0, 159)], (236, 53, 243, 109))
([(176, 144), (77, 3), (39, 46), (39, 46), (117, 205)], (126, 213, 93, 200))
([(51, 63), (12, 51), (18, 90), (19, 96), (35, 198)], (156, 111, 90, 113))
([(133, 129), (86, 236), (73, 222), (66, 214)], (90, 125, 134, 227))
([(116, 54), (139, 225), (31, 189)], (145, 42, 222, 14))
([(93, 239), (103, 202), (142, 56), (51, 29), (16, 174)], (190, 113, 191, 182))
([(8, 39), (30, 16), (168, 98), (150, 59), (130, 16), (125, 5)], (104, 132, 41, 231))
([(147, 33), (179, 224), (6, 61)], (28, 165, 101, 132))
([(97, 119), (97, 119), (98, 125), (112, 209)], (199, 98, 168, 122))
([(121, 44), (162, 164), (133, 115)], (80, 116, 62, 217))
([(88, 131), (108, 236), (33, 63)], (123, 220, 13, 222))
([(107, 239), (46, 171), (16, 75), (4, 36)], (192, 60, 181, 237))
([(9, 233), (147, 2), (99, 2)], (199, 112, 37, 121))
([(129, 216), (134, 180), (128, 230)], (22, 112, 7, 49))
([(178, 48), (114, 105), (77, 125)], (145, 151, 74, 156))
([(11, 200), (117, 139), (179, 103), (173, 76)], (246, 146, 192, 222))
([(26, 16), (3, 229), (2, 86)], (30, 106, 201, 183))
([(180, 208), (121, 198), (121, 198), (132, 148), (139, 116), (160, 20)], (239, 63, 245, 202))
([(178, 226), (55, 46), (164, 107)], (122, 78, 43, 215))
([(104, 13), (6, 19), (15, 76), (62, 63)], (82, 129, 192, 255))
([(59, 138), (67, 138), (93, 139), (166, 35), (108, 88), (59, 132)], (2, 155, 148, 178))
([(16, 233), (42, 188), (0, 198), (97, 77)], (245, 6, 94, 2))
([(5, 46), (6, 46), (9, 47), (142, 69), (46, 238), (103, 100), (78, 181), (129, 91)], (57, 84, 221, 177))
([(170, 154), (162, 205), (169, 195)], (148, 226, 239, 49))
([(18, 158), (68, 115), (74, 72)], (152, 79, 117, 1))
([(5, 142), (5, 142), (69, 115)], (142, 134, 101, 146))
([(150, 239), (138, 226), (59, 165), (111, 173), (109, 155), (101, 82)], (116, 179, 46, 236))
([(79, 228), (160, 27), (50, 186), (48, 189), (32, 212)], (11, 238, 252, 60))
([(163, 103), (161, 103), (160, 103), (140, 128), (144, 115), (148, 103), (144, 103)], (224, 105, 85, 251))
([(84, 175), (96, 150), (141, 54), (153, 28), (108, 136), (92, 184), (91, 187)], (46, 167, 22, 205))
([(116, 203), (77, 136), (89, 47)], (124, 220, 190, 69))
([(176, 198), (30, 139), (138, 42)], (213, 85, 253, 246))
([(6, 239), (177, 105), (46, 90)], (142, 229, 110, 159))
([(51, 190), (53, 214), (161, 185)], (104, 124, 203, 192))
([(105, 37), (111, 137), (40, 180), (56, 99)], (93, 153, 73, 70))
([(31, 183), (48, 213), (57, 229)], (69, 250, 213, 234))
([(12, 235), (149, 75), (129, 113), (70, 225), (1, 46), (17, 1)], (82, 243, 190, 146))
([(71, 194), (14, 68), (18, 110)], (130, 234, 22, 83))
([(179, 117), (174, 115), (10, 66), (78, 186)], (101, 206, 229, 200))
([(4, 222), (115, 130), (109, 181)], (78, 8, 166, 96))
([(3, 235), (33, 136), (41, 110), (6, 33)], (196, 90, 118, 128))
([(88, 136), (27, 234), (121, 159)], (90, 53, 217, 41))
([(90, 173), (117, 239), (36, 196)], (32, 152, 52, 216))
([(162, 1), (65, 16), (3, 26), (44, 131)], (233, 152, 55, 240))
([(149, 223), (58, 52), (122, 221), (102, 137)], (4, 237, 31, 101))
([(1, 29), (136, 5), (73, 87), (54, 112), (113, 188), (15, 112)], (65, 236, 182, 169))
([(168, 227), (8, 41), (114, 42)], (92, 164, 136, 13))
([(131, 129), (28, 20), (64, 226)], (156, 248, 173, 113))
([(146, 71), (164, 73), (159, 78), (47, 183)], (168, 46, 12, 120))
([(130, 200), (29, 127), (61, 55), (13, 87)], (131, 117, 18, 95))
([(0, 210), (0, 210), (3, 161), (3, 161), (4, 161), (163, 213)], (116, 145, 63, 151))
([(14, 72), (21, 142), (23, 71)], (146, 147, 143, 226))
([(121, 162), (138, 240), (110, 169), (98, 138), (101, 138)], (195, 113, 197, 153))
([(4, 201), (120, 66), (133, 51), (72, 221)], (39, 201, 193, 177))
([(96, 11), (84, 125), (1, 148)], (106, 167, 218, 153))
([(33, 185), (77, 37), (88, 0), (90, 0), (144, 2)], (126, 109, 108, 158))
([(173, 1), (144, 195), (134, 15)], (62, 46, 171, 70))
([(180, 70), (151, 197), (104, 219)], (156, 115, 140, 231))
([(143, 54), (158, 197), (160, 179), (2, 159)], (57, 254, 179, 64))
([(138, 136), (87, 179), (109, 225)], (2, 169, 167, 252))
([(172, 224), (50, 239), (1, 149)], (210, 225, 38, 242))
([(82, 227), (77, 143), (54, 165), (76, 240)], (157, 101, 221, 161))
([(104, 173), (1, 155), (31, 89), (86, 78), (119, 72)], (137, 200, 82, 251))
([(106, 183), (47, 32), (125, 47)], (44, 108, 112, 87))
([(103, 102), (86, 82), (31, 16)], (116, 57, 237, 156))
([(143, 8), (54, 35), (29, 109), (40, 39), (35, 100)], (57, 3, 77, 114))
([(149, 75), (47, 77), (6, 158)], (116, 41, 161, 16))
([(147, 79), (165, 191), (32, 106)], (64, 209, 70, 20))
([(11, 175), (75, 208), (4, 125)], (60, 242, 248, 4))
([(68, 3), (58, 0), (29, 131), (12, 226)], (47, 127, 233, 86))
([(144, 189), (32, 101), (63, 97)], (129, 32, 221, 78))
([(110, 187), (121, 189), (109, 98)], (185, 225, 88, 52))
([(97, 214), (101, 197), (102, 193), (41, 121)], (171, 192, 87, 130))
([(27, 82), (73, 3), (159, 46)], (253, 205, 141, 158))
([(180, 151), (127, 1), (161, 14)], (183, 85, 177, 109))
([(165, 232), (21, 225), (35, 98)], (108, 97, 204, 204))
([(28, 20), (36, 35), (30, 24), (160, 240), (177, 172), (108, 6)], (230, 49, 187, 112))
([(129, 211), (131, 229), (106, 167)], (198, 254, 78, 212))
([(178, 87), (150, 41), (22, 126), (158, 122), (169, 233)], (140, 66, 238, 79))
([(117, 190), (123, 179), (125, 175), (122, 178)], (126, 113, 165, 78))
([(173, 154), (4, 145), (176, 238)], (225, 38, 227, 144))
([(28, 229), (39, 221), (46, 216), (46, 77), (47, 60), (48, 44), (9, 227)], (23, 61, 70, 104))
([(89, 79), (173, 134), (178, 48), (180, 13)], (169, 169, 100, 222))
([(96, 184), (103, 134), (113, 128)], (16, 53, 84, 9))
([(40, 238), (111, 191), (119, 195)], (18, 252, 221, 148))
([(41, 39), (149, 33), (179, 194), (76, 156)], (206, 225, 177, 234))
([(65, 105), (66, 78), (85, 134)], (98, 100, 116, 10))
([(81, 34), (30, 218), (90, 115)], (143, 78, 47, 0))
([(111, 206), (79, 238), (78, 239), (78, 239), (66, 69), (78, 239), (24, 75)], (40, 244, 81, 170))
([(50, 44), (51, 44), (128, 50), (49, 99)], (7, 237, 245, 245))
([(119, 182), (145, 101), (146, 100), (149, 96), (131, 161), (113, 226), (5, 9)], (132, 64, 243, 218))
([(171, 0), (134, 104), (162, 24), (116, 46)], (90, 169, 140, 57))
([(153, 109), (170, 233), (44, 220)], (185, 154, 180, 232))
([(150, 172), (156, 34), (175, 171), (180, 207)], (48, 159, 233, 53))
([(13, 74), (8, 102), (4, 125), (85, 237), (114, 31)], (234, 5, 235, 234))
([(149, 174), (106, 154), (10, 81)], (153, 70, 183, 240))
([(175, 227), (176, 28), (49, 230)], (250, 224, 203, 219))
([(135, 202), (152, 51), (142, 52)], (28, 181, 193, 96))
([(67, 0), (35, 60), (1, 124), (159, 71)], (216, 218, 101, 59))
([(145, 185), (51, 1), (26, 180), (76, 168), (87, 94)], (190, 81, 117, 230))
([(82, 12), (130, 130), (38, 94)], (181, 47, 223, 134))
([(38, 65), (15, 193), (114, 75), (9, 40), (46, 59), (121, 96)], (173, 84, 9, 224))
([(3, 178), (1, 162), (34, 143), (27, 133)], (51, 236, 160, 80))
([(57, 170), (31, 84), (96, 11)], (147, 51, 255, 201))
([(112, 79), (180, 40), (66, 219)], (253, 71, 65, 213))
([(152, 16), (18, 209), (32, 227), (177, 235), (32, 227), (38, 234)], (17, 89, 100, 234))
([(58, 3), (97, 94), (44, 137), (35, 169), (25, 205)], (115, 128, 74, 159))
([(17, 238), (142, 87), (49, 49)], (90, 178, 186, 125))
([(30, 85), (5, 141), (97, 154), (141, 160), (152, 162)], (157, 221, 223, 130))
([(72, 100), (109, 115), (127, 112), (136, 38)], (60, 124, 70, 221))
([(66, 111), (76, 76), (111, 71)], (219, 45, 71, 153))
([(177, 231), (163, 236), (164, 158)], (94, 3, 12, 79))
([(101, 54), (96, 86), (77, 167)], (48, 134, 220, 215))
([(11, 237), (156, 2), (98, 58), (96, 60), (25, 128)], (51, 195, 252, 106))
([(140, 111), (138, 226), (151, 19), (61, 54)], (218, 150, 39, 0))
([(100, 149), (54, 138), (88, 131)], (74, 86, 13, 41))
([(8, 94), (45, 88), (124, 76), (147, 5)], (141, 196, 137, 107))
([(123, 122), (124, 93), (125, 64), (70, 46), (37, 36)], (11, 100, 184, 60))
([(162, 35), (144, 172), (155, 20)], (138, 67, 208, 8))
([(141, 52), (124, 161), (112, 150), (98, 138)], (222, 218, 92, 192))
([(20, 6), (13, 92), (99, 34)], (76, 244, 173, 218))
([(0, 158), (124, 127), (84, 94), (70, 95), (59, 96)], (201, 215, 186, 166))
([(177, 183), (174, 22), (174, 22), (47, 139), (103, 239)], (164, 54, 74, 171))
([(140, 161), (81, 12), (177, 230)], (235, 242, 74, 67))
([(43, 92), (20, 238), (38, 221), (147, 117)], (51, 1, 121, 58))
([(84, 95), (152, 35), (77, 104)], (192, 126, 4, 97))
([(39, 81), (20, 219), (62, 149), (73, 131)], (19, 116, 233, 159))
([(19, 69), (104, 37), (98, 76), (100, 75), (46, 215), (45, 211), (44, 207)], (242, 54, 162, 35))
([(116, 85), (64, 105), (53, 109), (179, 208)], (192, 246, 241, 235))
([(148, 184), (136, 183), (54, 148)], (7, 3, 131, 236))
([(31, 176), (1, 127), (23, 102), (85, 62)], (193, 195, 26, 202))
([(41, 183), (86, 126), (145, 64)], (210, 168, 199, 240))
([(42, 47), (168, 0), (130, 72), (105, 144), (8, 97), (128, 37)], (201, 146, 90, 249))
([(19, 69), (45, 96), (46, 97), (30, 64), (4, 11), (90, 8)], (227, 85, 250, 159))
([(173, 142), (148, 152), (143, 154), (93, 173), (6, 236), (164, 235)], (134, 223, 166, 184))
([(2, 61), (62, 183), (17, 18)], (195, 103, 175, 137))
([(33, 208), (6, 210), (32, 139), (42, 112)], (39, 124, 252, 132))
([(135, 128), (126, 168), (66, 138), (35, 134)], (174, 230, 222, 22))
([(105, 53), (178, 135), (84, 79)], (235, 98, 152, 102))
([(77, 84), (30, 24), (27, 20), (109, 186)], (226, 170, 114, 206))
([(78, 65), (75, 24), (121, 220)], (244, 162, 33, 165))
([(105, 135), (52, 21), (42, 19), (97, 4), (110, 1)], (190, 136, 33, 145))
([(2, 42), (113, 40), (179, 109), (178, 91), (175, 39), (78, 82)], (218, 66, 57, 59))
([(177, 107), (25, 148), (151, 20)], (254, 71, 100, 0))
([(18, 125), (113, 240), (114, 240), (136, 234)], (228, 152, 210, 239))
([(7, 46), (11, 45), (91, 32), (155, 21)], (202, 115, 237, 202))
([(163, 102), (43, 210), (101, 74), (131, 4)], (213, 75, 81, 178))
([(92, 53), (76, 202), (75, 211)], (28, 207, 32, 87))
([(111, 29), (112, 0), (89, 153)], (252, 149, 43, 254))
([(105, 194), (46, 202), (11, 129)], (141, 204, 200, 207))
([(148, 84), (82, 153), (80, 155)], (101, 254, 130, 91))
([(12, 190), (54, 188), (179, 184), (171, 177), (52, 68), (26, 59)], (60, 212, 163, 52))
([(1, 68), (94, 119), (120, 142), (129, 150), (104, 137), (19, 95)], (47, 55, 137, 220))
([(125, 59), (105, 222), (85, 232), (140, 167), (39, 45)], (159, 250, 214, 217))
([(41, 60), (164, 81), (180, 4), (179, 4), (43, 26)], (248, 223, 162, 128))
([(135, 181), (170, 45), (172, 46), (173, 46), (173, 46)], (191, 130, 214, 11))
([(102, 181), (89, 54), (3, 85)], (166, 231, 234, 254))
([(57, 135), (172, 77), (78, 196)], (28, 225, 101, 145))
([(58, 56), (16, 36), (6, 31), (5, 31), (2, 107), (2, 107), (3, 114), (7, 140)], (228, 232, 219, 244))
([(40, 181), (16, 140), (15, 146), (11, 169)], (137, 199, 176, 221))
([(80, 2), (138, 217), (69, 101), (39, 60)], (202, 167, 122, 131))
([(38, 47), (55, 90), (92, 152)], (90, 94, 118, 89))
([(54, 106), (68, 77), (83, 60)], (63, 157, 218, 193))
([(178, 149), (169, 6), (78, 18)], (227, 45, 26, 109))
([(62, 22), (58, 191), (94, 79)], (215, 206, 223, 128))
([(149, 131), (160, 151), (160, 14), (56, 224), (121, 80)], (6, 167, 143, 79))
([(68, 79), (172, 31), (180, 59), (48, 174), (43, 178)], (164, 250, 135, 124))
([(180, 182), (10, 61), (28, 98), (75, 196), (96, 240)], (249, 241, 229, 184))
([(130, 15), (117, 155), (129, 108), (143, 240), (61, 38), (51, 177), (46, 1)], (214, 76, 25, 244))
([(137, 100), (134, 102), (43, 7)], (50, 134, 163, 108))
([(17, 82), (128, 76), (128, 76), (134, 62)], (152, 161, 7, 192))
([(148, 161), (137, 159), (111, 153), (3, 130)], (40, 44, 79, 19))
([(33, 126), (89, 36), (153, 132)], (240, 172, 210, 32))
([(176, 13), (174, 16), (95, 146), (160, 127)], (243, 158, 113, 231))
([(2, 197), (3, 187), (20, 21), (21, 21), (69, 36)], (208, 253, 223, 244))
([(73, 102), (17, 90), (2, 68)], (158, 121, 212, 78))
([(21, 59), (18, 81), (17, 88)], (235, 211, 150, 229))
([(44, 102), (68, 100), (34, 49), (72, 40), (89, 36), (104, 100), (90, 68)], (226, 3, 71, 54))
([(23, 181), (60, 80), (68, 58)], (232, 50, 136, 210))
([(130, 42), (14, 76), (120, 221), (74, 76)], (3, 84, 24, 202))
([(136, 71), (150, 161), (43, 215)], (217, 136, 145, 201))
([(62, 179), (60, 109), (18, 186)], (33, 182, 149, 152))
([(84, 59), (147, 145), (110, 222)], (154, 153, 148, 217))
([(85, 65), (65, 211), (135, 150), (90, 166), (128, 63), (167, 61)], (231, 186, 208, 140))
([(144, 3), (140, 72), (136, 140), (133, 136), (79, 58), (77, 55)], (228, 41, 26, 154))
([(47, 5), (119, 57), (52, 88)], (207, 23, 87, 201))
([(82, 95), (47, 47), (154, 57)], (249, 228, 62, 191))
([(43, 87), (77, 71), (24, 199)], (138, 240, 174, 130))
([(176, 26), (114, 61), (171, 164)], (119, 94, 45, 66))
([(169, 173), (69, 230), (177, 240)], (161, 243, 90, 10))
([(71, 131), (72, 132), (75, 136), (76, 137), (82, 145), (3, 18)], (73, 225, 222, 24))
([(49, 137), (73, 66), (44, 94)], (158, 174, 20, 200))
([(167, 84), (56, 89), (32, 86), (31, 87), (42, 53)], (164, 129, 167, 8))
([(171, 132), (173, 170), (101, 43)], (250, 118, 22, 203))
([(59, 226), (47, 118), (131, 182)], (195, 195, 174, 205))
([(9, 161), (39, 170), (145, 103)], (119, 177, 251, 51))
([(138, 219), (108, 219), (62, 218), (168, 169)], (245, 255, 196, 252))
([(151, 117), (84, 196), (4, 69)], (26, 101, 15, 43))
([(77, 187), (174, 178), (174, 178), (173, 176), (76, 31)], (86, 0, 10, 255))
([(146, 234), (32, 238), (133, 128)], (240, 218, 147, 195))
([(139, 179), (177, 141), (144, 68)], (176, 107, 162, 19))
([(174, 43), (174, 43), (180, 129), (155, 10), (142, 177), (159, 73)], (201, 58, 56, 219))
([(10, 66), (33, 202), (35, 214), (38, 160), (163, 62), (176, 69), (151, 106), (151, 106), (127, 142)], (237, 176, 232, 164))
([(140, 147), (179, 179), (57, 187), (43, 188)], (118, 75, 245, 93))
([(12, 93), (16, 91), (81, 65), (97, 59), (166, 165), (59, 214)], (221, 250, 244, 211))
([(40, 172), (18, 159), (4, 151), (4, 151), (4, 151), (81, 138)], (229, 152, 242, 73))
([(26, 8), (97, 175), (166, 105), (175, 85), (179, 52), (180, 44)], (177, 96, 17, 164))
([(135, 62), (41, 171), (178, 171), (178, 171)], (252, 32, 148, 199))
([(114, 137), (71, 84), (33, 108)], (175, 33, 218, 130))
([(43, 233), (72, 239), (72, 239), (35, 87)], (226, 234, 181, 142))
([(86, 179), (72, 171), (152, 178), (90, 185)], (213, 12, 53, 104))
([(44, 122), (13, 140), (100, 85), (26, 3)], (254, 167, 223, 146))
([(37, 187), (50, 61), (125, 177)], (151, 165, 132, 239))
([(45, 91), (42, 187), (42, 187), (40, 184)], (171, 2, 208, 121))
([(164, 213), (109, 188), (2, 19)], (244, 183, 245, 152))
([(168, 191), (81, 141), (99, 224)], (192, 216, 242, 175))
([(117, 42), (20, 188), (149, 167)], (1, 37, 142, 104))
([(33, 100), (55, 146), (59, 44), (45, 19)], (19, 34, 11, 98))
([(46, 176), (50, 164), (80, 71), (74, 183)], (133, 189, 111, 43))
([(149, 153), (134, 85), (132, 49), (61, 161), (163, 106)], (214, 63, 146, 220))
([(103, 138), (44, 42), (39, 34), (38, 32), (97, 111)], (238, 41, 74, 136))
([(131, 72), (131, 72), (149, 2)], (170, 170, 84, 155))
([(157, 191), (152, 132), (151, 132), (35, 148)], (184, 70, 100, 210))
([(178, 205), (178, 110), (172, 106), (104, 63)], (189, 63, 60, 36))
([(110, 3), (25, 74), (141, 84)], (141, 59, 17, 61))
([(55, 171), (156, 75), (140, 145), (36, 109)], (180, 104, 60, 79))
([(177, 98), (11, 6), (67, 4), (161, 1)], (250, 57, 52, 172))
([(134, 130), (49, 227), (46, 230)], (205, 252, 246, 42))
([(119, 183), (120, 79), (86, 5), (55, 142)], (203, 99, 30, 244))
([(162, 44), (140, 0), (117, 155), (101, 13)], (222, 201, 144, 33))
([(88, 11), (51, 196), (87, 129), (98, 108)], (168, 7, 109, 20))
([(47, 207), (172, 40), (2, 158)], (231, 191, 125, 19))
([(25, 175), (52, 99), (48, 133), (122, 172), (127, 175), (131, 177)], (168, 36, 116, 105))
([(88, 118), (80, 131), (121, 21)], (157, 122, 119, 83))
([(36, 61), (175, 80), (165, 210), (148, 100), (141, 55), (137, 29), (136, 23)], (234, 20, 44, 67))
([(162, 187), (71, 156), (144, 69)], (222, 131, 38, 75))
([(8, 178), (111, 225), (125, 190), (9, 222), (7, 222)], (193, 229, 188, 70))
([(157, 21), (33, 69), (64, 138)], (186, 10, 19, 120))
([(27, 167), (8, 176), (40, 225)], (45, 111, 220, 29))
([(113, 115), (42, 136), (68, 21), (178, 10)], (254, 36, 12, 98))
