([(149, 223), (87, 106), (58, 52), (172, 240), (102, 137)], (212, 237, 31, 224))
([(107, 239), (20, 233), (46, 171), (68, 175), (4, 36)], (192, 110, 182, 237))
([(172, 231), (179, 9), (23, 18)], (117, 64, 173, 161))
([(6, 43), (26, 185), (26, 185), (4, 212)], (164, 248, 93, 251))
([(175, 46), (32, 101), (152, 52)], (129, 32, 159, 78))
([(32, 239), (1, 58), (3, 57), (37, 49)], (212, 227, 161, 234))
([(129, 29), (172, 77), (114, 29)], (28, 212, 101, 77))
([(77, 7), (105, 113), (157, 126), (178, 1)], (42, 79, 176, 128))
([(49, 47), (7, 204), (41, 121)], (34, 192, 87, 67))
([(180, 139), (14, 8), (36, 52), (47, 74), (99, 147), (98, 174)], (143, 160, 114, 207))
([(1, 208), (106, 181), (94, 124), (82, 67), (0, 159)], (219, 53, 243, 176))
([(157, 93), (179, 224), (21, 194)], (163, 165, 101, 155))
([(170, 104), (23, 36), (170, 22)], (228, 56, 168, 214))
([(6, 239), (177, 105), (46, 90)], (142, 229, 110, 159))
([(176, 144), (77, 3), (117, 205)], (126, 213, 93, 200))
([(75, 219), (179, 103), (177, 94), (177, 94), (174, 80), (173, 76)], (246, 146, 192, 222))
([(63, 238), (119, 161), (86, 236)], (191, 125, 134, 227))
([(116, 54), (139, 225), (85, 207), (51, 196), (31, 189)], (145, 77, 222, 126))
([(129, 186), (17, 28), (86, 128)], (37, 111, 7, 121))
([(0, 227), (30, 16), (66, 44), (125, 5)], (104, 35, 77, 231))
([(77, 181), (108, 236), (33, 63)], (123, 220, 13, 222))
([(98, 208), (130, 220), (47, 217), (51, 39)], (177, 254, 78, 212))
([(171, 0), (134, 104), (154, 47), (162, 24), (116, 46)], (90, 169, 24, 57))
([(63, 217), (85, 237), (100, 44)], (234, 48, 235, 234))
([(80, 2), (138, 217), (39, 60)], (203, 167, 122, 131))
([(164, 238), (102, 27), (70, 46), (56, 42), (52, 41), (37, 36)], (154, 100, 184, 60))
([(40, 210), (117, 239), (36, 196)], (28, 152, 52, 255))
([(9, 233), (147, 2), (146, 2), (99, 2)], (199, 112, 237, 121))
([(93, 239), (103, 202), (97, 43), (29, 236), (29, 236), (18, 191)], (190, 185, 191, 182))
([(68, 79), (172, 31), (137, 86)], (164, 250, 135, 124))
([(147, 79), (44, 162), (54, 152), (161, 46)], (64, 209, 202, 140))
([(88, 118), (57, 65), (29, 164)], (120, 57, 119, 130))
([(16, 233), (1, 144), (0, 198)], (245, 6, 94, 11))
([(137, 100), (134, 102), (43, 7)], (50, 40, 163, 108))
([(167, 30), (154, 48), (131, 81), (114, 105), (77, 125)], (145, 151, 74, 54))
([(26, 16), (146, 31), (3, 229), (2, 86)], (30, 106, 201, 183))
([(147, 145), (84, 45), (66, 16)], (154, 153, 148, 217))
([(179, 117), (174, 115), (19, 69), (174, 122), (78, 186)], (101, 206, 83, 200))
([(150, 239), (138, 226), (77, 217), (58, 214), (109, 155), (104, 109), (101, 82)], (196, 179, 46, 245))
([(6, 131), (141, 29), (35, 155)], (218, 150, 148, 124))
([(125, 58), (18, 81), (17, 88)], (235, 211, 36, 229))
([(14, 72), (64, 46), (114, 21), (136, 88)], (27, 147, 143, 226))
([(158, 182), (126, 195), (54, 225), (54, 225), (59, 200)], (80, 191, 62, 253))
([(104, 13), (6, 19), (4, 87), (29, 93), (59, 129), (91, 191)], (82, 129, 192, 255))
([(178, 226), (55, 46), (150, 99), (164, 107)], (122, 131, 43, 215))
([(67, 0), (34, 62), (1, 124), (159, 71)], (216, 218, 88, 223))
([(5, 142), (5, 142), (29, 129)], (142, 134, 101, 185))
([(41, 60), (145, 71), (129, 75), (145, 78), (164, 81), (180, 4), (179, 4), (43, 26)], (248, 223, 104, 128))
([(9, 161), (39, 170), (70, 150), (145, 103)], (119, 177, 251, 143))
([(75, 136), (24, 34), (23, 33), (19, 30), (3, 18)], (73, 225, 222, 177))
([(40, 132), (82, 97), (96, 86), (80, 154)], (30, 114, 220, 194))
([(176, 198), (146, 186), (107, 148), (138, 42)], (213, 183, 253, 246))
([(31, 183), (166, 157), (19, 1)], (141, 90, 213, 234))
([(30, 1), (23, 133), (1, 46), (17, 1)], (118, 243, 190, 146))
([(92, 53), (76, 202), (75, 211)], (28, 52, 32, 87))
([(3, 235), (172, 180), (132, 214), (6, 33)], (196, 152, 118, 128))
([(4, 222), (20, 175), (1, 75)], (252, 105, 166, 152))
([(163, 213), (152, 35), (77, 104)], (192, 60, 85, 231))
([(119, 182), (145, 101), (12, 216), (131, 161), (113, 226), (5, 9)], (132, 201, 243, 218))
([(136, 95), (20, 48), (112, 0), (94, 119), (93, 126), (89, 153)], (252, 149, 43, 254))
([(5, 46), (74, 58), (142, 69), (46, 238), (51, 36), (78, 181), (129, 147)], (255, 247, 221, 240))
([(30, 1), (51, 1), (26, 180)], (190, 81, 117, 230))
([(62, 1), (58, 0), (12, 226)], (47, 127, 233, 94))
([(79, 228), (50, 186), (48, 189), (32, 212), (32, 212)], (102, 255, 252, 90))
([(159, 154), (40, 49), (64, 31), (78, 20)], (91, 29, 209, 30))
([(51, 63), (130, 224), (12, 51)], (156, 235, 134, 139))
([(71, 194), (14, 68), (17, 100)], (130, 234, 22, 247))
([(0, 210), (0, 210), (3, 161), (3, 161), (91, 115)], (70, 145, 124, 151))
([(23, 181), (118, 125), (68, 58)], (189, 86, 127, 210))
([(10, 66), (92, 197), (163, 62), (30, 4)], (237, 176, 232, 84))
([(171, 238), (54, 165), (76, 240)], (157, 101, 221, 161))
([(73, 3), (110, 22), (142, 38)], (253, 205, 141, 158))
([(1, 29), (136, 5), (54, 112), (15, 112)], (65, 236, 236, 169))
([(20, 6), (13, 92), (99, 34)], (110, 244, 173, 225))
([(143, 8), (73, 62), (138, 82), (29, 109), (51, 120), (135, 161)], (57, 3, 77, 114))
([(56, 168), (125, 175), (150, 162)], (126, 70, 206, 56))
([(131, 129), (28, 20), (36, 87)], (156, 248, 8, 113))
([(156, 115), (29, 127), (176, 160), (124, 117), (86, 85), (173, 21)], (131, 117, 18, 93))
([(51, 190), (52, 162), (161, 185)], (104, 203, 203, 192))
([(91, 45), (81, 141), (99, 224)], (129, 216, 242, 250))
([(4, 201), (120, 66), (157, 187), (72, 221)], (39, 120, 240, 177))
([(45, 88), (87, 82), (124, 76)], (123, 208, 137, 210))
([(105, 83), (77, 37), (82, 20), (88, 0), (90, 0), (97, 0), (144, 2)], (126, 109, 108, 238))
([(173, 1), (144, 195), (134, 15)], (130, 46, 171, 66))
([(143, 54), (161, 19), (158, 197), (160, 179), (2, 159)], (57, 254, 179, 87))
([(89, 79), (112, 94), (173, 134), (136, 31), (178, 48), (180, 13)], (169, 169, 74, 222))
([(31, 176), (1, 127), (12, 114), (23, 102)], (193, 195, 26, 202))
([(172, 224), (50, 239), (1, 149)], (210, 225, 163, 242))
([(120, 185), (130, 221), (147, 194)], (65, 238, 179, 21))
([(8, 41), (43, 41), (114, 42)], (183, 164, 136, 94))
([(104, 173), (1, 155), (31, 89), (52, 182), (52, 182), (53, 164)], (204, 200, 82, 251))
([(19, 69), (46, 97), (4, 11), (90, 8)], (227, 85, 250, 239))
([(19, 47), (47, 77), (59, 157)], (116, 41, 161, 16))
([(180, 110), (44, 39), (55, 212)], (124, 220, 238, 107))
([(136, 119), (159, 78), (48, 133)], (168, 46, 150, 120))
([(88, 11), (168, 111), (98, 108)], (168, 7, 209, 20))
([(11, 175), (129, 33), (75, 208), (58, 12), (7, 119), (4, 125)], (233, 242, 248, 85))
([(174, 206), (172, 205), (121, 189), (109, 98)], (185, 213, 88, 93))
([(32, 203), (160, 240), (177, 172), (108, 6)], (230, 49, 187, 112))
([(96, 11), (174, 170), (1, 148)], (106, 167, 218, 213))
([(165, 232), (155, 232), (21, 225), (23, 207), (165, 64)], (199, 97, 204, 204))
([(81, 34), (167, 30), (14, 215)], (236, 78, 22, 0))
([(152, 16), (18, 209), (32, 227), (177, 235), (32, 227), (38, 234)], (17, 89, 100, 234))
([(178, 87), (150, 41), (22, 126), (158, 122), (169, 233)], (166, 66, 238, 79))
([(180, 208), (21, 238), (132, 148), (160, 20)], (239, 63, 245, 227))
([(173, 154), (4, 145), (176, 238)], (225, 38, 227, 144))
([(28, 229), (39, 221), (46, 216), (48, 44), (9, 227)], (23, 61, 70, 104))
([(16, 178), (103, 134), (157, 188)], (105, 172, 84, 76))
([(139, 179), (71, 214), (144, 68)], (182, 107, 4, 152))
([(40, 238), (111, 191), (22, 237)], (18, 252, 221, 148))
([(65, 105), (43, 9), (84, 131), (85, 134), (85, 134)], (1, 100, 116, 10))
([(100, 122), (82, 153), (77, 171)], (101, 254, 130, 31))
([(169, 173), (69, 230), (142, 237), (177, 240)], (161, 243, 90, 10))
([(162, 1), (144, 4), (3, 26), (17, 205)], (233, 221, 170, 240))
([(50, 44), (128, 50), (87, 228)], (7, 237, 64, 245))
([(159, 153), (160, 160), (170, 233)], (185, 154, 180, 198))
([(3, 178), (1, 162), (27, 133)], (51, 236, 160, 240))
([(33, 208), (22, 209), (6, 210), (32, 139), (42, 112)], (39, 124, 202, 226))
([(99, 111), (90, 199), (127, 112)], (145, 124, 70, 75))
([(150, 172), (155, 57), (156, 34), (16, 95), (172, 89), (180, 207)], (48, 159, 233, 123))
([(3, 13), (101, 61), (142, 52)], (182, 195, 193, 96))
([(58, 133), (85, 148), (12, 86), (43, 9), (9, 1)], (180, 209, 251, 201))
([(54, 106), (91, 135), (4, 127)], (102, 111, 218, 86))
([(83, 171), (0, 47), (109, 160), (87, 179)], (131, 169, 167, 227))
([(101, 102), (68, 115), (132, 109)], (152, 201, 117, 170))
([(82, 95), (47, 47), (154, 57)], (249, 228, 62, 191))
([(75, 109), (24, 143), (15, 193), (114, 75)], (2, 84, 9, 224))
([(41, 39), (149, 33), (150, 38), (179, 194), (105, 167)], (206, 225, 177, 234))
([(109, 56), (31, 84), (2, 81)], (147, 51, 255, 201))
([(58, 3), (97, 94), (25, 205)], (115, 128, 73, 177))
([(17, 238), (142, 87), (49, 49)], (90, 178, 186, 131))
([(30, 85), (23, 100), (20, 107), (12, 125), (5, 141), (141, 160)], (157, 221, 247, 208))
([(144, 3), (139, 89), (136, 140), (136, 140), (79, 58), (77, 55)], (228, 41, 114, 154))
([(80, 33), (168, 0), (105, 144), (8, 97), (128, 37)], (201, 146, 90, 249))
([(11, 237), (156, 2), (96, 60), (25, 128)], (51, 195, 252, 115))
([(149, 174), (106, 154), (10, 81)], (153, 70, 183, 248))
([(166, 52), (106, 190), (84, 130)], (20, 138, 14, 129))
([(86, 181), (153, 186), (98, 90)], (59, 95, 99, 156))
([(80, 152), (144, 172), (153, 48), (155, 20)], (138, 67, 208, 218))
([(111, 206), (79, 238), (124, 103), (78, 239), (66, 69), (76, 211), (78, 239), (24, 75)], (40, 255, 197, 170))
([(140, 161), (131, 77), (155, 157), (177, 230)], (235, 33, 46, 67))
([(20, 238), (38, 221), (171, 220)], (51, 1, 121, 83))
([(73, 86), (76, 76), (76, 76)], (219, 45, 155, 130))
([(59, 138), (147, 63), (59, 132)], (2, 155, 175, 144))
([(130, 15), (117, 155), (109, 13), (141, 221), (143, 240), (120, 183), (61, 38), (53, 149), (51, 177), (46, 1)], (214, 76, 25, 244))
([(103, 138), (108, 88), (73, 131)], (14, 116, 251, 186))
([(116, 85), (53, 109), (179, 208)], (192, 246, 241, 235))
([(74, 182), (152, 165), (86, 126)], (24, 3, 124, 242))
([(152, 33), (138, 240), (110, 169)], (195, 113, 197, 153))
([(180, 70), (163, 144), (151, 197), (77, 22)], (192, 115, 140, 231))
([(12, 128), (170, 199), (125, 47)], (44, 108, 112, 243))
([(173, 142), (93, 173), (6, 236), (164, 235)], (134, 223, 166, 184))
([(2, 61), (179, 137), (46, 165)], (195, 103, 175, 137))
([(59, 226), (48, 127), (128, 195), (165, 226), (131, 182)], (195, 195, 174, 205))
([(126, 168), (113, 161), (66, 138), (66, 164), (23, 15)], (174, 230, 222, 22))
([(105, 53), (178, 135), (141, 181)], (235, 101, 152, 167))
([(180, 151), (167, 140), (62, 53), (161, 14)], (183, 85, 177, 206))
([(77, 84), (27, 20), (20, 181)], (226, 170, 114, 206))
([(164, 213), (175, 8), (3, 21), (2, 19)], (244, 183, 245, 152))
([(180, 156), (174, 22), (99, 95), (88, 2)], (164, 54, 22, 171))
([(82, 12), (96, 46), (38, 94)], (181, 141, 223, 134))
([(2, 42), (113, 40), (179, 109), (178, 91), (175, 39), (104, 171)], (218, 206, 57, 59))
([(18, 125), (113, 240), (113, 240), (114, 240), (136, 234)], (228, 152, 234, 239))
([(7, 46), (11, 45), (51, 57), (120, 116), (155, 21)], (202, 115, 237, 202))
([(76, 114), (43, 210), (131, 4)], (213, 252, 81, 178))
([(48, 1), (75, 24), (121, 220)], (244, 69, 33, 158))
([(105, 194), (46, 202), (11, 129)], (141, 204, 200, 246))
([(141, 230), (18, 165), (27, 234), (121, 159)], (10, 53, 217, 53))
([(111, 137), (59, 169), (37, 182), (56, 99)], (93, 153, 73, 72))
([(54, 188), (179, 184), (52, 68)], (60, 212, 163, 249))
([(99, 75), (61, 131), (56, 138), (85, 232), (140, 167), (39, 45)], (200, 250, 214, 217))
([(175, 227), (124, 68), (50, 239)], (250, 224, 240, 194))
([(135, 181), (171, 46), (172, 46), (172, 46), (173, 46), (173, 46)], (133, 130, 115, 11))
([(105, 135), (52, 21), (42, 19), (110, 1)], (190, 136, 33, 145))
([(102, 181), (26, 148), (3, 85)], (166, 231, 234, 254))
([(106, 5), (44, 10), (148, 103)], (224, 105, 85, 251))
([(58, 56), (16, 36), (6, 31), (5, 31), (5, 31), (2, 107), (3, 114), (7, 140)], (228, 232, 219, 244))
([(40, 181), (16, 140), (16, 140), (11, 169)], (137, 199, 176, 221))
([(0, 158), (124, 127), (86, 73), (70, 95), (59, 96)], (201, 215, 186, 209))
([(62, 22), (58, 191), (94, 79)], (215, 11, 223, 128))
([(58, 178), (60, 109), (158, 129), (162, 130)], (33, 246, 149, 152))
([(140, 23), (150, 18), (84, 21), (56, 224), (121, 80)], (6, 167, 143, 79))
([(38, 47), (138, 30), (95, 144), (92, 152)], (134, 94, 153, 114))
([(134, 130), (49, 227), (47, 229), (46, 230)], (205, 252, 246, 166))
([(180, 182), (10, 61), (28, 98), (96, 240)], (249, 241, 229, 184))
([(41, 183), (67, 111), (143, 65)], (38, 71, 199, 127))
([(17, 82), (128, 76), (128, 76), (134, 62)], (152, 161, 7, 252))
([(148, 161), (60, 3), (33, 80), (60, 124)], (211, 44, 139, 19))
([(110, 62), (114, 92), (43, 149), (63, 200)], (154, 170, 143, 0))
([(33, 126), (50, 112), (153, 132)], (80, 172, 210, 212))
([(176, 13), (128, 92), (95, 146), (160, 127)], (243, 158, 113, 231))
([(178, 149), (178, 149), (169, 6), (78, 18)], (227, 45, 26, 176))
([(3, 187), (20, 21), (21, 21), (69, 36)], (250, 253, 223, 244))
([(44, 102), (68, 100), (34, 49), (72, 40), (104, 100)], (80, 3, 20, 113))
([(73, 102), (66, 100), (17, 90), (2, 68)], (154, 89, 212, 78))
([(130, 42), (14, 76), (96, 159), (74, 76), (74, 76)], (11, 84, 24, 202))
([(54, 179), (150, 161), (43, 215)], (217, 136, 145, 201))
([(170, 221), (135, 150), (132, 113), (128, 63), (160, 61), (167, 61)], (231, 186, 208, 37))
([(1, 68), (94, 119), (120, 142), (129, 150), (19, 95)], (239, 217, 137, 220))
([(47, 5), (119, 57), (52, 88)], (207, 23, 87, 201))
([(43, 87), (50, 84), (77, 71), (24, 199)], (138, 240, 185, 130))
([(176, 26), (128, 86), (171, 164)], (119, 94, 45, 66))
([(49, 137), (44, 60), (50, 88), (44, 94)], (158, 174, 20, 200))
([(167, 84), (56, 89), (38, 87), (32, 86), (94, 68)], (181, 23, 167, 19))
([(171, 132), (173, 170), (98, 4)], (250, 118, 22, 203))
([(151, 117), (84, 196), (4, 69)], (26, 101, 15, 43))
([(77, 187), (115, 183), (174, 178), (173, 176), (76, 31)], (86, 0, 20, 255))
([(146, 234), (71, 237), (32, 238), (133, 128)], (240, 218, 251, 98))
([(177, 231), (163, 236), (164, 158)], (213, 188, 12, 139))
([(138, 219), (108, 219), (62, 218)], (245, 255, 196, 252))
([(26, 8), (97, 175), (166, 105), (175, 85), (179, 52), (180, 44)], (221, 96, 17, 164))
([(140, 147), (179, 179), (57, 187), (90, 8)], (118, 75, 146, 93))
([(82, 18), (180, 40), (77, 197)], (253, 71, 65, 213))
([(12, 93), (123, 15), (160, 204), (97, 59), (166, 165), (59, 214)], (223, 250, 244, 211))
([(40, 172), (18, 159), (4, 151), (4, 151), (4, 151), (81, 138)], (229, 199, 242, 73))
([(135, 62), (41, 171), (178, 171), (178, 171)], (252, 32, 142, 199))
([(114, 137), (71, 84), (33, 108)], (175, 33, 218, 130))
([(43, 233), (72, 239), (72, 239), (35, 87)], (226, 234, 181, 182))
([(100, 149), (94, 148), (54, 138), (88, 131)], (3, 86, 0, 21))
([(127, 5), (72, 171), (152, 178), (90, 185)], (213, 12, 53, 104))
([(44, 122), (100, 85), (26, 3)], (254, 167, 223, 68))
([(144, 233), (65, 77), (31, 16)], (236, 37, 237, 0))
([(37, 187), (40, 158), (50, 61), (125, 177)], (151, 165, 64, 119))
([(45, 91), (42, 187), (40, 184)], (68, 2, 208, 121))
([(117, 42), (106, 59), (20, 188), (80, 178), (149, 167)], (1, 37, 142, 104))
([(170, 154), (162, 205), (169, 195)], (27, 226, 239, 68))
([(33, 100), (55, 146), (59, 44), (45, 19)], (19, 20, 11, 98))
([(50, 164), (148, 28), (74, 183)], (133, 189, 111, 43))
([(134, 85), (132, 49), (132, 49), (61, 161)], (214, 93, 146, 220))
([(141, 52), (124, 161), (104, 143), (98, 138)], (241, 32, 92, 192))
([(103, 138), (48, 49), (39, 34), (38, 32), (97, 111)], (238, 41, 74, 182))
([(84, 175), (153, 28), (92, 184)], (243, 161, 32, 205))
([(54, 148), (131, 72), (149, 2)], (170, 235, 84, 162))
([(157, 191), (152, 132), (167, 33), (35, 148)], (184, 70, 100, 153))
([(178, 205), (178, 110), (172, 106), (104, 63)], (189, 63, 60, 115))
([(174, 43), (180, 129), (159, 29), (172, 38)], (201, 58, 56, 219))
([(65, 11), (25, 74), (74, 78)], (141, 59, 8, 16))
([(55, 171), (89, 139), (156, 75), (140, 145), (36, 109)], (190, 104, 60, 197))
([(163, 199), (128, 128), (67, 4), (161, 1)], (250, 57, 52, 172))
([(119, 183), (120, 79), (55, 142)], (203, 99, 30, 244))
([(48, 69), (140, 0), (117, 155)], (222, 43, 144, 144))
([(47, 207), (172, 40), (5, 68)], (231, 191, 125, 19))
([(25, 175), (48, 133), (102, 136), (131, 177)], (168, 36, 22, 105))
([(19, 69), (98, 76), (100, 75), (46, 215), (45, 211), (44, 207)], (242, 54, 162, 35))
([(36, 61), (148, 100), (148, 100), (141, 55), (83, 115), (136, 23)], (234, 20, 44, 67))
([(162, 187), (71, 156), (144, 69)], (222, 131, 38, 75))
([(8, 178), (42, 157), (9, 222), (7, 222)], (193, 229, 188, 70))
([(157, 21), (33, 69), (64, 138)], (186, 10, 19, 120))
([(27, 167), (8, 176), (40, 225)], (6, 111, 220, 29))
([(113, 115), (64, 130), (53, 133), (42, 136), (68, 21), (178, 10)], (254, 66, 12, 98))
