([(104, 5), (179, 210), (150, 219), (81, 239), (59, 136)], (144, 223, 72, 178))
([(130, 209), (148, 192), (162, 204)], (204, 216, 141, 186))
([(98, 2), (73, 201), (21, 28)], (93, 13, 49, 48))
([(19, 178), (38, 210), (121, 210)], (107, 180, 218, 67))
([(178, 222), (128, 121), (2, 27), (19, 25)], (166, 252, 239, 112))
([(159, 117), (47, 44), (29, 32), (90, 53)], (202, 167, 243, 210))
([(67, 188), (26, 64), (103, 211)], (214, 141, 107, 188))
([(99, 71), (47, 185), (66, 193), (70, 131)], (39, 177, 111, 206))
([(131, 41), (135, 87), (139, 89), (20, 42), (125, 210)], (186, 37, 173, 238))
([(125, 34), (173, 99), (180, 26)], (191, 129, 195, 104))
([(31, 31), (68, 211), (125, 235)], (85, 251, 110, 190))
([(100, 125), (124, 87), (132, 109)], (234, 68, 79, 5))
([(177, 2), (162, 3), (145, 164)], (91, 98, 88, 198))
([(66, 183), (66, 183), (68, 203), (134, 237)], (248, 158, 224, 183))
([(11, 53), (29, 150), (2, 53)], (122, 172, 197, 216))
([(116, 103), (176, 19), (57, 152)], (162, 160, 112, 8))
([(170, 174), (44, 240), (17, 98)], (183, 49, 239, 146))
([(62, 136), (102, 150), (6, 2)], (142, 30, 65, 83))
([(14, 1), (79, 28), (67, 74), (1, 220)], (182, 238, 65, 98))
([(0, 53), (46, 57), (148, 107), (35, 19), (2, 6), (9, 107)], (100, 209, 240, 238))
([(98, 162), (88, 33), (114, 75), (52, 155)], (41, 248, 126, 161))
([(54, 143), (4, 6), (25, 20)], (91, 243, 165, 203))
([(80, 167), (156, 32), (82, 0)], (75, 53, 122, 149))
([(1, 211), (9, 192), (121, 165)], (0, 34, 250, 241))
([(158, 174), (50, 213), (5, 229), (144, 238)], (238, 133, 211, 216))
([(49, 35), (67, 108), (7, 101)], (25, 86, 253, 99))
([(35, 63), (46, 79), (97, 153), (145, 153)], (80, 49, 158, 252))
([(5, 174), (37, 157), (149, 96), (110, 220), (104, 239), (1, 57)], (220, 181, 82, 171))
([(150, 172), (169, 60), (84, 111), (150, 20), (164, 1)], (157, 112, 54, 249))
([(154, 236), (91, 143), (95, 203)], (133, 119, 238, 247))
([(175, 49), (151, 223), (5, 157)], (144, 187, 220, 226))
([(12, 190), (0, 3), (0, 3), (114, 68)], (96, 252, 245, 216))
([(130, 203), (90, 156), (34, 132), (175, 111)], (247, 115, 161, 156))
([(98, 234), (145, 240), (72, 177)], (146, 55, 209, 174))
([(93, 80), (173, 228), (178, 237), (71, 228)], (193, 211, 50, 193))
([(46, 239), (3, 40), (1, 57)], (231, 253, 206, 154))
([(175, 228), (139, 22), (35, 194), (69, 173), (109, 149)], (154, 95, 86, 161))
([(94, 19), (167, 16), (167, 155)], (247, 204, 49, 212))
([(0, 89), (141, 40), (111, 80), (40, 174), (2, 225)], (109, 253, 100, 230))
([(178, 16), (156, 15), (140, 15), (95, 133)], (228, 21, 200, 217))
([(12, 149), (24, 31), (116, 199), (158, 238), (46, 223)], (198, 128, 100, 212))
([(139, 239), (78, 227), (155, 85)], (177, 105, 217, 154))
([(84, 149), (59, 135), (23, 33), (158, 32)], (105, 162, 199, 45))
([(173, 75), (132, 129), (180, 75)], (238, 58, 131, 195))
([(86, 65), (43, 163), (88, 188), (103, 181), (156, 198), (147, 228)], (108, 171, 248, 94))
([(55, 83), (77, 105), (122, 149), (132, 159), (37, 137), (16, 132)], (37, 219, 233, 83))
([(90, 29), (28, 177), (110, 196)], (56, 32, 223, 30))
([(82, 237), (77, 229), (33, 230)], (245, 251, 103, 167))
([(14, 237), (38, 237), (163, 235), (93, 171), (64, 144), (54, 135)], (178, 254, 119, 225))
([(152, 140), (19, 187), (91, 34)], (250, 194, 34, 142))
([(114, 28), (47, 185), (122, 132)], (245, 191, 75, 191))
([(29, 238), (90, 177), (63, 110), (31, 30)], (10, 214, 238, 221))
([(26, 11), (75, 72), (80, 154)], (56, 227, 127, 213))
([(50, 224), (41, 71), (3, 187)], (149, 38, 207, 143))
([(82, 234), (173, 219), (169, 181), (150, 1)], (131, 201, 211, 185))
([(129, 86), (58, 106), (66, 234), (97, 136), (75, 216)], (253, 222, 250, 248))
([(141, 2), (179, 43), (101, 7), (90, 2), (87, 1)], (29, 229, 218, 54))
([(81, 106), (78, 101), (91, 99)], (183, 218, 189, 132))
([(114, 124), (161, 238), (155, 118), (148, 154), (145, 169)], (200, 152, 225, 242))
([(102, 2), (40, 81), (44, 218)], (172, 50, 228, 189))
([(120, 240), (139, 185), (87, 151)], (172, 193, 151, 220))
([(172, 103), (40, 215), (157, 215)], (237, 101, 250, 250))
([(157, 134), (180, 207), (145, 175)], (222, 188, 229, 223))
([(69, 222), (64, 202), (176, 191)], (58, 0, 102, 254))
([(150, 225), (115, 127), (88, 19)], (125, 210, 142, 58))
([(136, 237), (90, 233), (121, 36), (91, 59)], (222, 154, 113, 165))
([(130, 1), (169, 1), (33, 36), (62, 117)], (202, 30, 182, 233))
([(38, 215), (89, 181), (49, 22), (173, 226)], (234, 205, 212, 216))
([(145, 102), (111, 202), (16, 179)], (240, 14, 218, 8))
([(32, 47), (19, 175), (74, 91), (120, 20)], (15, 125, 101, 82))
([(8, 147), (22, 184), (34, 173)], (250, 30, 166, 208))
([(42, 71), (65, 99), (97, 85), (178, 234), (118, 234), (9, 233)], (190, 173, 192, 161))
([(51, 180), (113, 1), (113, 1)], (16, 231, 70, 66))
([(11, 106), (38, 231), (40, 229), (45, 223), (57, 209), (57, 209), (95, 142), (174, 1)], (60, 61, 44, 153))
([(65, 175), (62, 181), (56, 192), (115, 132), (140, 107), (164, 83)], (150, 233, 151, 41))
([(84, 81), (11, 60), (102, 3), (140, 7)], (244, 77, 197, 208))
([(104, 33), (77, 208), (142, 88), (106, 104)], (194, 245, 135, 203))
([(46, 233), (128, 101), (89, 102), (12, 105)], (196, 238, 141, 222))
([(92, 45), (178, 34), (169, 98), (164, 134)], (161, 121, 78, 221))
([(30, 79), (137, 38), (87, 158)], (142, 130, 126, 25))
([(170, 103), (135, 79), (22, 118)], (68, 91, 243, 219))
([(134, 239), (149, 156), (90, 191), (14, 236)], (180, 219, 143, 228))
([(176, 24), (167, 190), (124, 134), (105, 109), (11, 92), (141, 163)], (165, 41, 171, 246))
([(177, 4), (118, 29), (125, 62)], (211, 187, 3, 135))
([(93, 187), (53, 81), (107, 89), (162, 98)], (112, 103, 86, 114))
([(51, 75), (126, 21), (145, 227)], (158, 254, 207, 217))
([(140, 28), (146, 0), (80, 68)], (188, 139, 123, 168))
([(177, 113), (180, 53), (79, 85)], (117, 192, 105, 174))
([(73, 131), (112, 116), (171, 83)], (57, 88, 118, 14))
([(111, 3), (98, 128), (82, 142)], (246, 49, 24, 206))
([(149, 6), (138, 206), (120, 119), (151, 184), (171, 224)], (7, 0, 101, 247))
([(55, 61), (102, 86), (155, 154), (82, 19)], (144, 56, 43, 8))
([(85, 190), (31, 237), (32, 160)], (69, 173, 178, 69))
([(112, 226), (148, 181), (43, 34)], (15, 207, 189, 186))
([(0, 189), (140, 155), (140, 149), (5, 218)], (76, 59, 198, 251))
([(144, 214), (2, 230), (123, 219)], (251, 155, 117, 149))
([(21, 228), (5, 0), (121, 96)], (249, 187, 208, 197))
([(20, 70), (59, 63), (3, 52)], (62, 232, 33, 91))
([(135, 135), (165, 140), (53, 55)], (77, 0, 75, 85))
([(1, 146), (100, 102), (157, 77), (15, 153), (40, 165)], (135, 228, 101, 235))
([(18, 174), (32, 160), (43, 39)], (23, 41, 147, 27))
([(78, 147), (72, 14), (26, 89)], (68, 48, 35, 235))
([(53, 216), (137, 222), (105, 239)], (164, 201, 241, 244))
([(179, 177), (141, 71), (173, 105)], (153, 183, 124, 116))
([(18, 206), (101, 18), (111, 48)], (133, 148, 74, 50))
([(109, 228), (6, 239), (0, 47)], (75, 71, 213, 96))
([(36, 139), (35, 128), (28, 52), (145, 34)], (141, 167, 31, 112))
([(7, 90), (81, 169), (144, 140), (144, 140), (144, 140), (144, 140)], (178, 205, 237, 49))
([(164, 233), (9, 118), (10, 121), (49, 236)], (246, 221, 253, 207))
([(164, 2), (31, 23), (84, 157)], (135, 149, 96, 252))
([(140, 102), (5, 196), (100, 0)], (193, 43, 19, 180))
([(32, 210), (122, 122), (180, 66), (71, 54)], (243, 213, 201, 56))
([(167, 81), (142, 179), (161, 199)], (90, 118, 0, 202))
([(142, 1), (100, 10), (57, 20), (166, 70)], (199, 141, 103, 227))
([(45, 85), (124, 83), (64, 6)], (161, 95, 35, 145))
([(71, 81), (56, 60), (39, 37), (114, 62), (68, 177), (55, 209)], (245, 150, 95, 232))
([(61, 189), (136, 98), (39, 30)], (185, 200, 55, 248))
([(159, 52), (57, 77), (51, 73)], (38, 90, 142, 180))
([(124, 149), (80, 143), (128, 197)], (213, 240, 122, 199))
([(26, 219), (120, 62), (101, 70), (0, 113)], (84, 215, 165, 155))
([(59, 213), (6, 205), (27, 167)], (72, 127, 186, 13))
([(151, 59), (10, 157), (2, 19)], (233, 230, 192, 206))
([(124, 4), (161, 19), (170, 69), (178, 113), (178, 113), (180, 124)], (191, 84, 48, 193))
([(127, 22), (7, 98), (0, 42)], (157, 171, 252, 140))
([(144, 2), (144, 2), (126, 166), (67, 102), (80, 69), (103, 10)], (234, 10, 110, 97))
([(63, 191), (125, 74), (26, 229)], (42, 141, 145, 70))
([(116, 162), (109, 175), (102, 188), (56, 44)], (249, 40, 78, 105))
([(56, 32), (58, 44), (72, 129), (83, 196), (41, 211), (0, 225)], (185, 219, 146, 132))
([(115, 150), (83, 148), (129, 59)], (252, 188, 231, 162))
([(78, 239), (96, 2), (81, 1), (70, 1), (10, 0)], (238, 128, 94, 210))
([(10, 198), (11, 137), (23, 152), (43, 177)], (28, 94, 76, 176))
([(32, 82), (180, 118), (180, 118), (179, 197), (179, 197), (179, 197)], (160, 98, 141, 242))
([(5, 182), (12, 196), (117, 151), (18, 208), (9, 217), (0, 226), (33, 237)], (101, 221, 168, 244))
([(155, 191), (175, 86), (177, 4), (50, 22)], (226, 198, 37, 129))
([(15, 155), (98, 97), (162, 152)], (40, 99, 27, 152))
([(1, 39), (50, 139), (53, 142)], (223, 87, 119, 166))
([(36, 194), (78, 145), (64, 96), (78, 145), (78, 145)], (184, 178, 241, 134))
([(180, 175), (134, 169), (156, 128), (172, 205), (178, 211)], (178, 230, 210, 228))
([(87, 113), (158, 49), (173, 68)], (190, 176, 56, 196))
([(2, 178), (0, 151), (55, 133), (19, 160), (126, 127)], (199, 146, 155, 182))
([(125, 195), (18, 182), (13, 195)], (111, 210, 94, 82))
([(170, 143), (76, 51), (153, 4)], (190, 76, 60, 216))
([(174, 153), (171, 153), (16, 168), (0, 60)], (161, 216, 176, 254))
([(176, 111), (155, 134), (136, 154), (2, 130), (160, 62), (131, 57), (138, 58), (176, 60)], (188, 162, 212, 137))
([(154, 122), (170, 150), (102, 39), (105, 38), (140, 29)], (109, 113, 74, 249))
([(138, 193), (130, 196), (108, 204), (66, 37)], (165, 222, 181, 237))
([(35, 226), (62, 102), (30, 194), (28, 200), (24, 211)], (132, 161, 247, 197))
([(20, 201), (73, 229), (11, 116)], (39, 233, 183, 35))
([(2, 14), (130, 125), (135, 164), (57, 227), (38, 200), (1, 147)], (192, 229, 252, 246))
([(24, 1), (112, 163), (23, 179)], (138, 120, 250, 182))
([(173, 12), (86, 21), (174, 7)], (153, 140, 71, 216))
([(24, 8), (14, 3), (13, 3), (13, 3), (48, 218)], (235, 137, 233, 207))
([(0, 123), (115, 172), (134, 49), (170, 112)], (229, 206, 246, 66))
([(0, 74), (27, 101), (108, 8), (112, 3)], (208, 4, 107, 115))
([(1, 194), (62, 114), (140, 11), (152, 110), (163, 200)], (65, 137, 233, 194))
([(30, 86), (112, 218), (5, 217)], (80, 130, 178, 67))
([(170, 208), (70, 134), (110, 20)], (157, 184, 185, 189))
([(8, 71), (90, 134), (145, 152)], (119, 19, 145, 28))
([(133, 223), (12, 0), (14, 1), (16, 1), (19, 1)], (243, 196, 166, 154))
([(34, 2), (6, 24), (130, 181)], (227, 214, 180, 255))
([(152, 108), (129, 127), (94, 192)], (58, 24, 2, 12))
([(49, 201), (46, 51), (45, 1), (43, 8), (41, 15), (36, 34)], (102, 25, 37, 234))
([(132, 235), (84, 204), (57, 235)], (253, 167, 166, 6))
([(176, 74), (175, 230), (31, 151), (149, 197), (108, 175)], (227, 202, 166, 145))
([(76, 159), (42, 83), (7, 4), (48, 61), (64, 90), (157, 189)], (244, 230, 190, 149))
([(52, 240), (84, 163), (162, 178), (162, 201)], (235, 219, 253, 95))
([(13, 87), (19, 49), (78, 227)], (224, 212, 173, 67))
([(178, 19), (113, 66), (69, 98)], (162, 212, 35, 182))
([(71, 87), (72, 100), (75, 139), (28, 217)], (121, 222, 106, 209))
([(93, 23), (104, 143), (107, 176), (76, 146), (69, 155), (12, 87)], (233, 194, 204, 163))
([(36, 5), (65, 56), (104, 91)], (102, 125, 154, 48))
([(33, 190), (33, 190), (40, 188), (5, 39)], (250, 206, 182, 141))
([(3, 77), (64, 35), (99, 77), (100, 78)], (118, 53, 39, 159))
([(165, 27), (20, 47), (69, 3)], (247, 6, 61, 125))
([(174, 32), (172, 37), (157, 73), (65, 69)], (147, 200, 169, 185))
([(142, 25), (75, 55), (155, 181)], (87, 2, 210, 225))
([(89, 107), (92, 112), (154, 126), (167, 129)], (17, 207, 162, 60))
([(98, 178), (102, 173), (155, 103), (136, 31), (164, 6)], (237, 96, 66, 255))
([(11, 145), (165, 29), (57, 163), (2, 125), (94, 82)], (196, 218, 164, 63))
([(147, 2), (81, 102), (130, 178), (131, 146), (172, 141)], (246, 37, 66, 163))
([(4, 52), (3, 85), (1, 152), (0, 185)], (199, 206, 206, 177))
([(147, 37), (83, 238), (24, 80), (8, 37)], (198, 232, 227, 101))
([(49, 9), (36, 155), (72, 222)], (235, 56, 100, 192))
([(168, 23), (167, 11), (88, 36), (59, 45)], (199, 228, 107, 136))
([(19, 1), (176, 185), (117, 227)], (252, 224, 220, 165))
([(94, 45), (154, 174), (112, 187)], (89, 216, 4, 228))
([(166, 14), (64, 148), (43, 71), (160, 9), (171, 4)], (210, 18, 30, 168))
([(112, 34), (153, 3), (167, 177)], (121, 86, 66, 61))
([(68, 135), (67, 165), (135, 211)], (240, 230, 35, 225))
([(63, 62), (29, 40), (63, 157)], (33, 215, 236, 180))
([(116, 52), (1, 15), (12, 45), (36, 109)], (224, 238, 235, 215))
([(102, 175), (53, 151), (169, 177)], (130, 80, 164, 221))
([(133, 138), (108, 189), (164, 198), (138, 225), (129, 235)], (214, 188, 250, 162))
([(35, 145), (56, 193), (15, 229)], (95, 132, 210, 158))
([(177, 176), (106, 87), (91, 188)], (182, 28, 179, 50))
([(23, 239), (49, 235), (117, 76), (39, 52)], (42, 120, 183, 116))
([(82, 236), (82, 236), (82, 236), (62, 206), (53, 160)], (236, 233, 204, 149))
([(23, 178), (45, 151), (54, 29), (123, 71), (123, 71)], (47, 83, 71, 124))
([(63, 54), (38, 129), (48, 80)], (165, 234, 3, 205))
([(172, 223), (24, 81), (17, 160)], (189, 210, 221, 221))
([(18, 216), (99, 173), (93, 169), (93, 169)], (112, 189, 174, 36))
([(42, 122), (134, 39), (135, 33), (141, 0), (43, 34)], (201, 111, 10, 86))
([(69, 202), (64, 208), (39, 235), (48, 186), (129, 192), (54, 154)], (157, 235, 85, 35))
([(160, 150), (97, 205), (102, 192), (102, 192), (111, 168)], (61, 252, 40, 235))
([(166, 150), (162, 33), (46, 229)], (203, 163, 250, 139))
([(37, 173), (39, 173), (108, 166), (149, 162), (157, 161), (171, 182)], (14, 111, 111, 193))
([(61, 143), (8, 183), (77, 67)], (186, 215, 30, 74))
([(56, 215), (60, 210), (63, 206), (2, 154), (13, 127)], (178, 239, 223, 251))
([(29, 28), (109, 140), (149, 44)], (225, 90, 85, 149))
([(43, 230), (14, 53), (133, 231)], (243, 193, 234, 169))
([(23, 189), (116, 134), (109, 128), (83, 108)], (13, 120, 161, 199))
([(169, 13), (163, 171), (117, 134)], (165, 132, 16, 15))
([(61, 121), (2, 217), (119, 185)], (14, 151, 242, 104))
([(64, 166), (58, 83), (134, 63)], (227, 124, 53, 188))
([(88, 1), (151, 83), (47, 164), (172, 41), (176, 19)], (218, 29, 118, 183))
([(150, 25), (171, 6), (178, 89), (178, 89), (178, 89), (179, 101), (148, 201)], (223, 29, 205, 68))
([(44, 90), (147, 163), (152, 166), (163, 7)], (173, 213, 127, 118))
([(98, 39), (76, 117), (52, 203), (0, 104)], (244, 233, 137, 43))
([(97, 28), (115, 47), (43, 195), (46, 36), (64, 27)], (237, 101, 9, 236))
([(108, 212), (104, 74), (42, 53)], (167, 146, 56, 1))
([(11, 64), (34, 91), (70, 133), (97, 165), (106, 166), (92, 142), (53, 74)], (156, 160, 136, 250))
([(164, 217), (139, 219), (118, 221), (19, 230)], (177, 242, 241, 229))
([(53, 26), (37, 153), (38, 154), (40, 157), (75, 146), (90, 141)], (224, 44, 67, 232))
([(12, 180), (92, 84), (76, 183)], (172, 58, 45, 118))
([(59, 235), (22, 148), (137, 187), (156, 194), (142, 234)], (238, 235, 173, 125))
([(70, 178), (41, 101), (93, 131), (120, 146)], (253, 152, 102, 143))
([(30, 81), (101, 63), (101, 80), (58, 166), (137, 109), (163, 90)], (168, 75, 18, 140))
([(60, 173), (60, 173), (59, 171), (38, 121), (52, 8)], (148, 51, 2, 174))
([(109, 139), (91, 158), (83, 166), (78, 171), (147, 174), (158, 47), (62, 61), (45, 13)], (131, 54, 5, 10))
([(3, 85), (82, 215), (1, 166)], (235, 238, 248, 122))
([(171, 13), (163, 99), (169, 14)], (201, 176, 224, 124))
([(178, 163), (77, 171), (9, 177), (12, 179)], (93, 87, 33, 215))
([(82, 162), (122, 165), (179, 169), (179, 109), (171, 9), (82, 11)], (250, 52, 2, 164))
([(51, 170), (48, 175), (46, 178), (41, 186), (41, 186), (38, 191), (39, 163), (40, 136)], (7, 5, 70, 191))
([(64, 31), (4, 27), (82, 29), (169, 31)], (254, 198, 170, 19))
([(73, 201), (93, 145), (146, 209), (150, 214), (127, 222)], (250, 222, 253, 222))
([(126, 91), (104, 108), (64, 139), (65, 170), (66, 200)], (138, 69, 90, 39))
([(71, 14), (51, 45), (108, 49)], (165, 5, 82, 38))
([(99, 234), (94, 229), (49, 183), (52, 180), (64, 166)], (237, 233, 222, 137))
([(149, 171), (142, 173), (119, 179), (35, 124), (52, 127)], (200, 102, 31, 216))
([(11, 74), (8, 63), (91, 126), (142, 165)], (168, 57, 85, 79))
([(141, 5), (97, 3), (101, 60), (106, 108), (115, 194)], (255, 209, 25, 22))
([(8, 45), (175, 195), (165, 23)], (255, 51, 83, 82))
([(81, 186), (106, 180), (92, 123)], (149, 95, 33, 65))
([(43, 89), (74, 152), (92, 188), (116, 91)], (206, 100, 3, 100))
([(147, 179), (142, 180), (131, 181), (114, 184), (71, 191), (100, 45)], (239, 7, 63, 109))
([(57, 163), (53, 112), (50, 73), (60, 47), (119, 138)], (252, 91, 31, 203))
([(163, 87), (36, 207), (38, 24), (135, 7)], (215, 73, 82, 85))
([(90, 193), (85, 19), (87, 21), (159, 99), (162, 102), (170, 111)], (239, 204, 97, 5))
([(69, 165), (98, 232), (114, 178)], (199, 233, 202, 30))
