([(37, 200), (4, 1), (162, 63)], (204, 216, 172, 186))
([(178, 199), (93, 200), (122, 132)], (231, 221, 183, 234))
([(72, 103), (107, 89), (13, 55)], (41, 103, 3, 94))
([(178, 16), (50, 170), (122, 44)], (228, 21, 200, 220))
([(86, 132), (125, 215), (157, 215)], (223, 181, 135, 17))
([(178, 222), (144, 153), (71, 190)], (166, 252, 209, 112))
([(1, 198), (46, 128), (0, 137)], (160, 232, 199, 228))
([(141, 202), (116, 16), (174, 7)], (238, 140, 71, 216))
([(63, 58), (31, 23), (31, 23)], (173, 145, 47, 94))
([(167, 72), (175, 77), (158, 49)], (163, 237, 114, 87))
([(17, 209), (8, 195), (3, 187)], (149, 208, 207, 216))
([(14, 1), (21, 192), (21, 192), (179, 228)], (252, 238, 65, 98))
([(0, 53), (128, 96), (101, 70), (35, 19), (5, 7), (3, 6), (2, 6)], (100, 209, 240, 237))
([(150, 225), (114, 86), (129, 111)], (35, 170, 142, 149))
([(12, 190), (0, 3), (45, 18), (114, 42), (164, 59)], (243, 252, 245, 216))
([(179, 137), (138, 180), (103, 216), (97, 35)], (250, 5, 186, 208))
([(179, 177), (168, 146), (60, 202), (173, 105)], (153, 30, 124, 239))
([(93, 80), (146, 178), (178, 237), (170, 236), (163, 236), (71, 228)], (202, 211, 50, 231))
([(6, 144), (161, 238), (155, 118)], (200, 186, 225, 242))
([(120, 240), (161, 109), (87, 151)], (172, 193, 151, 220))
([(0, 39), (33, 197), (162, 2)], (196, 238, 178, 254))
([(170, 174), (44, 240), (22, 170)], (193, 77, 239, 146))
([(142, 185), (77, 75), (26, 16)], (248, 43, 36, 231))
([(179, 70), (177, 102), (177, 102), (177, 102), (177, 102), (177, 102), (0, 143)], (56, 227, 127, 168))
([(17, 144), (150, 119), (62, 144)], (150, 75, 67, 156))
([(63, 62), (30, 68), (48, 76), (145, 120)], (189, 215, 243, 137))
([(158, 174), (130, 206), (5, 229), (144, 238)], (218, 133, 247, 235))
([(0, 89), (111, 80), (2, 225)], (110, 253, 124, 185))
([(114, 190), (49, 19), (49, 93), (72, 72), (150, 1)], (240, 201, 165, 142))
([(5, 54), (30, 110), (91, 34)], (134, 194, 14, 176))
([(136, 237), (83, 239), (82, 239), (72, 239), (79, 173), (91, 59)], (222, 154, 113, 123))
([(141, 121), (77, 191), (54, 216), (115, 240), (105, 239)], (164, 226, 241, 244))
([(147, 11), (169, 85), (170, 207), (173, 99), (180, 26)], (197, 129, 195, 188))
([(180, 108), (144, 223), (42, 232), (13, 234)], (146, 251, 110, 237))
([(179, 210), (138, 64), (47, 74), (29, 76)], (144, 112, 84, 172))
([(54, 140), (83, 93), (116, 35), (2, 224), (0, 226), (33, 237)], (7, 221, 168, 243))
([(154, 236), (124, 192), (102, 153), (38, 39), (103, 161), (95, 203)], (195, 119, 238, 247))
([(38, 214), (126, 25), (129, 17)], (40, 69, 27, 178))
([(78, 171), (112, 118), (132, 87), (158, 47), (45, 13)], (131, 54, 5, 234))
([(139, 239), (78, 227), (155, 85)], (185, 241, 217, 232))
([(52, 20), (158, 238), (82, 228)], (198, 128, 100, 212))
([(14, 166), (139, 22), (88, 120), (109, 149)], (196, 95, 86, 8))
([(84, 223), (43, 183), (152, 212), (137, 233)], (248, 158, 224, 252))
([(80, 167), (156, 32), (82, 0)], (200, 21, 122, 149))
([(112, 80), (124, 185), (163, 178)], (107, 70, 189, 217))
([(111, 193), (141, 90), (21, 28)], (93, 13, 10, 250))
([(107, 120), (35, 153), (144, 93)], (240, 14, 49, 228))
([(106, 149), (27, 25), (15, 70)], (131, 207, 189, 186))
([(82, 237), (77, 229), (33, 230)], (245, 251, 176, 167))
([(14, 237), (38, 237), (163, 235), (140, 214)], (178, 254, 175, 225))
([(38, 66), (88, 226), (172, 230), (7, 101)], (25, 178, 143, 3))
([(5, 174), (107, 230), (104, 239)], (246, 181, 82, 240))
([(169, 60), (77, 90), (164, 1)], (157, 112, 54, 249))
([(28, 151), (98, 99), (160, 9)], (210, 16, 30, 247))
([(122, 120), (154, 50), (176, 19)], (162, 199, 112, 196))
([(132, 222), (0, 27), (125, 159), (64, 113)], (254, 245, 179, 251))
([(141, 2), (156, 18), (179, 43), (103, 8), (87, 1)], (245, 229, 6, 165))
([(92, 45), (178, 34), (169, 98)], (161, 46, 78, 221))
([(78, 239), (96, 2), (81, 1), (10, 0)], (238, 128, 94, 210))
([(168, 211), (99, 234), (126, 238), (145, 240)], (185, 222, 209, 201))
([(144, 214), (2, 230), (89, 138)], (170, 236, 117, 149))
([(36, 121), (6, 205), (0, 188), (78, 51)], (26, 127, 186, 13))
([(133, 102), (53, 64), (103, 10)], (234, 251, 110, 237))
([(180, 142), (175, 167), (44, 218)], (185, 16, 228, 212))
([(164, 156), (180, 207), (147, 211), (22, 54)], (222, 188, 229, 242))
([(69, 222), (33, 46), (176, 191)], (58, 0, 102, 254))
([(128, 117), (82, 96), (82, 96)], (144, 53, 95, 152))
([(42, 71), (57, 89), (60, 93), (97, 85), (178, 234), (68, 239), (9, 233)], (190, 173, 192, 119))
([(90, 238), (175, 169), (83, 49), (102, 3), (139, 7)], (244, 77, 197, 208))
([(170, 143), (69, 90), (36, 107)], (190, 142, 60, 81))
([(38, 215), (146, 175), (173, 226)], (234, 205, 212, 216))
([(134, 239), (148, 162), (113, 187), (94, 105), (14, 236)], (180, 219, 224, 249))
([(178, 19), (101, 209), (113, 66)], (162, 20, 35, 204))
([(124, 4), (161, 19), (178, 113), (178, 113), (178, 113), (180, 124)], (191, 137, 252, 248))
([(176, 24), (146, 168), (141, 163)], (206, 41, 149, 246))
([(51, 75), (128, 140), (126, 21), (49, 223), (136, 130), (145, 227)], (158, 254, 172, 187))
([(177, 113), (179, 73), (180, 53), (150, 63), (102, 130), (50, 202)], (187, 27, 105, 226))
([(149, 6), (133, 32), (170, 197), (151, 184), (171, 224)], (7, 0, 57, 247))
([(21, 64), (19, 47), (158, 146), (51, 40), (13, 3)], (235, 137, 233, 207))
([(154, 76), (57, 183), (30, 175)], (142, 16, 65, 247))
([(1, 211), (9, 192), (18, 190)], (67, 37, 250, 50))
([(170, 141), (84, 204), (151, 239)], (163, 228, 166, 166))
([(159, 52), (162, 111), (51, 73)], (79, 90, 100, 145))
([(12, 0), (74, 82), (84, 170), (6, 203)], (104, 219, 233, 85))
([(0, 189), (17, 109), (5, 218)], (76, 183, 198, 247))
([(100, 125), (162, 129), (163, 48)], (234, 68, 224, 129))
([(46, 239), (21, 188), (11, 168), (170, 84)], (231, 253, 219, 154))
([(7, 28), (5, 0), (121, 96)], (249, 187, 208, 197))
([(13, 225), (170, 24), (123, 171)], (135, 228, 119, 235))
([(138, 11), (58, 89), (76, 141)], (218, 48, 35, 152))
([(86, 127), (74, 201), (128, 211), (153, 216)], (214, 234, 151, 47))
([(133, 195), (130, 196), (144, 77)], (165, 222, 181, 172))
([(29, 238), (90, 177), (31, 30)], (10, 177, 238, 221))
([(78, 231), (6, 239), (4, 175), (0, 47)], (75, 71, 232, 158))
([(89, 107), (19, 120), (167, 129)], (220, 207, 34, 60))
([(177, 4), (110, 66), (4, 163), (125, 62)], (240, 187, 3, 146))
([(10, 85), (38, 231), (40, 229), (45, 223), (79, 131), (95, 142), (174, 1)], (60, 26, 44, 168))
([(98, 178), (102, 173), (109, 96), (153, 16), (169, 1)], (237, 201, 66, 255))
([(173, 75), (148, 20), (180, 75)], (241, 58, 99, 218))
([(118, 145), (168, 83), (114, 137), (74, 58), (179, 79)], (214, 188, 250, 22))
([(24, 1), (156, 164), (23, 179)], (138, 120, 250, 182))
([(176, 74), (175, 230), (175, 230), (80, 97), (108, 175)], (227, 164, 46, 145))
([(22, 148), (156, 194), (142, 234), (142, 234)], (238, 235, 173, 122))
([(164, 233), (173, 120), (25, 165), (28, 174), (49, 236)], (246, 221, 253, 207))
([(26, 54), (76, 31), (146, 0), (160, 50)], (241, 139, 123, 168))
([(140, 102), (66, 70), (100, 0)], (193, 43, 19, 187))
([(124, 116), (176, 0), (151, 1), (64, 6)], (161, 95, 35, 187))
([(84, 213), (105, 38), (42, 83)], (173, 224, 74, 120))
([(151, 59), (107, 240), (2, 19)], (233, 248, 192, 206))
([(86, 65), (63, 170), (70, 189)], (108, 240, 248, 134))
([(126, 91), (65, 170), (66, 200)], (138, 69, 248, 30))
([(165, 171), (22, 191), (72, 82)], (177, 251, 187, 139))
([(17, 70), (72, 61), (71, 96)], (39, 96, 30, 157))
([(166, 0), (161, 36), (154, 86), (11, 155), (0, 113)], (107, 215, 165, 182))
([(47, 79), (61, 122), (144, 140)], (220, 205, 246, 206))
([(5, 238), (100, 14), (138, 170)], (171, 188, 211, 4))
([(60, 43), (47, 176), (169, 7)], (122, 172, 197, 216))
([(121, 34), (47, 44), (107, 54)], (202, 167, 243, 76))
([(11, 233), (24, 238), (31, 217), (133, 22)], (2, 245, 151, 45))
([(59, 50), (180, 118), (179, 197), (172, 42), (179, 197)], (160, 98, 141, 242))
([(127, 22), (7, 98), (1, 50), (0, 42), (80, 125)], (174, 171, 252, 219))
([(167, 187), (31, 237), (10, 188), (32, 160)], (69, 173, 178, 69))
([(0, 8), (58, 44), (7, 2), (0, 225)], (185, 219, 211, 132))
([(10, 198), (11, 137), (11, 137), (114, 50)], (45, 94, 76, 114))
([(0, 180), (113, 1), (48, 231)], (16, 231, 0, 66))
([(164, 37), (142, 179), (133, 188)], (76, 193, 0, 202))
([(175, 86), (177, 4), (177, 4), (50, 22)], (226, 70, 37, 201))
([(97, 19), (167, 16), (16, 237)], (114, 204, 70, 86))
([(28, 217), (129, 127), (108, 166), (104, 173), (94, 192)], (58, 2, 177, 12))
([(98, 218), (12, 61), (53, 142)], (223, 172, 132, 30))
([(84, 191), (109, 97), (142, 139), (174, 179)], (31, 46, 126, 129))
([(179, 109), (155, 120), (18, 182), (13, 195)], (111, 210, 76, 125))
([(20, 201), (94, 125), (103, 126), (104, 126)], (145, 193, 183, 229))
([(18, 216), (72, 183), (94, 170), (93, 169)], (93, 189, 174, 56))
([(165, 27), (67, 138), (54, 113), (20, 47), (10, 55), (69, 3)], (247, 6, 61, 125))
([(123, 200), (16, 168), (0, 60)], (161, 216, 219, 254))
([(155, 134), (32, 43), (151, 8), (180, 12)], (188, 74, 212, 137))
([(63, 191), (107, 103), (26, 229)], (42, 141, 77, 70))
([(49, 67), (165, 127), (56, 44)], (99, 40, 69, 105))
([(142, 1), (57, 20), (79, 30)], (199, 141, 103, 135))
([(177, 2), (164, 3), (145, 164)], (228, 14, 88, 198))
([(4, 52), (8, 43), (17, 22), (18, 20), (27, 0), (4, 158), (0, 185)], (199, 206, 206, 177))
([(126, 148), (155, 88), (145, 34), (18, 73)], (253, 245, 57, 176))
([(2, 14), (135, 164), (57, 227), (38, 200), (7, 156), (1, 147)], (192, 229, 252, 246))
([(1, 194), (31, 155), (140, 11), (140, 11), (144, 44), (163, 200)], (65, 137, 233, 194))
([(34, 2), (6, 24), (130, 181)], (227, 218, 180, 255))
([(0, 74), (7, 81), (126, 132), (108, 8)], (114, 4, 107, 115))
([(170, 208), (152, 195), (99, 15), (110, 20)], (115, 184, 185, 135))
([(30, 86), (112, 218), (5, 217)], (75, 130, 125, 67))
([(55, 239), (42, 83), (22, 38), (7, 4), (48, 61), (67, 216)], (244, 230, 190, 243))
([(74, 128), (28, 85), (24, 81), (23, 92)], (189, 210, 221, 173))
([(180, 175), (174, 179), (111, 219), (156, 128), (172, 205), (178, 211)], (178, 230, 210, 228))
([(74, 209), (50, 184), (171, 71)], (111, 233, 222, 157))
([(11, 145), (57, 163), (2, 125)], (196, 218, 164, 63))
([(35, 226), (62, 102), (51, 134), (28, 200)], (132, 161, 247, 197))
([(30, 70), (19, 49), (26, 48), (43, 46)], (223, 212, 6, 107))
([(164, 110), (8, 183), (77, 67)], (156, 44, 30, 74))
([(133, 223), (12, 0), (12, 0), (78, 3), (15, 1), (19, 1)], (243, 230, 212, 246))
([(23, 129), (67, 165), (135, 211)], (240, 230, 57, 149))
([(30, 123), (62, 129), (97, 136), (47, 237)], (253, 222, 250, 221))
([(19, 1), (63, 53), (176, 185), (159, 197), (117, 227)], (252, 224, 220, 142))
([(125, 135), (90, 190), (7, 18), (12, 87)], (233, 194, 204, 163))
([(33, 190), (33, 190), (33, 190), (33, 190), (33, 190), (37, 189), (37, 189), (40, 188), (5, 39)], (250, 254, 182, 132))
([(113, 157), (103, 239), (117, 131), (65, 69)], (154, 248, 196, 150))
([(115, 183), (64, 161), (114, 1)], (202, 99, 69, 134))
([(2, 227), (38, 210), (68, 160)], (107, 180, 218, 163))
([(164, 217), (26, 158), (140, 24)], (233, 242, 241, 247))
([(124, 0), (42, 175), (67, 152), (28, 217)], (121, 222, 106, 120))
([(3, 77), (64, 35), (166, 138)], (94, 46, 39, 159))
([(111, 3), (98, 128), (97, 129), (82, 142)], (246, 49, 24, 212))
([(23, 178), (45, 151), (76, 119), (123, 71)], (47, 83, 44, 238))
([(60, 31), (60, 31), (51, 45)], (165, 5, 82, 38))
([(142, 25), (92, 82), (155, 181)], (87, 62, 210, 142))
([(50, 127), (86, 40), (0, 185)], (41, 84, 126, 20))
([(147, 37), (83, 238), (83, 238), (83, 238), (51, 152), (8, 37)], (198, 232, 227, 101))
([(49, 201), (49, 62), (80, 176), (43, 8), (41, 15), (36, 34)], (102, 25, 37, 234))
([(94, 45), (104, 67), (154, 174), (112, 187)], (89, 216, 73, 228))
([(130, 1), (169, 1), (140, 32), (64, 115)], (202, 30, 109, 177))
([(0, 123), (115, 172), (132, 62), (134, 49)], (229, 206, 224, 218))
([(115, 52), (1, 15), (9, 37), (12, 45), (36, 109)], (224, 238, 249, 215))
([(2, 178), (0, 151), (126, 127)], (251, 146, 155, 182))
([(147, 2), (81, 102), (96, 125), (124, 169), (56, 4)], (246, 37, 66, 163))
([(49, 9), (36, 155), (73, 162)], (235, 56, 4, 125))
([(102, 175), (71, 155), (169, 177)], (130, 80, 164, 221))
([(35, 145), (56, 193), (15, 229)], (95, 132, 210, 158))
([(78, 112), (26, 64), (90, 140)], (204, 213, 73, 146))
([(37, 52), (74, 91), (120, 20)], (176, 125, 53, 127))
([(177, 176), (106, 87), (94, 168), (91, 188)], (209, 28, 35, 50))
([(123, 77), (135, 26), (55, 143), (124, 15)], (89, 162, 148, 45))
([(124, 149), (109, 55), (94, 145), (80, 143), (128, 197)], (250, 240, 122, 199))
([(23, 239), (25, 239), (100, 106), (117, 76), (39, 52)], (42, 120, 183, 116))
([(82, 236), (113, 161), (53, 160)], (236, 233, 204, 240))
([(79, 79), (59, 135), (43, 211)], (172, 160, 91, 69))
([(108, 212), (97, 208), (96, 208), (177, 196)], (169, 146, 246, 1))
([(135, 120), (155, 154), (178, 106)], (144, 186, 170, 108))
([(112, 187), (76, 126), (159, 106)], (91, 201, 165, 156))
([(170, 103), (98, 171), (107, 149), (121, 116)], (170, 91, 147, 52))
([(12, 231), (95, 92), (37, 176), (27, 191)], (57, 206, 118, 14))
([(168, 23), (7, 174), (88, 36)], (199, 228, 181, 136))
([(162, 87), (180, 66), (64, 53)], (243, 213, 149, 79))
([(8, 71), (79, 126), (159, 52)], (107, 1, 106, 86))
([(42, 122), (134, 39), (88, 18), (69, 25), (43, 34)], (201, 42, 10, 249))
([(45, 137), (134, 153), (129, 192), (54, 154)], (157, 235, 85, 35))
([(160, 150), (97, 205), (111, 168)], (61, 252, 40, 192))
([(75, 100), (101, 18), (136, 132)], (133, 102, 74, 252))
([(9, 144), (153, 3), (167, 177)], (243, 86, 66, 83))
([(166, 150), (162, 33), (12, 155)], (203, 201, 95, 139))
([(109, 21), (63, 206), (14, 164), (2, 154)], (178, 239, 223, 251))
([(37, 173), (108, 166), (149, 162), (157, 161), (171, 182)], (14, 111, 23, 193))
([(118, 17), (97, 169), (52, 203), (0, 104)], (244, 233, 147, 43))
([(29, 28), (109, 140), (149, 44)], (220, 90, 85, 67))
([(43, 230), (34, 167), (26, 127), (25, 121), (21, 96), (14, 53), (48, 104), (133, 231)], (243, 231, 238, 177))
([(23, 189), (149, 99), (109, 128), (83, 108)], (91, 40, 161, 199))
([(169, 13), (163, 171), (55, 162)], (165, 132, 16, 80))
([(36, 5), (68, 145), (92, 109), (104, 91)], (88, 125, 154, 48))
([(61, 121), (43, 150), (8, 207), (2, 217), (135, 146)], (14, 213, 242, 81))
([(30, 187), (137, 135), (57, 71)], (244, 240, 204, 29))
([(64, 166), (59, 97), (58, 83), (170, 72)], (227, 124, 53, 188))
([(64, 31), (60, 31), (4, 27), (169, 31)], (254, 198, 73, 19))
([(88, 1), (98, 69), (172, 41), (87, 26)], (218, 29, 118, 183))
([(44, 90), (83, 118), (120, 144), (137, 156), (145, 162), (147, 163), (155, 85), (163, 7)], (173, 213, 127, 70))
([(115, 47), (106, 66), (101, 76), (43, 195), (46, 36), (64, 27)], (237, 101, 9, 207))
([(11, 64), (70, 133), (97, 165), (147, 126)], (156, 160, 136, 250))
([(53, 26), (37, 153), (117, 169), (41, 187), (133, 89)], (224, 92, 67, 232))
([(3, 85), (82, 215), (19, 177), (1, 166)], (235, 238, 248, 122))
([(70, 178), (41, 101), (180, 79)], (253, 152, 102, 143))
([(52, 240), (54, 235), (67, 204), (78, 177), (137, 234), (162, 178), (162, 201)], (235, 244, 253, 190))
([(12, 180), (148, 142), (76, 183)], (67, 58, 44, 118))
([(30, 81), (30, 81), (32, 80), (101, 63), (58, 166), (163, 90)], (168, 75, 12, 114))
([(150, 25), (171, 6), (172, 18), (179, 101), (148, 201)], (223, 153, 205, 68))
([(76, 164), (59, 171), (38, 121), (52, 8)], (148, 51, 2, 132))
([(165, 78), (174, 58), (169, 14)], (201, 176, 224, 124))
([(178, 163), (75, 171), (13, 176), (9, 177), (12, 179)], (93, 87, 33, 215))
([(72, 149), (111, 161), (122, 165), (145, 167), (179, 169), (179, 109), (171, 9), (82, 11)], (250, 52, 18, 170))
([(48, 175), (46, 178), (41, 186), (38, 191), (39, 163), (40, 136), (40, 136)], (46, 28, 39, 185))
([(40, 70), (40, 70), (46, 79), (30, 80), (17, 80)], (80, 148, 56, 153))
([(56, 60), (42, 41), (60, 57), (137, 124), (89, 161), (72, 174), (68, 177)], (245, 150, 43, 202))
([(73, 201), (93, 145), (110, 163), (136, 190), (150, 214), (127, 222)], (250, 236, 253, 200))
([(109, 110), (147, 170), (175, 195), (167, 57), (165, 23)], (255, 51, 83, 82))
([(64, 145), (65, 68), (55, 69)], (30, 103, 223, 49))
([(11, 74), (20, 72), (89, 124)], (167, 57, 85, 79))
([(83, 185), (92, 183), (106, 180), (58, 40)], (47, 95, 33, 65))
([(43, 89), (44, 91), (92, 188), (141, 108)], (227, 40, 3, 99))
([(149, 171), (119, 179), (35, 124), (50, 127), (52, 127)], (200, 102, 31, 216))
([(147, 179), (142, 180), (131, 181), (71, 191), (91, 90), (119, 8)], (239, 7, 55, 109))
([(57, 163), (53, 112), (50, 73), (60, 47), (119, 138)], (252, 91, 31, 203))
([(163, 87), (36, 207), (38, 24), (135, 7)], (215, 56, 82, 85))
([(141, 5), (97, 3), (101, 60), (104, 89), (115, 194)], (255, 223, 25, 22))
([(90, 193), (85, 19), (86, 20), (87, 21), (109, 45), (120, 57), (170, 111)], (246, 204, 97, 5))
([(68, 169), (98, 232), (114, 178)], (199, 233, 202, 30))
