([(60, 230), (67, 231), (103, 211)], (214, 191, 107, 123))
([(159, 66), (66, 178), (35, 222), (164, 83)], (150, 233, 229, 115))
([(172, 103), (16, 11), (157, 215)], (237, 101, 250, 250))
([(100, 125), (149, 22), (132, 109)], (158, 68, 79, 15))
([(74, 87), (117, 59), (86, 201)], (171, 177, 111, 133))
([(134, 239), (149, 156), (14, 236)], (163, 219, 143, 199))
([(26, 219), (132, 57), (117, 173), (131, 58), (117, 172), (120, 62), (0, 113)], (84, 215, 165, 155))
([(125, 34), (173, 99), (180, 26)], (191, 190, 195, 104))
([(18, 216), (99, 173), (93, 169)], (152, 189, 36, 248))
([(81, 137), (68, 211), (68, 211), (125, 235)], (85, 251, 18, 190))
([(82, 237), (77, 229), (33, 230)], (245, 210, 103, 167))
([(110, 183), (43, 225), (2, 53)], (11, 253, 197, 13))
([(62, 136), (102, 150), (88, 203)], (33, 250, 65, 227))
([(173, 75), (132, 129), (180, 75)], (195, 27, 207, 134))
([(133, 215), (101, 150), (129, 175), (162, 204)], (179, 216, 141, 186))
([(85, 190), (31, 237), (32, 160)], (69, 173, 178, 21))
([(14, 1), (79, 28), (109, 40), (103, 50), (1, 220)], (182, 154, 65, 98))
([(132, 228), (29, 83), (58, 106), (66, 234), (97, 136), (163, 9)], (200, 222, 250, 248))
([(0, 53), (46, 57), (174, 73), (106, 47), (2, 6), (9, 107), (157, 195)], (100, 209, 142, 238))
([(149, 38), (138, 0), (138, 0), (49, 101)], (183, 49, 239, 146))
([(54, 143), (4, 6), (166, 111)], (91, 246, 165, 203))
([(42, 234), (156, 32), (91, 9)], (75, 53, 122, 119))
([(158, 174), (50, 213), (5, 229), (83, 228), (144, 238)], (238, 17, 211, 216))
([(150, 172), (170, 54), (72, 106), (84, 111), (164, 1)], (99, 112, 126, 157))
([(5, 174), (37, 157), (38, 156), (91, 127), (149, 96), (104, 239), (124, 94), (1, 57)], (220, 181, 82, 171))
([(71, 87), (75, 139), (28, 217)], (127, 222, 106, 170))
([(154, 236), (91, 143), (95, 203)], (133, 73, 238, 247))
([(175, 49), (151, 223), (5, 157)], (144, 187, 220, 226))
([(139, 239), (144, 145), (155, 85)], (177, 105, 217, 154))
([(98, 234), (145, 240), (35, 145)], (146, 55, 209, 174))
([(180, 175), (134, 169), (178, 211)], (178, 230, 189, 228))
([(93, 80), (178, 237), (71, 228), (65, 227)], (75, 90, 50, 193))
([(95, 104), (56, 103), (88, 226), (88, 226)], (161, 127, 54, 181))
([(46, 239), (3, 40), (132, 35)], (231, 253, 206, 154))
([(94, 19), (154, 17), (167, 16), (167, 155)], (247, 204, 49, 212))
([(0, 89), (141, 40), (111, 80), (40, 174), (2, 225)], (167, 253, 100, 204))
([(178, 16), (69, 12), (95, 133)], (149, 21, 200, 56))
([(141, 2), (179, 43), (87, 1)], (29, 229, 218, 54))
([(82, 234), (174, 229), (150, 1)], (131, 201, 211, 185))
([(6, 99), (83, 178), (116, 199), (158, 238), (93, 108), (46, 223)], (198, 128, 100, 200))
([(7, 159), (10, 157), (2, 19)], (233, 201, 192, 206))
([(86, 65), (43, 163), (88, 188), (103, 181), (170, 151), (147, 228), (76, 62)], (108, 171, 248, 21))
([(167, 55), (82, 143), (89, 144), (145, 152)], (162, 19, 145, 28))
([(29, 238), (100, 225), (31, 30)], (84, 214, 238, 221))
([(167, 81), (156, 111), (127, 152)], (90, 118, 0, 202))
([(81, 106), (78, 101), (91, 99)], (183, 74, 87, 162))
([(127, 202), (28, 177), (53, 156)], (56, 32, 193, 30))
([(99, 22), (103, 11), (34, 143)], (250, 194, 26, 214))
([(103, 120), (156, 203), (122, 132)], (117, 121, 75, 52))
([(159, 117), (7, 228), (51, 26)], (202, 227, 243, 210))
([(149, 132), (21, 12), (55, 209), (157, 24)], (245, 150, 95, 232))
([(70, 72), (28, 139), (80, 154), (80, 154)], (56, 6, 127, 127))
([(64, 227), (53, 38), (88, 19)], (125, 210, 180, 122))
([(172, 14), (41, 71), (3, 187)], (149, 38, 207, 143))
([(140, 28), (146, 0), (80, 68)], (128, 139, 123, 117))
([(78, 147), (72, 14), (110, 113)], (68, 48, 35, 235))
([(120, 70), (106, 87), (73, 32)], (182, 28, 179, 50))
([(102, 2), (108, 197), (44, 218)], (172, 50, 228, 189))
([(120, 240), (129, 207), (136, 177), (87, 151)], (172, 193, 151, 33))
([(78, 106), (132, 159), (92, 150), (37, 137), (16, 132)], (72, 80, 233, 83))
([(130, 1), (33, 36), (62, 117)], (202, 30, 182, 10))
([(51, 180), (113, 1), (113, 1)], (16, 231, 70, 66))
([(157, 134), (180, 207), (145, 175)], (222, 188, 229, 83))
([(38, 215), (49, 22), (173, 226)], (234, 143, 212, 216))
([(126, 230), (65, 143), (68, 189), (89, 102), (16, 179)], (240, 14, 249, 8))
([(172, 183), (69, 174), (21, 28)], (93, 54, 49, 48))
([(128, 134), (66, 145), (46, 239), (35, 218)], (250, 30, 166, 208))
([(50, 93), (103, 175), (108, 5)], (41, 248, 207, 58))
([(76, 159), (7, 4), (48, 61), (64, 90), (110, 172)], (244, 158, 190, 149))
([(61, 189), (136, 98), (77, 16), (74, 134), (46, 68)], (185, 200, 55, 159))
([(42, 71), (178, 234), (118, 234), (9, 233)], (190, 173, 192, 161))
([(25, 159), (32, 160), (102, 168)], (16, 200, 147, 86))
([(123, 98), (130, 193), (126, 207), (125, 210)], (242, 37, 173, 238))
([(11, 106), (38, 231), (57, 209), (82, 165), (173, 3), (174, 1)], (60, 61, 85, 153))
([(99, 128), (100, 86), (102, 3), (102, 3), (140, 7)], (244, 77, 197, 208))
([(136, 237), (90, 233), (86, 154), (17, 42), (65, 158), (149, 59)], (222, 107, 113, 174))
([(111, 3), (98, 128), (82, 142)], (201, 49, 193, 206))
([(46, 233), (128, 101), (12, 105), (119, 181)], (162, 238, 141, 222))
([(159, 52), (35, 75), (137, 150)], (38, 33, 118, 180))
([(176, 24), (167, 190), (155, 52), (166, 20)], (106, 41, 171, 154))
([(116, 162), (147, 229), (102, 188), (63, 153)], (200, 40, 246, 105))
([(151, 155), (18, 207), (22, 207)], (198, 232, 227, 101))
([(132, 136), (154, 185), (69, 188), (154, 27)], (131, 107, 101, 142))
([(35, 226), (68, 75), (71, 76)], (151, 161, 247, 197))
([(126, 108), (93, 47), (91, 43), (178, 34), (164, 134)], (161, 121, 102, 221))
([(73, 131), (112, 116), (171, 83)], (235, 5, 118, 14))
([(1, 211), (62, 67), (121, 165)], (0, 0, 250, 241))
([(149, 6), (138, 206), (120, 119), (128, 136), (151, 184), (171, 224)], (15, 167, 101, 247))
([(0, 189), (140, 155), (140, 149), (5, 218)], (76, 59, 120, 251))
([(144, 214), (59, 25), (73, 67), (123, 219)], (251, 144, 117, 149))
([(1, 146), (11, 151), (40, 165)], (135, 216, 101, 153))
([(49, 59), (59, 63), (61, 64), (147, 9)], (62, 232, 61, 91))
([(53, 216), (174, 81), (105, 239)], (164, 201, 241, 165))
([(174, 153), (172, 153), (27, 160), (16, 168), (0, 60)], (161, 85, 176, 254))
([(68, 168), (177, 2), (162, 3), (42, 13), (145, 164)], (91, 98, 88, 198))
([(140, 206), (141, 71), (157, 88), (173, 105)], (153, 183, 200, 116))
([(104, 5), (81, 239), (59, 136)], (144, 223, 72, 142))
([(49, 35), (71, 124), (80, 161)], (25, 60, 150, 189))
([(18, 206), (18, 206), (34, 179), (111, 48)], (133, 148, 97, 50))
([(12, 190), (0, 3), (0, 3), (23, 24), (29, 29), (95, 61)], (96, 252, 245, 202))
([(109, 228), (6, 239), (34, 19)], (75, 71, 213, 80))
([(164, 233), (9, 118), (49, 236)], (246, 221, 253, 207))
([(164, 2), (31, 23), (57, 100), (53, 86), (39, 39), (84, 157)], (135, 149, 96, 252))
([(45, 85), (129, 90), (124, 83), (64, 6)], (161, 151, 35, 145))
([(140, 102), (131, 99), (127, 97), (100, 0)], (193, 43, 19, 180))
([(37, 102), (27, 135), (85, 92), (176, 19), (22, 191)], (162, 160, 112, 8))
([(100, 93), (86, 119), (72, 109)], (40, 99, 27, 152))
([(170, 103), (5, 133), (22, 118)], (154, 91, 243, 26))
([(142, 1), (57, 20), (130, 9), (137, 8)], (199, 141, 103, 227))
([(96, 162), (71, 194), (176, 191)], (58, 0, 102, 254))
([(111, 124), (14, 72), (73, 27)], (133, 187, 3, 135))
([(90, 66), (161, 238), (155, 118), (145, 169)], (200, 152, 225, 179))
([(113, 199), (46, 61), (34, 58)], (194, 245, 135, 203))
([(20, 201), (150, 66), (11, 116)], (39, 233, 4, 88))
([(124, 4), (161, 19), (170, 69), (178, 113), (178, 113), (180, 124)], (191, 84, 48, 193))
([(127, 22), (7, 98), (0, 42)], (157, 126, 252, 140))
([(47, 37), (123, 142), (96, 92)], (77, 0, 180, 85))
([(63, 191), (116, 226), (120, 228), (121, 229), (172, 97)], (42, 141, 145, 70))
([(56, 32), (72, 129), (83, 196), (41, 211), (0, 225)], (185, 219, 140, 132))
([(32, 82), (180, 118), (179, 197)], (160, 98, 141, 242))
([(5, 182), (12, 196), (18, 208), (9, 217), (0, 226), (0, 226), (1, 226), (6, 225), (66, 212)], (101, 221, 168, 53))
([(61, 143), (70, 100), (77, 67)], (186, 215, 30, 74))
([(10, 198), (11, 137), (47, 182)], (28, 56, 76, 6))
([(173, 169), (164, 152), (154, 134), (177, 4), (23, 108), (4, 121)], (226, 198, 197, 205))
([(112, 226), (9, 71), (23, 75)], (149, 207, 94, 186))
([(1, 39), (50, 139), (130, 228)], (217, 87, 119, 176))
([(18, 103), (5, 0), (121, 96)], (249, 187, 127, 197))
([(174, 32), (157, 73), (65, 69)], (147, 200, 169, 185))
([(58, 213), (61, 203), (78, 145), (78, 145)], (227, 178, 153, 206))
([(131, 84), (86, 60), (55, 43), (173, 68)], (190, 176, 56, 181))
([(53, 104), (137, 38), (126, 49), (61, 116), (56, 170)], (142, 130, 143, 25))
([(130, 203), (57, 117), (140, 211)], (154, 115, 161, 115))
([(2, 178), (0, 151), (0, 151), (19, 160), (126, 127)], (199, 146, 155, 182))
([(108, 106), (145, 74), (146, 100), (86, 132), (121, 65), (153, 4)], (190, 76, 60, 216))
([(176, 111), (136, 154), (2, 130), (129, 57), (138, 58), (143, 58), (176, 60)], (176, 220, 219, 120))
([(82, 60), (102, 39), (140, 29)], (109, 109, 74, 252))
([(67, 37), (130, 125), (133, 148), (135, 164), (57, 227), (38, 200), (1, 147)], (192, 229, 252, 246))
([(98, 39), (153, 225), (0, 104)], (244, 233, 137, 195))
([(0, 123), (75, 154), (115, 172), (116, 166), (134, 49), (170, 112)], (112, 206, 246, 66))
([(135, 128), (80, 61), (109, 149)], (154, 95, 131, 108))
([(0, 74), (27, 101), (108, 8), (112, 3)], (208, 4, 107, 115))
([(32, 47), (139, 37), (145, 156), (27, 236)], (80, 125, 240, 104))
([(78, 239), (96, 2), (70, 1), (10, 0)], (238, 128, 94, 210))
([(1, 194), (140, 11), (163, 200)], (65, 137, 233, 194))
([(133, 236), (129, 151), (57, 235)], (253, 167, 166, 6))
([(51, 75), (126, 21), (145, 227)], (158, 254, 207, 217))
([(24, 1), (112, 163), (90, 167), (64, 172), (23, 179)], (138, 120, 214, 182))
([(22, 152), (36, 139), (145, 34), (79, 72)], (141, 167, 20, 112))
([(125, 195), (52, 146), (47, 105), (47, 105), (47, 105), (47, 105)], (111, 210, 94, 185))
([(170, 208), (70, 134), (110, 20)], (157, 184, 185, 189))
([(34, 2), (20, 16), (130, 181)], (227, 214, 180, 255))
([(96, 213), (52, 149), (72, 154), (162, 178), (162, 201)], (235, 160, 253, 95))
([(59, 115), (66, 183), (68, 203), (134, 237)], (199, 158, 224, 147))
([(142, 25), (75, 55), (126, 135), (155, 181)], (87, 66, 210, 225))
([(178, 19), (69, 98), (163, 14)], (162, 212, 204, 206))
([(24, 8), (13, 3), (48, 218)], (235, 137, 233, 207))
([(12, 180), (92, 84), (76, 183)], (39, 147, 45, 90))
([(49, 201), (45, 1), (36, 34)], (102, 25, 37, 235))
([(30, 86), (97, 172), (140, 227), (5, 217)], (80, 130, 178, 123))
([(177, 113), (84, 140), (1, 84), (85, 127)], (117, 192, 169, 130))
([(116, 167), (84, 149), (59, 135), (14, 8)], (105, 162, 199, 64))
([(176, 74), (175, 230), (31, 151), (149, 197), (34, 52)], (227, 202, 166, 145))
([(150, 25), (171, 6), (178, 89), (179, 101), (148, 201)], (223, 29, 227, 50))
([(93, 23), (107, 176), (46, 117)], (233, 194, 204, 100))
([(36, 5), (65, 56), (142, 192)], (102, 125, 154, 48))
([(50, 156), (180, 66), (71, 54)], (243, 213, 201, 180))
([(33, 190), (40, 188), (54, 136), (5, 39)], (250, 206, 182, 141))
([(138, 193), (79, 214), (79, 227)], (165, 222, 181, 237))
([(173, 12), (86, 21), (174, 7)], (153, 140, 71, 216))
([(3, 77), (64, 35), (100, 78)], (118, 53, 44, 124))
([(165, 27), (20, 47), (69, 3)], (247, 6, 61, 125))
([(124, 159), (83, 148), (129, 59)], (252, 188, 79, 162))
([(157, 105), (87, 193), (155, 103), (125, 79), (164, 6)], (237, 145, 66, 232))
([(11, 145), (123, 226), (165, 29), (57, 163), (112, 171), (2, 125), (102, 122), (94, 82)], (196, 218, 164, 90))
([(147, 2), (81, 102), (131, 146), (172, 141)], (246, 37, 37, 124))
([(66, 142), (4, 52), (0, 185)], (199, 206, 206, 177))
([(72, 79), (72, 79), (168, 23), (46, 207), (167, 11), (59, 45)], (199, 228, 107, 136))
([(9, 17), (121, 210), (148, 180)], (186, 180, 218, 19))
([(19, 1), (176, 185), (177, 186), (117, 227)], (252, 224, 220, 165))
([(94, 45), (154, 174), (112, 187)], (89, 216, 4, 228))
([(166, 14), (52, 67), (43, 71), (160, 9), (171, 4)], (195, 18, 30, 168))
([(7, 90), (59, 212), (81, 169), (144, 140), (144, 140), (146, 83)], (178, 205, 237, 2))
([(133, 138), (108, 189), (39, 96), (108, 226), (129, 235)], (214, 188, 172, 162))
([(14, 20), (14, 20), (36, 44)], (166, 70, 239, 188))
([(63, 62), (29, 40), (81, 219)], (33, 215, 189, 180))
([(61, 121), (2, 217), (119, 185)], (14, 151, 242, 104))
([(14, 237), (38, 237), (90, 236), (163, 235), (93, 171), (54, 135)], (178, 254, 119, 78))
([(130, 174), (19, 49), (78, 227), (80, 41)], (224, 179, 173, 67))
([(59, 122), (6, 24), (1, 15), (36, 109)], (224, 238, 235, 215))
([(89, 107), (92, 112), (167, 129)], (17, 207, 162, 60))
([(102, 175), (27, 146), (53, 151), (56, 152), (169, 177)], (130, 80, 164, 221))
([(152, 108), (129, 127), (94, 192)], (74, 24, 2, 12))
([(23, 239), (49, 235), (117, 76), (39, 52)], (42, 120, 183, 116))
([(82, 236), (82, 236), (82, 236), (33, 163)], (236, 233, 172, 149))
([(63, 54), (79, 86), (48, 80)], (112, 70, 3, 205))
([(172, 223), (24, 81), (17, 160)], (189, 210, 221, 221))
([(166, 56), (69, 202), (64, 208), (39, 235), (48, 186), (54, 154), (61, 116), (152, 149)], (157, 235, 85, 35))
([(23, 178), (46, 150), (122, 28), (124, 114)], (36, 83, 71, 207))
([(119, 124), (134, 39), (141, 0), (71, 75), (37, 155)], (201, 111, 10, 86))
([(3, 32), (160, 150), (97, 205), (111, 168)], (139, 252, 199, 235))
([(166, 150), (162, 33), (46, 229)], (203, 163, 250, 139))
([(154, 235), (98, 232), (100, 214)], (199, 233, 202, 252))
([(37, 173), (108, 166), (157, 161), (171, 182)], (14, 111, 111, 227))
([(171, 13), (163, 99), (169, 14)], (201, 176, 178, 124))
([(56, 215), (78, 185), (13, 127)], (178, 239, 223, 251))
([(29, 28), (109, 140), (145, 101), (149, 44)], (225, 40, 85, 198))
([(43, 230), (14, 53), (133, 231)], (243, 193, 234, 222))
([(23, 189), (116, 134), (83, 108)], (13, 65, 161, 199))
([(64, 166), (62, 77), (58, 83), (45, 104)], (115, 102, 53, 76))
([(169, 13), (163, 171), (117, 134)], (165, 132, 40, 15))
([(88, 1), (144, 74), (151, 83), (48, 178), (172, 41), (176, 19)], (218, 29, 118, 183))
([(44, 90), (146, 162), (152, 166), (163, 7)], (173, 213, 151, 118))
([(97, 28), (115, 47), (43, 195), (64, 27)], (237, 101, 9, 81))
([(144, 2), (144, 2), (126, 166), (84, 120), (67, 102), (103, 10)], (234, 10, 110, 86))
([(76, 200), (108, 212), (104, 74), (70, 102), (27, 138)], (167, 146, 11, 1))
([(11, 64), (70, 133), (97, 165), (124, 197), (92, 142), (53, 74)], (156, 55, 136, 250))
([(164, 217), (139, 219), (4, 48), (59, 226), (19, 230)], (177, 242, 241, 229))
([(53, 26), (37, 153), (37, 153), (40, 157), (115, 60), (107, 135)], (224, 44, 67, 232))
([(35, 63), (44, 132), (145, 153)], (80, 49, 115, 252))
([(35, 145), (85, 168), (56, 193), (15, 229)], (95, 132, 210, 158))
([(59, 235), (22, 148), (156, 194), (156, 194), (142, 234)], (238, 235, 173, 125))
([(70, 178), (41, 101), (120, 146)], (253, 152, 192, 143))
([(30, 81), (101, 63), (101, 80), (58, 166), (137, 109), (163, 90)], (168, 75, 18, 140))
([(134, 76), (106, 39), (153, 3), (153, 3)], (121, 86, 10, 61))
([(68, 135), (51, 154), (67, 165), (135, 211)], (240, 230, 35, 225))
([(60, 173), (59, 171), (38, 121), (52, 8)], (170, 51, 2, 174))
([(125, 185), (12, 0), (19, 1)], (243, 196, 166, 154))
([(3, 85), (82, 215), (1, 166)], (235, 238, 248, 122))
([(121, 146), (75, 103), (56, 89)], (213, 240, 122, 146))
([(178, 163), (9, 177), (12, 179)], (238, 87, 33, 215))
([(82, 162), (122, 165), (179, 169), (179, 109), (171, 9), (82, 11)], (250, 52, 2, 164))
([(51, 170), (48, 175), (46, 178), (41, 186), (38, 191), (39, 163), (40, 136)], (7, 5, 77, 77))
([(64, 31), (4, 27), (16, 170)], (254, 198, 170, 98))
([(73, 201), (93, 145), (146, 209), (150, 214), (150, 214), (150, 214), (127, 222)], (250, 222, 223, 249))
([(126, 91), (64, 139), (66, 200)], (138, 69, 90, 39))
([(110, 28), (91, 166), (82, 19)], (144, 117, 43, 16))
([(71, 14), (51, 45), (38, 136)], (165, 5, 91, 38))
([(99, 234), (49, 183), (52, 180), (64, 166), (64, 166)], (237, 233, 222, 137))
([(149, 171), (142, 173), (119, 179), (119, 179), (35, 124), (52, 127)], (200, 102, 31, 189))
([(11, 74), (8, 63), (142, 165)], (234, 57, 85, 79))
([(116, 70), (135, 28), (139, 13), (141, 5), (97, 3), (101, 60), (115, 194)], (255, 209, 62, 22))
([(109, 139), (83, 166), (78, 171), (147, 174), (28, 45), (62, 61), (45, 13)], (43, 54, 5, 10))
([(8, 45), (175, 195), (165, 23)], (255, 51, 83, 82))
([(7, 204), (106, 180), (92, 123)], (149, 95, 33, 65))
([(159, 38), (42, 200), (49, 80)], (201, 56, 100, 192))
([(43, 89), (74, 152), (92, 188), (116, 91)], (206, 100, 3, 189))
([(147, 179), (142, 180), (127, 182), (114, 184), (71, 191), (96, 65), (100, 45)], (239, 7, 63, 109))
([(57, 163), (53, 112), (50, 73), (65, 87), (119, 138)], (252, 91, 31, 203))
([(163, 87), (36, 207), (38, 24), (128, 20), (135, 7)], (215, 73, 82, 85))
([(90, 193), (22, 218), (45, 145), (85, 19), (170, 111)], (239, 204, 97, 5))
