([(179, 210), (138, 64), (47, 74), (29, 76)], (144, 197, 72, 172))
([(99, 71), (72, 61), (70, 131)], (39, 65, 30, 206))
([(37, 200), (4, 1), (162, 63)], (204, 216, 172, 186))
([(178, 199), (93, 200), (122, 132)], (231, 221, 183, 234))
([(178, 16), (131, 143), (124, 66), (122, 44)], (228, 21, 200, 217))
([(178, 222), (144, 153), (128, 121), (71, 190)], (166, 252, 239, 112))
([(72, 103), (107, 89), (162, 98)], (41, 103, 3, 102))
([(29, 155), (30, 110), (91, 34)], (139, 194, 17, 100))
([(112, 226), (20, 65), (173, 80)], (131, 207, 189, 186))
([(1, 198), (46, 128), (0, 137)], (160, 232, 199, 228))
([(141, 202), (116, 16), (174, 7)], (153, 140, 71, 216))
([(154, 76), (53, 162), (30, 175)], (142, 162, 65, 83))
([(54, 143), (76, 126), (82, 121), (58, 60)], (91, 201, 165, 156))
([(80, 167), (156, 32), (82, 0)], (200, 21, 122, 149))
([(167, 72), (175, 77), (158, 49)], (163, 237, 114, 189))
([(14, 1), (21, 192), (75, 43)], (134, 238, 65, 98))
([(0, 53), (128, 96), (148, 107), (35, 19), (5, 7), (3, 6), (2, 6)], (100, 209, 240, 237))
([(165, 17), (83, 148), (89, 141)], (31, 188, 231, 121))
([(179, 137), (103, 216), (97, 35)], (250, 5, 186, 208))
([(94, 229), (147, 229), (74, 209), (49, 183), (50, 182)], (111, 233, 222, 191))
([(150, 225), (101, 159), (129, 111)], (35, 197, 142, 149))
([(12, 190), (0, 3), (23, 11), (114, 42), (164, 59)], (243, 252, 245, 216))
([(179, 177), (168, 146), (60, 202), (173, 105)], (153, 183, 124, 239))
([(154, 236), (124, 192), (102, 153), (38, 39), (103, 161), (121, 101), (95, 203)], (195, 119, 238, 247))
([(93, 80), (178, 237), (163, 236), (71, 228)], (202, 211, 50, 231))
([(2, 227), (38, 210), (68, 160)], (107, 180, 218, 163))
([(169, 60), (77, 90), (164, 1)], (157, 112, 54, 249))
([(6, 144), (161, 238), (155, 118)], (200, 186, 225, 242))
([(120, 240), (161, 109), (87, 151)], (172, 193, 151, 220))
([(0, 39), (33, 197), (162, 2)], (196, 238, 178, 254))
([(64, 145), (65, 68), (55, 69)], (30, 103, 223, 90))
([(142, 185), (77, 75), (26, 16)], (248, 37, 173, 231))
([(179, 70), (177, 102), (177, 102), (177, 102), (177, 102), (177, 102), (177, 102), (0, 143)], (56, 227, 127, 168))
([(158, 174), (5, 229), (144, 238)], (238, 133, 211, 216))
([(0, 89), (111, 80), (2, 225)], (110, 253, 124, 185))
([(114, 190), (48, 94), (150, 1)], (240, 201, 165, 54))
([(136, 237), (83, 239), (82, 239), (72, 239), (91, 59)], (222, 154, 113, 123))
([(21, 64), (19, 47), (14, 3), (13, 3), (48, 218)], (235, 137, 233, 207))
([(132, 222), (0, 27), (64, 113), (114, 181)], (194, 245, 135, 203))
([(147, 11), (169, 85), (170, 207), (173, 99), (180, 26)], (191, 129, 195, 133))
([(31, 31), (144, 223), (13, 234)], (146, 251, 110, 237))
([(54, 140), (47, 141), (116, 35), (2, 224), (0, 226), (33, 237)], (101, 221, 168, 243))
([(172, 86), (98, 97), (129, 17)], (40, 69, 27, 178))
([(170, 174), (44, 240), (17, 98)], (193, 77, 239, 146))
([(78, 171), (112, 118), (158, 47), (45, 13)], (131, 54, 5, 91))
([(170, 103), (126, 155), (121, 116)], (170, 91, 124, 159))
([(139, 239), (78, 227), (155, 85)], (185, 241, 217, 232))
([(48, 49), (158, 238), (82, 228)], (198, 128, 100, 212))
([(175, 228), (139, 22), (88, 120), (109, 149)], (82, 95, 86, 161))
([(20, 201), (94, 125), (122, 96), (11, 116)], (62, 193, 183, 229))
([(108, 223), (84, 204), (122, 210)], (228, 228, 166, 216))
([(84, 223), (153, 211), (152, 212), (134, 237)], (248, 158, 224, 213))
([(112, 80), (78, 101), (91, 99)], (183, 70, 189, 217))
([(98, 2), (78, 161), (73, 201), (21, 28)], (93, 13, 10, 250))
([(86, 65), (71, 167), (147, 228)], (108, 240, 248, 64))
([(82, 237), (77, 229), (49, 230), (33, 230)], (245, 251, 176, 167))
([(14, 237), (38, 237), (163, 235), (140, 214), (93, 171), (168, 60)], (178, 254, 175, 225))
([(144, 111), (83, 236), (7, 101)], (25, 178, 143, 3))
([(5, 174), (107, 230), (104, 239)], (246, 181, 82, 240))
([(63, 62), (30, 68), (97, 98), (145, 120)], (33, 215, 228, 137))
([(122, 120), (134, 78), (154, 50), (176, 19)], (162, 199, 112, 196))
([(24, 67), (82, 92), (165, 127), (56, 44)], (99, 40, 69, 105))
([(141, 2), (156, 18), (179, 43), (103, 8), (87, 1)], (245, 229, 218, 208))
([(92, 45), (178, 34), (169, 98)], (161, 46, 78, 221))
([(168, 211), (99, 234), (126, 238), (145, 240)], (185, 222, 209, 174))
([(144, 214), (2, 230), (21, 228), (123, 219)], (212, 236, 117, 149))
([(59, 213), (6, 205), (20, 137)], (26, 127, 186, 13))
([(86, 132), (125, 215), (157, 215)], (237, 181, 135, 212))
([(102, 2), (40, 81), (44, 218)], (185, 50, 228, 189))
([(164, 156), (180, 207), (147, 211), (22, 54)], (222, 188, 229, 242))
([(69, 222), (49, 145), (176, 191)], (58, 0, 102, 254))
([(42, 71), (57, 89), (60, 93), (97, 85), (178, 234), (68, 239), (9, 233)], (190, 173, 192, 119))
([(90, 238), (74, 71), (83, 49), (102, 3), (139, 7), (140, 7)], (244, 77, 197, 208))
([(78, 239), (96, 2), (81, 1), (10, 0)], (238, 128, 94, 210))
([(38, 215), (146, 175), (173, 226)], (234, 205, 212, 216))
([(134, 239), (148, 162), (113, 187), (94, 105), (14, 236)], (180, 219, 224, 249))
([(124, 4), (161, 19), (178, 113), (178, 113), (76, 123), (178, 113), (180, 124)], (191, 137, 252, 248))
([(176, 24), (167, 190), (141, 163)], (206, 41, 171, 246))
([(51, 75), (126, 150), (126, 21), (49, 223), (136, 130), (145, 227)], (158, 254, 207, 187))
([(26, 54), (146, 0), (160, 50), (160, 50)], (241, 139, 123, 168))
([(177, 113), (180, 53), (150, 63), (50, 202)], (187, 27, 105, 174))
([(149, 6), (138, 206), (170, 197), (151, 184), (171, 224)], (7, 0, 101, 247))
([(17, 209), (8, 195), (3, 187)], (149, 38, 207, 143))
([(1, 211), (9, 192), (32, 186)], (67, 22, 250, 241))
([(80, 25), (135, 120), (155, 154), (178, 106)], (144, 186, 170, 8))
([(24, 1), (156, 164), (23, 179)], (138, 120, 250, 182))
([(17, 144), (90, 156), (62, 144), (34, 132)], (185, 75, 67, 156))
([(12, 0), (74, 82), (122, 157), (6, 203)], (104, 219, 233, 85))
([(0, 189), (17, 109), (140, 149), (5, 218)], (76, 183, 198, 225))
([(100, 125), (177, 20), (163, 48), (132, 109)], (234, 68, 224, 5))
([(46, 239), (21, 188), (11, 168), (170, 84)], (231, 253, 219, 154))
([(46, 49), (38, 35), (31, 23), (31, 23)], (173, 149, 47, 252))
([(87, 229), (7, 28), (5, 0), (98, 77), (121, 96)], (249, 187, 208, 197))
([(13, 225), (170, 24), (137, 127), (123, 171)], (135, 228, 119, 235))
([(138, 11), (134, 106), (132, 153)], (218, 48, 35, 169))
([(39, 79), (74, 201), (153, 216)], (214, 234, 151, 47))
([(29, 238), (90, 177), (31, 30)], (10, 177, 238, 221))
([(141, 121), (54, 216), (115, 240), (105, 239)], (164, 218, 241, 244))
([(78, 231), (6, 239), (4, 175), (0, 47)], (75, 71, 232, 158))
([(177, 4), (4, 163), (125, 62)], (240, 187, 3, 146))
([(178, 19), (122, 59), (114, 65), (113, 66)], (162, 20, 35, 182))
([(10, 85), (38, 231), (40, 229), (45, 223), (8, 81), (95, 142), (174, 1)], (60, 26, 44, 206))
([(173, 75), (149, 107), (180, 75)], (241, 58, 99, 218))
([(118, 145), (57, 55), (74, 58), (179, 79)], (214, 188, 250, 22))
([(176, 74), (175, 230), (175, 230), (80, 97), (108, 175)], (227, 202, 166, 145))
([(22, 148), (156, 194), (142, 234), (142, 234)], (238, 235, 173, 81))
([(34, 109), (132, 28), (102, 39)], (86, 224, 74, 120))
([(164, 233), (127, 154), (25, 165), (49, 236)], (246, 221, 253, 207))
([(140, 102), (5, 196), (66, 70), (100, 0)], (193, 43, 19, 187))
([(145, 102), (132, 140), (144, 93)], (240, 14, 49, 228))
([(98, 178), (102, 173), (155, 103), (136, 31), (153, 16), (169, 1)], (237, 201, 66, 255))
([(124, 116), (176, 0), (64, 6)], (161, 95, 35, 145))
([(61, 189), (136, 98), (72, 82)], (185, 230, 187, 139))
([(166, 0), (101, 94), (154, 86), (11, 155), (0, 113)], (107, 215, 165, 182))
([(151, 59), (107, 240), (2, 19)], (233, 248, 192, 206))
([(47, 79), (61, 122), (144, 140)], (229, 205, 246, 127))
([(11, 53), (18, 77), (47, 176), (169, 7)], (122, 172, 197, 216))
([(11, 233), (153, 163), (24, 238), (66, 176), (133, 22)], (150, 233, 151, 45))
([(63, 14), (180, 118), (179, 197), (179, 197), (172, 42), (179, 197)], (160, 98, 141, 242))
([(127, 22), (7, 98), (1, 50), (0, 42), (0, 42)], (157, 171, 252, 219))
([(133, 102), (91, 168), (103, 10)], (234, 135, 110, 216))
([(135, 135), (137, 135), (57, 71)], (244, 0, 204, 189))
([(167, 187), (31, 237), (10, 188), (32, 160)], (69, 173, 178, 69))
([(0, 8), (58, 44), (83, 196), (7, 2), (0, 225)], (185, 219, 146, 132))
([(10, 198), (11, 137), (25, 125), (114, 50)], (45, 94, 76, 114))
([(142, 1), (100, 10), (57, 20), (166, 70)], (199, 141, 103, 135))
([(0, 180), (113, 1), (48, 231)], (16, 231, 0, 66))
([(164, 37), (142, 179), (133, 188)], (76, 193, 0, 202))
([(175, 86), (177, 4), (177, 4), (50, 22)], (226, 150, 37, 206))
([(97, 19), (167, 16), (16, 237)], (114, 204, 49, 86))
([(28, 217), (129, 127), (108, 166), (94, 192)], (58, 134, 177, 12))
([(1, 39), (12, 61), (52, 143), (53, 142)], (223, 172, 132, 166))
([(84, 191), (109, 97), (142, 139), (174, 179)], (31, 46, 126, 129))
([(162, 87), (180, 66), (164, 64), (133, 61)], (243, 213, 149, 79))
([(133, 195), (130, 196), (108, 204)], (165, 222, 181, 172))
([(179, 109), (18, 182), (13, 195)], (111, 210, 76, 82))
([(18, 216), (94, 170), (93, 169), (93, 169)], (93, 189, 174, 21))
([(2, 178), (0, 151), (126, 127)], (251, 146, 155, 182))
([(123, 77), (135, 26), (124, 15)], (89, 162, 148, 45))
([(165, 27), (67, 138), (20, 47), (10, 55), (69, 3)], (247, 6, 61, 125))
([(63, 191), (107, 103), (55, 184), (26, 229)], (42, 141, 145, 70))
([(79, 79), (59, 135), (43, 211)], (105, 160, 91, 69))
([(123, 200), (16, 168), (0, 60)], (161, 216, 176, 254))
([(177, 2), (164, 3), (145, 164)], (228, 14, 88, 198))
([(155, 134), (41, 26), (138, 58), (176, 60)], (188, 74, 212, 137))
([(4, 52), (17, 22), (18, 20), (27, 0), (4, 158), (0, 185)], (199, 206, 206, 177))
([(126, 148), (155, 88), (145, 34)], (253, 167, 24, 176))
([(2, 14), (135, 164), (57, 227), (38, 200), (1, 147)], (192, 229, 252, 246))
([(8, 71), (79, 126), (90, 134), (159, 52)], (119, 1, 106, 86))
([(0, 74), (7, 81), (27, 101), (108, 8)], (114, 4, 107, 115))
([(1, 194), (31, 155), (140, 11), (140, 11), (152, 110), (163, 200)], (65, 137, 233, 194))
([(34, 2), (6, 24), (130, 181)], (227, 218, 180, 255))
([(170, 208), (163, 203), (152, 195), (70, 134), (110, 20)], (115, 184, 185, 189))
([(170, 143), (102, 16), (58, 145), (36, 107)], (190, 142, 60, 216))
([(133, 223), (12, 0), (14, 1), (15, 1), (19, 1)], (243, 230, 212, 246))
([(30, 86), (112, 218), (5, 217)], (80, 130, 178, 67))
([(55, 239), (42, 83), (7, 4), (48, 61), (67, 216)], (244, 230, 190, 243))
([(52, 240), (54, 235), (78, 177), (84, 163), (162, 178), (162, 201)], (235, 244, 253, 190))
([(74, 128), (63, 118), (24, 81), (23, 92)], (189, 210, 221, 173))
([(180, 175), (111, 219), (156, 128), (172, 205), (178, 211)], (178, 230, 210, 228))
([(56, 155), (26, 64), (90, 140)], (204, 213, 73, 146))
([(35, 226), (62, 102), (28, 200)], (132, 161, 247, 197))
([(30, 70), (19, 49), (43, 46)], (223, 212, 6, 107))
([(11, 145), (57, 163), (2, 125)], (196, 218, 164, 63))
([(164, 110), (8, 183), (77, 67)], (186, 94, 30, 74))
([(30, 123), (97, 136), (47, 237)], (253, 222, 250, 221))
([(19, 1), (176, 185), (159, 197), (117, 227)], (252, 224, 220, 142))
([(93, 23), (90, 190), (7, 18), (69, 155), (12, 87)], (233, 194, 204, 163))
([(172, 37), (117, 131), (65, 69)], (154, 248, 196, 185))
([(115, 183), (98, 176), (64, 161), (114, 1)], (202, 99, 69, 134))
([(33, 190), (33, 190), (33, 190), (33, 190), (33, 190), (33, 190), (37, 189), (40, 188), (5, 39)], (250, 254, 182, 132))
([(164, 217), (26, 158), (140, 24)], (233, 242, 241, 247))
([(124, 0), (42, 175), (67, 152), (28, 217)], (121, 222, 106, 120))
([(3, 77), (64, 35), (166, 138)], (94, 46, 39, 159))
([(111, 3), (98, 128), (82, 142)], (246, 49, 24, 212))
([(159, 52), (162, 111), (51, 73)], (38, 90, 100, 180))
([(142, 25), (78, 60), (155, 181)], (87, 62, 210, 225))
([(23, 178), (45, 151), (123, 71)], (47, 83, 44, 192))
([(147, 2), (81, 102), (96, 125), (124, 169), (56, 4)], (246, 37, 66, 163))
([(88, 33), (86, 40), (38, 102)], (41, 84, 126, 20))
([(147, 37), (83, 238), (83, 238), (8, 37)], (198, 232, 227, 101))
([(49, 201), (46, 51), (80, 176), (43, 8), (41, 15), (36, 34)], (102, 25, 37, 234))
([(49, 9), (36, 155), (73, 162)], (235, 56, 4, 125))
([(94, 45), (154, 174), (112, 187)], (89, 216, 4, 228))
([(156, 130), (82, 96), (82, 96), (67, 125)], (144, 53, 10, 226))
([(155, 76), (64, 148), (160, 9)], (210, 16, 30, 247))
([(130, 1), (169, 1), (140, 32), (64, 115)], (202, 30, 109, 233))
([(0, 123), (115, 172), (132, 62), (134, 49)], (229, 206, 224, 124))
([(23, 129), (67, 165), (135, 211)], (240, 230, 35, 149))
([(115, 52), (1, 15), (9, 37), (12, 45), (36, 109)], (224, 238, 249, 215))
([(126, 91), (65, 170), (65, 170), (66, 200)], (138, 69, 248, 30))
([(102, 175), (53, 151), (71, 155), (169, 177)], (130, 80, 164, 221))
([(35, 145), (56, 193), (15, 229)], (95, 132, 210, 158))
([(37, 52), (74, 91), (120, 20)], (176, 125, 101, 127))
([(177, 176), (106, 87), (94, 168), (91, 188)], (209, 28, 35, 50))
([(124, 149), (124, 149), (110, 147), (80, 143), (128, 197)], (250, 240, 122, 199))
([(23, 239), (25, 239), (100, 106), (117, 76), (39, 52)], (42, 120, 183, 116))
([(82, 236), (82, 236), (82, 236), (113, 161), (53, 160)], (236, 233, 204, 240))
([(12, 231), (34, 185), (27, 191)], (57, 88, 118, 14))
([(168, 23), (167, 11), (88, 36)], (199, 228, 171, 136))
([(121, 34), (47, 44), (52, 212)], (202, 167, 243, 210))
([(108, 212), (96, 208), (10, 235)], (155, 146, 186, 1))
([(42, 122), (134, 39), (141, 0), (88, 18), (43, 34)], (201, 42, 10, 249))
([(69, 202), (45, 137), (134, 153), (129, 192), (54, 154)], (157, 235, 85, 35))
([(160, 150), (97, 205), (111, 168)], (61, 252, 40, 235))
([(49, 183), (101, 18), (73, 179)], (133, 102, 74, 252))
([(112, 34), (153, 3), (167, 177)], (243, 86, 66, 83))
([(166, 150), (162, 33), (12, 155)], (203, 201, 250, 139))
([(109, 21), (63, 206), (2, 154)], (178, 239, 223, 251))
([(37, 173), (108, 166), (149, 162), (157, 161), (171, 182)], (14, 111, 23, 193))
([(89, 107), (92, 112), (167, 129)], (220, 207, 162, 60))
([(29, 28), (109, 140), (149, 44)], (220, 90, 85, 67))
([(43, 230), (29, 145), (26, 127), (21, 96), (14, 53), (48, 104), (133, 231)], (243, 231, 238, 177))
([(23, 189), (116, 134), (109, 128), (83, 108)], (91, 40, 161, 199))
([(169, 13), (163, 171), (70, 39)], (165, 132, 16, 80))
([(36, 5), (68, 145), (92, 109), (104, 91)], (88, 125, 154, 48))
([(61, 121), (43, 150), (2, 217), (135, 146)], (14, 151, 242, 96))
([(64, 166), (58, 83), (170, 72)], (227, 124, 53, 188))
([(64, 31), (4, 27), (169, 31)], (254, 198, 170, 19))
([(88, 1), (98, 69), (172, 41), (176, 19)], (218, 29, 118, 183))
([(44, 90), (120, 144), (137, 156), (145, 162), (147, 163), (155, 85), (163, 7)], (173, 213, 127, 70))
([(118, 17), (97, 169), (52, 203), (0, 104)], (244, 233, 137, 43))
([(115, 47), (101, 76), (43, 195), (46, 36), (64, 27)], (237, 101, 9, 236))
([(11, 64), (70, 133), (97, 165), (147, 126)], (156, 160, 136, 250))
([(53, 26), (37, 153), (40, 157), (60, 151), (90, 141)], (224, 44, 67, 232))
([(3, 85), (82, 215), (1, 166)], (235, 238, 248, 122))
([(70, 178), (41, 101), (180, 79)], (253, 152, 102, 143))
([(30, 81), (101, 63), (101, 80), (58, 166), (163, 90)], (168, 75, 18, 114))
([(150, 25), (171, 6), (178, 89), (179, 101), (148, 201)], (223, 153, 205, 68))
([(12, 180), (148, 142), (76, 183)], (67, 58, 44, 118))
([(60, 173), (84, 160), (59, 171), (38, 121), (52, 8)], (148, 51, 2, 132))
([(171, 13), (165, 78), (163, 99), (169, 14)], (201, 176, 224, 124))
([(178, 163), (75, 171), (15, 176), (13, 176), (9, 177), (12, 179)], (93, 87, 33, 215))
([(72, 149), (111, 161), (122, 165), (145, 167), (179, 169), (179, 109), (171, 9), (82, 11)], (250, 52, 18, 170))
([(51, 170), (48, 175), (46, 178), (41, 186), (41, 186), (38, 191), (39, 163), (39, 163), (40, 136)], (46, 5, 39, 185))
([(40, 70), (46, 79), (30, 80), (17, 80)], (80, 148, 158, 153))
([(56, 60), (42, 41), (60, 57), (137, 124), (89, 161), (72, 174), (68, 177)], (245, 150, 43, 202))
([(73, 201), (93, 145), (110, 163), (136, 190), (150, 214), (127, 222)], (250, 236, 253, 200))
([(71, 14), (60, 31), (60, 31), (51, 45), (108, 49)], (165, 5, 82, 38))
([(109, 110), (147, 170), (175, 195), (167, 57), (165, 23)], (255, 51, 83, 82))
([(11, 74), (20, 72), (89, 124), (91, 126)], (168, 57, 85, 79))
([(81, 186), (83, 185), (92, 183), (106, 180), (79, 130), (58, 40)], (47, 95, 33, 65))
([(43, 89), (44, 91), (92, 188), (141, 108)], (227, 40, 3, 100))
([(149, 171), (119, 179), (35, 124), (50, 127), (52, 127)], (200, 102, 31, 216))
([(147, 179), (142, 180), (131, 181), (71, 191), (91, 90), (119, 8)], (239, 7, 55, 109))
([(57, 163), (53, 112), (50, 73), (60, 47), (119, 138)], (252, 91, 31, 203))
([(163, 87), (36, 207), (38, 24), (135, 7)], (215, 73, 82, 85))
([(141, 5), (97, 3), (101, 60), (104, 89), (115, 194)], (255, 209, 25, 22))
([(90, 193), (85, 19), (87, 21), (120, 57), (170, 111)], (246, 204, 97, 5))
([(68, 169), (98, 232), (114, 178)], (199, 233, 202, 30))
