([(120, 110), (77, 102), (64, 139), (36, 220), (66, 200), (72, 196)], (44, 69, 171, 43))
([(52, 154), (93, 195), (121, 229), (140, 180), (172, 97)], (184, 42, 145, 70))
([(39, 155), (70, 154), (159, 66), (66, 178), (35, 222), (29, 208), (137, 106)], (150, 199, 95, 40))
([(81, 91), (92, 85), (111, 75), (113, 74)], (165, 180, 98, 62))
([(167, 81), (128, 7), (42, 61), (22, 64)], (90, 111, 0, 180))
([(45, 85), (168, 141), (64, 6)], (161, 151, 35, 244))
([(6, 99), (140, 141), (46, 223)], (153, 18, 100, 225))
([(68, 168), (177, 2), (141, 151)], (91, 98, 88, 198))
([(107, 78), (103, 131), (81, 47), (106, 166)], (119, 53, 13, 119))
([(150, 127), (150, 127), (93, 54), (178, 154)], (102, 74, 191, 110))
([(108, 106), (145, 74), (174, 119), (159, 110), (130, 96), (126, 99), (86, 132), (153, 4)], (26, 100, 133, 238))
([(144, 2), (126, 166), (57, 91)], (106, 2, 110, 45))
([(14, 20), (92, 104), (8, 112)], (166, 38, 154, 242))
([(30, 86), (140, 227), (152, 9)], (130, 196, 178, 123))
([(43, 206), (81, 150), (102, 133), (49, 22), (173, 226), (58, 158)], (234, 22, 61, 74))
([(111, 3), (91, 195), (82, 142), (73, 90)], (201, 233, 193, 94))
([(64, 140), (51, 161), (49, 107)], (13, 32, 49, 30))
([(106, 38), (132, 57), (0, 113)], (28, 215, 35, 155))
([(106, 92), (161, 19), (101, 158)], (191, 137, 170, 178))
([(167, 148), (130, 173), (64, 27)], (160, 101, 76, 92))
([(20, 201), (150, 66), (108, 206)], (39, 173, 38, 174))
([(172, 14), (151, 234), (116, 56)], (149, 38, 207, 147))
([(17, 179), (167, 55), (94, 170), (115, 118), (135, 68)], (12, 101, 145, 119))
([(107, 160), (52, 146), (47, 105)], (69, 164, 116, 125))
([(95, 104), (72, 30), (43, 159), (38, 181)], (157, 225, 212, 37))
([(5, 174), (149, 96), (54, 92), (41, 92), (47, 115), (19, 69), (10, 54)], (58, 181, 82, 97))
([(37, 65), (46, 239), (35, 218)], (250, 30, 166, 208))
([(19, 238), (55, 43), (131, 166), (175, 110)], (209, 62, 56, 21))
([(48, 220), (134, 104), (57, 94), (113, 235)], (195, 27, 50, 134))
([(130, 29), (102, 18), (108, 139)], (100, 132, 40, 15))
([(154, 236), (141, 190), (145, 122), (150, 37), (165, 141)], (133, 65, 238, 209))
([(33, 190), (78, 160), (91, 151), (31, 58)], (126, 28, 53, 100))
([(101, 156), (152, 137), (43, 172), (167, 143), (135, 210)], (38, 26, 102, 5))
([(55, 38), (93, 145), (104, 176), (150, 214), (127, 222)], (250, 222, 223, 249))
([(13, 72), (168, 40), (101, 142)], (149, 1, 33, 19))
([(178, 166), (145, 110), (134, 91), (173, 210), (178, 211)], (178, 230, 189, 228))
([(63, 205), (121, 70), (34, 19)], (62, 71, 33, 80))
([(17, 164), (38, 212), (124, 114)], (185, 45, 27, 208))
([(13, 56), (178, 237), (61, 227)], (75, 90, 239, 193))
([(30, 114), (154, 199), (123, 146), (115, 132), (103, 111), (90, 89)], (183, 49, 239, 121))
([(146, 219), (12, 0), (19, 1), (166, 142)], (243, 148, 166, 44))
([(139, 37), (139, 37), (145, 156), (149, 88)], (173, 204, 240, 99))
([(7, 204), (4, 217), (92, 123)], (149, 184, 33, 65))
([(120, 157), (9, 118), (165, 163)], (13, 138, 213, 207))
([(134, 234), (25, 193), (125, 235)], (85, 251, 18, 85))
([(61, 124), (7, 159), (80, 121), (155, 81), (35, 59)], (45, 198, 192, 206))
([(24, 1), (54, 90), (87, 188), (23, 179)], (138, 120, 214, 130))
([(129, 26), (61, 189), (60, 80), (155, 134), (31, 56), (16, 47)], (4, 25, 74, 158))
([(94, 146), (94, 146), (129, 204)], (31, 82, 195, 27))
([(23, 189), (116, 134), (96, 68)], (171, 65, 84, 185))
([(0, 89), (141, 40), (2, 225)], (167, 32, 100, 123))
([(152, 21), (113, 73), (63, 139)], (114, 151, 90, 46))
([(0, 123), (22, 89), (22, 89), (170, 112)], (112, 173, 246, 199))
([(68, 193), (25, 162), (108, 5)], (41, 248, 207, 95))
([(60, 173), (62, 172), (52, 8), (54, 23), (73, 166)], (170, 122, 2, 188))
([(21, 207), (77, 128), (54, 82)], (198, 28, 143, 100))
([(116, 222), (104, 202), (80, 161), (84, 42)], (140, 74, 137, 130))
([(127, 35), (176, 139), (175, 139), (28, 111)], (131, 230, 211, 185))
([(1, 39), (50, 139), (126, 102)], (212, 87, 119, 59))
([(103, 88), (107, 131), (8, 190)], (40, 99, 27, 143))
([(3, 32), (49, 67), (160, 150), (82, 218)], (47, 252, 199, 235))
([(29, 238), (73, 217), (152, 178), (109, 217), (97, 228)], (84, 126, 43, 221))
([(127, 22), (7, 98), (39, 158), (115, 225)], (147, 126, 252, 162))
([(67, 205), (130, 8), (71, 103), (7, 206), (14, 206), (22, 207)], (155, 191, 227, 171))
([(114, 202), (143, 163), (148, 180)], (113, 127, 218, 55))
([(85, 18), (122, 157), (140, 155), (29, 200), (5, 218)], (76, 59, 54, 162))
([(77, 163), (117, 114), (28, 217)], (127, 222, 106, 48))
([(149, 84), (11, 207), (120, 162), (86, 212)], (49, 191, 141, 29))
([(134, 239), (149, 156), (139, 162), (14, 236), (92, 38)], (33, 17, 143, 161))
([(18, 216), (108, 179), (93, 169), (36, 132)], (152, 35, 248, 248))
([(10, 198), (34, 101), (47, 182), (47, 182)], (78, 219, 163, 78))
([(148, 198), (160, 41), (62, 101), (31, 237), (161, 6), (164, 1)], (63, 39, 151, 141))
([(59, 115), (125, 200), (134, 237)], (199, 28, 43, 147))
([(63, 3), (122, 106), (180, 207), (145, 175), (145, 175), (146, 45), (146, 45), (15, 229)], (222, 188, 229, 1))
([(149, 6), (138, 206), (106, 52), (151, 184), (157, 196), (158, 198), (171, 224)], (15, 215, 101, 253))
([(1, 146), (40, 165), (38, 155), (17, 45)], (135, 44, 101, 67))
([(171, 13), (133, 88), (98, 221), (98, 221)], (133, 176, 178, 76))
([(14, 187), (142, 198), (146, 83)], (178, 205, 11, 2))
([(64, 158), (84, 181), (85, 182), (112, 129)], (196, 158, 204, 149))
([(68, 223), (69, 98), (163, 14)], (162, 28, 204, 81))
([(82, 234), (107, 215), (71, 136), (8, 52)], (153, 140, 71, 216))
([(114, 45), (62, 211), (111, 213), (21, 28)], (93, 54, 50, 146))
([(98, 234), (35, 145), (94, 115)], (146, 55, 85, 242))
([(56, 157), (63, 129), (7, 26), (1, 15), (48, 141)], (158, 109, 204, 215))
([(174, 153), (128, 35), (112, 55), (27, 160), (169, 133), (27, 144)], (118, 183, 249, 3))
([(83, 114), (108, 128), (35, 182), (35, 75), (35, 75), (35, 75)], (12, 33, 118, 156))
([(28, 224), (103, 11), (161, 208)], (250, 160, 26, 167))
([(40, 116), (28, 167), (28, 167), (2, 53)], (11, 190, 197, 88))
([(146, 103), (11, 108), (70, 91), (143, 71)], (243, 11, 201, 90))
([(126, 94), (135, 164), (57, 227), (1, 147)], (183, 229, 110, 246))
([(97, 233), (76, 87), (66, 110), (27, 202)], (45, 139, 123, 248))
([(103, 81), (139, 100), (97, 71), (79, 86), (79, 86), (44, 116), (98, 190), (56, 171)], (112, 70, 3, 208))
([(78, 239), (96, 2), (70, 1), (10, 0)], (238, 128, 94, 210))
([(57, 163), (97, 160), (85, 52)], (252, 91, 31, 203))
([(96, 136), (62, 67), (87, 206)], (158, 77, 88, 224))
([(130, 12), (18, 206), (111, 48)], (158, 186, 220, 210))
([(168, 110), (70, 90), (24, 81), (17, 160), (16, 171)], (189, 210, 154, 105))
([(176, 24), (60, 228), (166, 20)], (106, 41, 171, 213))
([(34, 2), (20, 16), (144, 155)], (129, 214, 180, 255))
([(147, 2), (25, 141), (149, 132)], (246, 37, 210, 124))
([(34, 178), (10, 25), (158, 11)], (176, 206, 99, 80))
([(49, 201), (57, 25), (45, 1), (23, 184), (18, 100), (150, 237), (80, 117)], (102, 81, 37, 58))
([(11, 99), (162, 15), (133, 131)], (105, 176, 199, 64))
([(1, 194), (99, 65), (140, 11), (163, 200)], (84, 105, 233, 194))
([(166, 14), (43, 71), (137, 21), (138, 20), (134, 31), (113, 88)], (182, 18, 16, 154))
([(88, 177), (130, 134), (117, 164), (110, 115), (96, 16), (37, 155)], (172, 111, 124, 192))
([(66, 79), (129, 199), (83, 148)], (87, 188, 79, 162))
([(173, 33), (32, 238), (97, 163), (141, 113)], (118, 185, 85, 215))
([(76, 39), (75, 55), (155, 181)], (87, 134, 229, 231))
([(109, 189), (112, 211), (112, 211), (67, 208), (168, 161), (149, 59)], (182, 219, 175, 202))
([(39, 218), (129, 236), (137, 97), (68, 107)], (56, 248, 75, 52))
([(95, 190), (107, 11), (111, 174)], (144, 117, 43, 169))
([(62, 214), (33, 190), (75, 177), (82, 175)], (250, 102, 182, 206))
([(99, 11), (113, 46), (74, 64), (9, 93)], (109, 149, 74, 209))
([(25, 67), (84, 33), (84, 33), (87, 151)], (164, 99, 144, 33))
([(116, 162), (147, 229), (42, 105)], (178, 15, 246, 95))
([(42, 71), (178, 234), (118, 234), (9, 233)], (40, 173, 192, 161))
([(60, 230), (134, 80), (74, 38)], (214, 191, 107, 72))
([(58, 213), (78, 145), (176, 215)], (135, 178, 153, 141))
([(134, 148), (72, 79), (168, 23), (158, 8), (59, 45)], (199, 228, 107, 182))
([(78, 82), (64, 225), (133, 130)], (222, 200, 45, 227))
([(155, 79), (97, 12), (118, 55)], (56, 6, 127, 78))
([(33, 44), (0, 74), (27, 101), (112, 3), (134, 209)], (83, 4, 96, 115))
([(19, 1), (175, 190), (175, 190)], (173, 224, 220, 165))
([(55, 182), (142, 192), (119, 51), (130, 139)], (57, 125, 240, 48))
([(174, 216), (152, 166), (152, 166), (150, 162), (156, 158), (159, 156), (175, 146)], (173, 69, 90, 41))
([(126, 108), (91, 43), (96, 42), (178, 34), (162, 102), (162, 102), (26, 177)], (65, 128, 192, 168))
([(11, 13), (11, 209), (113, 211)], (158, 171, 66, 10))
([(85, 139), (29, 40), (6, 45), (67, 159)], (33, 215, 204, 99))
([(85, 190), (102, 168), (52, 158)], (16, 138, 124, 58))
([(93, 46), (132, 136), (134, 141), (66, 140)], (145, 14, 101, 225))
([(123, 98), (94, 95), (11, 86), (125, 210)], (220, 8, 163, 218))
([(3, 191), (85, 92), (111, 12)], (39, 147, 45, 90))
([(4, 217), (173, 99), (180, 26)], (148, 190, 60, 11))
([(133, 215), (141, 73), (88, 193)], (172, 216, 43, 79))
([(121, 215), (76, 233), (79, 56), (25, 81), (39, 220)], (164, 136, 241, 165))
([(102, 55), (30, 231), (96, 155), (104, 146), (110, 139)], (177, 105, 217, 63))
([(46, 239), (127, 47), (132, 35), (118, 18)], (6, 253, 131, 154))
([(54, 143), (4, 6), (166, 111)], (91, 77, 165, 203))
([(148, 201), (27, 182), (2, 178), (0, 151), (19, 160), (126, 127)], (199, 93, 155, 114))
([(14, 29), (88, 188), (170, 151), (170, 151), (71, 206)], (108, 171, 200, 100))
([(36, 190), (102, 155), (41, 107), (171, 182), (12, 145)], (49, 111, 220, 157))
([(53, 130), (63, 194), (171, 25), (95, 66)], (149, 239, 94, 102))
([(84, 62), (16, 11), (157, 215), (157, 7)], (237, 101, 250, 195))
([(3, 88), (27, 69), (109, 6), (116, 47), (137, 168), (113, 1)], (16, 63, 138, 13))
([(52, 49), (47, 139), (147, 9)], (62, 232, 61, 3))
([(162, 55), (148, 93), (20, 76)], (173, 28, 222, 50))
([(133, 138), (110, 185), (93, 219), (129, 235)], (214, 188, 172, 176))
([(135, 52), (173, 216), (57, 20), (121, 58), (137, 8), (140, 77)], (191, 141, 103, 68))
([(14, 237), (163, 235), (54, 135)], (178, 254, 119, 72))
([(35, 125), (54, 92), (55, 90)], (154, 91, 243, 27))
([(0, 53), (46, 57), (156, 68), (138, 99), (157, 195)], (100, 209, 142, 230))
([(11, 145), (123, 226), (112, 171), (94, 82)], (196, 188, 125, 170))
([(33, 52), (108, 181), (62, 47)], (128, 160, 199, 156))
([(59, 95), (23, 239), (49, 235), (89, 8)], (150, 120, 183, 88))
([(90, 132), (127, 43), (126, 110)], (199, 233, 202, 252))
([(146, 116), (39, 235), (73, 51), (130, 25), (91, 54), (37, 94)], (157, 235, 85, 35))
([(150, 98), (177, 119), (135, 129)], (247, 101, 174, 116))
([(140, 206), (141, 71), (73, 91)], (153, 183, 200, 214))
([(145, 30), (156, 194), (170, 106)], (238, 235, 173, 125))
([(177, 74), (155, 118), (53, 172)], (66, 152, 225, 111))
([(176, 111), (2, 130), (63, 168), (176, 60)], (176, 220, 219, 120))
([(166, 150), (163, 62), (162, 33), (96, 189)], (203, 163, 250, 78))
([(130, 203), (51, 43), (37, 15), (48, 71), (57, 117), (38, 198)], (41, 115, 161, 124))
([(43, 230), (46, 75), (14, 53), (133, 231)], (243, 97, 216, 246))
([(101, 180), (154, 174), (112, 187)], (89, 216, 4, 156))
([(39, 74), (179, 157), (117, 178)], (247, 225, 49, 11))
([(4, 153), (99, 138), (16, 179)], (98, 90, 142, 181))
([(135, 69), (144, 128), (155, 199), (143, 25)], (30, 192, 169, 87))
([(170, 208), (33, 99), (81, 144), (110, 20)], (82, 184, 181, 105))
([(70, 208), (92, 112), (167, 129)], (17, 207, 162, 34))
([(171, 6), (171, 6), (179, 101), (48, 207)], (223, 17, 227, 50))
([(5, 115), (118, 39), (44, 98)], (182, 9, 65, 179))
([(81, 106), (91, 99), (166, 71)], (169, 192, 87, 162))
([(62, 183), (157, 105), (149, 120)], (237, 145, 66, 0))
([(115, 231), (169, 68), (101, 51)], (130, 137, 233, 24))
([(27, 2), (84, 74), (91, 157), (94, 192)], (74, 24, 2, 12))
([(35, 75), (31, 23), (31, 23), (31, 23), (66, 130), (119, 203), (139, 81)], (135, 67, 96, 237))
([(45, 34), (84, 205), (146, 23)], (246, 238, 96, 1))
([(149, 132), (34, 56), (101, 203)], (213, 150, 157, 111))
([(174, 204), (126, 21), (25, 156)], (95, 254, 207, 14))
([(98, 170), (102, 3), (140, 7)], (244, 77, 197, 121))
([(176, 74), (175, 230), (34, 52)], (227, 135, 134, 145))
([(18, 103), (5, 0), (121, 96)], (249, 187, 127, 197))
([(56, 215), (133, 235), (80, 129), (59, 83)], (178, 180, 221, 87))
([(113, 233), (7, 228), (92, 166)], (202, 160, 205, 244))
([(75, 237), (76, 72), (160, 143), (27, 100)], (33, 180, 122, 73))
([(162, 146), (108, 197), (150, 137)], (172, 50, 161, 34))
([(89, 69), (118, 177), (5, 157)], (144, 187, 135, 154))
([(125, 157), (157, 17), (14, 38), (4, 27), (16, 170)], (254, 182, 170, 98))
([(164, 217), (19, 230), (89, 191)], (177, 36, 241, 229))
([(70, 159), (153, 225), (79, 110)], (244, 233, 70, 195))
([(93, 112), (32, 82), (42, 121), (46, 137), (23, 73), (109, 228)], (129, 156, 247, 115))
([(145, 85), (136, 123), (123, 179)], (193, 151, 86, 78))
([(45, 69), (41, 123), (33, 230), (137, 218)], (226, 236, 38, 69))
([(53, 26), (37, 153), (129, 42)], (161, 32, 67, 110))
([(150, 23), (150, 23), (98, 19), (12, 166)], (118, 53, 44, 228))
([(134, 76), (172, 65), (153, 3)], (121, 160, 10, 61))
([(11, 64), (126, 199), (53, 74)], (156, 55, 245, 127))
([(6, 43), (35, 63), (68, 85), (172, 74)], (80, 49, 115, 67))
([(167, 227), (102, 175), (65, 148)], (18, 221, 164, 58))
([(141, 2), (101, 26), (87, 1), (3, 2)], (29, 23, 218, 49))
([(35, 145), (85, 168), (15, 229)], (95, 7, 178, 213))
([(171, 32), (163, 29), (86, 201)], (171, 113, 111, 84))
([(88, 1), (6, 47), (70, 65), (176, 19)], (218, 29, 118, 183))
([(30, 81), (101, 80), (58, 166), (100, 136), (163, 90)], (164, 75, 18, 140))
([(132, 228), (29, 83), (65, 111), (97, 136), (108, 64)], (200, 170, 250, 248))
([(79, 196), (85, 190), (83, 189), (32, 160)], (237, 253, 178, 21))
([(70, 115), (74, 124), (84, 147), (128, 97), (33, 43), (26, 171)], (167, 14, 166, 6))
([(92, 84), (24, 237), (81, 207)], (206, 230, 113, 189))
([(51, 170), (38, 191), (22, 217), (40, 136), (39, 135)], (7, 5, 197, 77))
([(29, 28), (109, 140), (176, 68)], (225, 40, 78, 116))
([(58, 199), (119, 136), (56, 89)], (252, 240, 131, 204))
([(178, 163), (9, 177), (45, 97)], (238, 87, 132, 215))
([(10, 88), (130, 1), (62, 117), (178, 195), (100, 137)], (202, 30, 182, 10))
([(147, 179), (71, 191), (168, 76)], (239, 7, 131, 109))
([(20, 136), (13, 150), (92, 113), (76, 98), (63, 85), (34, 58)], (194, 4, 55, 23))
([(3, 85), (169, 94), (54, 207), (82, 215), (105, 38), (1, 166)], (235, 238, 248, 122))
([(82, 162), (179, 169), (179, 109), (179, 109), (120, 27), (147, 117), (27, 52)], (153, 52, 2, 132))
([(62, 214), (88, 94), (81, 144), (162, 201)], (52, 160, 253, 123))
([(35, 62), (162, 191), (58, 237)], (168, 80, 233, 83))
([(83, 114), (128, 64), (145, 34), (79, 72)], (94, 58, 20, 75))
([(12, 190), (9, 96), (0, 3), (82, 76), (86, 115), (87, 125)], (96, 252, 204, 202))
([(13, 81), (8, 63), (142, 165)], (213, 57, 96, 79))
([(33, 110), (139, 42), (91, 71), (74, 68), (171, 238), (77, 67)], (186, 249, 114, 74))
([(98, 161), (107, 21), (73, 27)], (133, 92, 3, 23))
([(71, 154), (0, 226), (122, 48), (102, 152)], (101, 41, 168, 221))
([(56, 32), (164, 204), (0, 225)], (197, 219, 107, 132))
([(104, 5), (122, 29), (59, 136)], (83, 223, 72, 214))
([(93, 23), (135, 22), (42, 156), (39, 160), (0, 216)], (233, 10, 204, 100))
([(60, 43), (134, 47), (91, 116)], (68, 48, 35, 147))
([(71, 14), (59, 142), (38, 136)], (165, 61, 91, 11))
([(25, 54), (88, 19), (42, 137)], (228, 19, 79, 48))
([(70, 178), (51, 38), (120, 146)], (253, 18, 238, 33))
([(99, 234), (49, 183), (64, 166), (50, 32)], (237, 233, 197, 137))
([(149, 171), (119, 179), (52, 127)], (200, 102, 31, 189))
([(81, 217), (100, 87), (82, 236), (27, 195)], (201, 158, 172, 138))
([(8, 45), (175, 195), (165, 23)], (255, 51, 29, 162))
([(116, 70), (110, 97), (141, 5), (97, 3), (113, 233)], (255, 55, 62, 17))
([(119, 129), (109, 139), (57, 193), (147, 174), (28, 45), (62, 61), (70, 65)], (174, 54, 205, 10))
([(68, 135), (34, 12), (51, 154), (149, 220)], (240, 40, 215, 210))
([(159, 38), (42, 200), (49, 80)], (201, 56, 100, 192))
([(145, 216), (78, 227), (78, 227), (78, 227), (13, 57), (164, 23), (51, 91)], (207, 190, 13, 57))
([(4, 52), (4, 52), (4, 52), (95, 117), (132, 18)], (199, 206, 34, 89))
([(87, 112), (97, 112), (123, 113), (125, 113), (176, 190)], (235, 5, 118, 14))
([(148, 125), (34, 112), (96, 92)], (111, 0, 175, 32))
([(163, 87), (36, 207), (135, 7)], (215, 73, 82, 148))
([(66, 42), (53, 104), (35, 191), (56, 109), (49, 128)], (223, 130, 146, 214))
([(158, 174), (60, 94), (150, 228)], (238, 17, 211, 24))
([(100, 217), (100, 217), (85, 19), (170, 111)], (239, 204, 97, 5))
