([(120, 110), (30, 178), (77, 102), (36, 220), (72, 196)], (44, 69, 171, 43))
([(52, 154), (161, 200), (138, 81), (172, 97)], (58, 42, 145, 70))
([(166, 150), (162, 33), (96, 189), (72, 92)], (203, 163, 250, 78))
([(167, 81), (128, 7), (42, 61), (22, 64)], (19, 99, 0, 180))
([(33, 52), (108, 181), (62, 47)], (128, 160, 200, 148))
([(55, 38), (104, 176), (150, 214), (127, 222)], (250, 222, 136, 249))
([(45, 85), (168, 141), (64, 6)], (161, 151, 35, 244))
([(154, 236), (141, 190), (145, 122), (150, 37), (165, 141)], (115, 65, 238, 209))
([(6, 99), (140, 141), (46, 223)], (153, 18, 100, 127))
([(108, 106), (145, 74), (174, 119), (148, 81), (126, 99), (86, 132), (153, 4)], (26, 100, 7, 238))
([(66, 79), (60, 122), (83, 148), (92, 158)], (87, 188, 104, 1))
([(14, 20), (78, 20), (92, 104), (8, 112), (60, 84)], (166, 38, 154, 242))
([(28, 224), (103, 11), (161, 208)], (250, 160, 26, 167))
([(30, 86), (140, 227), (152, 9)], (130, 196, 178, 123))
([(40, 210), (43, 206), (81, 150), (102, 133), (49, 22), (173, 226), (58, 158)], (234, 22, 61, 32))
([(106, 38), (132, 57), (0, 113)], (17, 93, 35, 155))
([(101, 84), (14, 187), (65, 158), (146, 83)], (178, 205, 11, 74))
([(106, 92), (161, 19), (101, 158)], (191, 137, 170, 142))
([(20, 201), (30, 187), (42, 200), (55, 215), (128, 130), (108, 206)], (39, 173, 38, 79))
([(172, 14), (151, 234), (116, 56)], (149, 38, 207, 147))
([(17, 179), (167, 55), (94, 170), (115, 118), (135, 68)], (12, 101, 145, 119))
([(95, 104), (72, 30), (98, 197), (38, 181)], (157, 225, 232, 37))
([(5, 174), (149, 96), (54, 92), (41, 92), (47, 115), (10, 54)], (58, 181, 82, 97))
([(13, 72), (168, 40), (101, 142)], (149, 1, 33, 51))
([(48, 220), (134, 104), (16, 202), (113, 235)], (195, 27, 50, 134))
([(79, 70), (141, 155), (102, 18), (108, 139)], (100, 129, 40, 15))
([(178, 166), (134, 91), (173, 210), (178, 211)], (178, 20, 189, 228))
([(63, 205), (121, 70), (54, 118)], (62, 71, 176, 80))
([(17, 164), (38, 212), (124, 114), (146, 89)], (185, 254, 27, 208))
([(13, 56), (24, 139), (178, 237), (61, 227)], (75, 90, 94, 193))
([(94, 146), (94, 146), (129, 204)], (31, 82, 95, 27))
([(124, 191), (30, 114), (89, 56), (15, 103)], (183, 49, 187, 121))
([(97, 233), (76, 87), (66, 110), (27, 202)], (45, 139, 88, 248))
([(146, 219), (12, 0), (79, 6)], (243, 148, 190, 44))
([(39, 155), (70, 154), (84, 153), (35, 222), (29, 208), (19, 186)], (150, 54, 95, 40))
([(139, 37), (145, 156), (149, 88)], (173, 204, 240, 99))
([(24, 1), (87, 188), (23, 179)], (138, 120, 214, 97))
([(21, 207), (77, 128), (54, 82)], (198, 28, 143, 79))
([(129, 26), (61, 189), (60, 80), (155, 134), (16, 47)], (4, 25, 74, 158))
([(0, 123), (22, 89), (170, 112)], (112, 80, 246, 199))
([(95, 160), (116, 134), (96, 68)], (171, 165, 84, 185))
([(68, 193), (25, 162), (108, 5)], (41, 248, 207, 95))
([(60, 173), (62, 172), (69, 168), (73, 166), (143, 139)], (170, 122, 2, 188))
([(131, 194), (95, 165), (64, 140), (51, 161), (115, 93)], (13, 32, 49, 213))
([(116, 222), (104, 202), (101, 197), (80, 161), (84, 42)], (140, 74, 144, 130))
([(33, 44), (17, 76), (77, 144), (134, 209)], (83, 4, 96, 115))
([(1, 39), (50, 139), (128, 99), (126, 102), (115, 120)], (203, 87, 119, 59))
([(24, 50), (119, 163), (94, 82)], (196, 188, 125, 170))
([(174, 153), (128, 35), (126, 38), (112, 55), (27, 160), (169, 133), (27, 144)], (118, 156, 249, 3))
([(71, 14), (59, 142), (55, 184), (38, 136)], (48, 61, 91, 11))
([(29, 238), (152, 178), (109, 217), (97, 228)], (84, 126, 43, 221))
([(127, 22), (7, 98), (77, 155), (166, 174), (115, 225)], (147, 126, 252, 86))
([(67, 205), (130, 8), (71, 103), (7, 206), (22, 207)], (155, 166, 227, 171))
([(114, 202), (108, 30), (73, 115), (148, 180)], (113, 189, 168, 53))
([(149, 84), (73, 23), (86, 212)], (49, 191, 141, 29))
([(33, 190), (67, 2), (31, 58)], (125, 228, 53, 100))
([(18, 216), (72, 85), (108, 179), (36, 132)], (152, 212, 248, 248))
([(59, 115), (125, 200), (134, 237)], (199, 28, 43, 147))
([(107, 160), (52, 146), (47, 105)], (69, 164, 116, 239))
([(78, 82), (121, 125), (64, 225), (133, 130)], (222, 200, 45, 118))
([(63, 3), (180, 207), (145, 175), (145, 175), (146, 45), (15, 229)], (222, 188, 236, 1))
([(149, 6), (138, 206), (106, 52), (151, 184), (171, 224)], (15, 215, 49, 253))
([(1, 146), (79, 153), (158, 103), (17, 45)], (135, 44, 101, 67))
([(171, 13), (93, 166), (98, 221)], (133, 176, 178, 76))
([(64, 158), (43, 67), (114, 120), (112, 129)], (158, 158, 116, 73))
([(114, 45), (62, 211), (111, 213), (21, 28)], (93, 0, 94, 146))
([(98, 234), (35, 145), (31, 137)], (146, 55, 85, 242))
([(56, 157), (63, 129), (7, 26), (1, 15), (48, 141)], (158, 109, 204, 41))
([(83, 114), (108, 128), (35, 182), (35, 75), (35, 75)], (12, 33, 118, 156))
([(52, 193), (40, 116), (40, 116), (28, 167), (60, 43), (94, 174)], (11, 190, 197, 88))
([(146, 103), (11, 108), (143, 71)], (158, 11, 131, 90))
([(120, 157), (9, 118), (165, 163)], (13, 138, 100, 207))
([(126, 94), (109, 34), (57, 227), (1, 147)], (50, 229, 110, 246))
([(78, 239), (45, 111), (96, 2), (70, 1), (10, 0)], (238, 128, 94, 210))
([(57, 163), (97, 160), (85, 52)], (252, 91, 31, 203))
([(88, 61), (96, 136), (62, 67), (87, 206)], (158, 77, 88, 170))
([(25, 67), (84, 33), (84, 33), (84, 33), (87, 151)], (164, 99, 144, 33))
([(130, 12), (18, 206), (104, 135)], (158, 186, 220, 210))
([(176, 24), (60, 228), (166, 20)], (106, 41, 171, 213))
([(34, 2), (20, 16), (144, 155)], (129, 214, 180, 255))
([(147, 2), (13, 234), (149, 132)], (246, 37, 210, 124))
([(134, 239), (149, 156), (147, 88), (84, 158), (14, 236), (92, 38)], (14, 17, 143, 161))
([(118, 148), (57, 25), (45, 1), (23, 184), (18, 100), (36, 38), (80, 117)], (102, 81, 37, 58))
([(11, 99), (162, 15), (133, 131)], (105, 176, 199, 184))
([(1, 194), (140, 11), (163, 200)], (84, 105, 233, 194))
([(113, 233), (169, 29), (92, 166)], (202, 160, 205, 244))
([(49, 169), (134, 234), (25, 193), (125, 235)], (85, 96, 18, 68))
([(166, 14), (43, 71), (138, 20), (113, 88)], (182, 18, 16, 154))
([(173, 33), (32, 238), (97, 163), (141, 113)], (118, 206, 85, 215))
([(76, 39), (75, 55), (64, 230), (42, 100)], (87, 134, 229, 231))
([(109, 189), (112, 211), (112, 211), (67, 208), (168, 161), (149, 59), (140, 85)], (182, 37, 159, 202))
([(39, 218), (129, 236), (65, 204), (137, 97), (68, 107)], (56, 248, 75, 52))
([(19, 238), (55, 43), (131, 166), (175, 110)], (209, 62, 56, 21))
([(155, 68), (95, 190), (35, 173), (111, 174)], (253, 19, 43, 20))
([(99, 11), (113, 46), (132, 151), (9, 93)], (109, 149, 74, 209))
([(116, 162), (147, 229), (42, 105)], (178, 15, 246, 95))
([(56, 82), (178, 234), (118, 234), (9, 233)], (40, 173, 192, 161))
([(61, 133), (119, 179), (52, 127)], (200, 102, 31, 189))
([(101, 156), (152, 137), (43, 172), (144, 165)], (38, 26, 102, 5))
([(0, 89), (118, 170), (2, 225)], (167, 32, 100, 123))
([(155, 79), (97, 12), (118, 55), (125, 69)], (56, 6, 127, 78))
([(55, 182), (142, 192), (164, 103), (130, 139), (113, 157)], (57, 125, 240, 48))
([(126, 108), (91, 43), (96, 42), (178, 34), (162, 102), (162, 102), (26, 177)], (65, 239, 192, 168))
([(11, 13), (11, 209), (113, 211)], (158, 171, 66, 10))
([(85, 139), (10, 21), (6, 45), (67, 159)], (33, 215, 204, 99))
([(62, 214), (33, 190), (82, 175)], (250, 102, 182, 205))
([(85, 190), (102, 168), (52, 158)], (17, 138, 244, 58))
([(104, 4), (65, 154), (85, 92), (111, 12)], (39, 147, 61, 90))
([(4, 217), (173, 99), (180, 26)], (148, 190, 60, 11))
([(29, 28), (109, 140), (176, 68)], (225, 40, 78, 50))
([(121, 215), (125, 26), (79, 56), (25, 81), (39, 220)], (164, 136, 241, 165))
([(102, 55), (30, 231), (110, 139)], (177, 105, 217, 63))
([(46, 239), (142, 11), (118, 18)], (6, 182, 131, 154))
([(61, 124), (7, 159), (155, 81), (35, 59), (10, 54)], (45, 198, 192, 94))
([(54, 143), (4, 6), (166, 111)], (83, 77, 165, 203))
([(148, 201), (2, 178), (0, 151), (19, 160), (126, 127)], (32, 93, 155, 114))
([(53, 130), (63, 194), (171, 25), (153, 35), (95, 66)], (149, 239, 126, 102))
([(84, 62), (16, 11), (157, 215), (157, 7)], (237, 101, 250, 168))
([(88, 1), (6, 47), (70, 65), (176, 19)], (218, 29, 118, 183))
([(3, 88), (109, 6), (162, 66), (113, 1)], (16, 63, 138, 13))
([(52, 49), (47, 139), (147, 9)], (62, 232, 61, 3))
([(162, 55), (148, 93), (126, 90), (20, 76)], (173, 28, 222, 50))
([(19, 1), (175, 190), (175, 190)], (173, 224, 220, 165))
([(107, 78), (103, 131), (81, 47), (106, 166)], (119, 53, 13, 119))
([(101, 129), (3, 32), (49, 67), (160, 150), (129, 158)], (47, 252, 199, 203))
([(133, 138), (93, 219), (129, 235)], (165, 188, 30, 237))
([(135, 52), (173, 216), (57, 20), (121, 58), (137, 8), (137, 117)], (191, 141, 103, 68))
([(14, 237), (163, 235), (39, 153)], (178, 121, 119, 72))
([(85, 18), (39, 61), (140, 155), (29, 200), (5, 218)], (76, 59, 54, 162))
([(32, 89), (55, 90), (65, 7)], (2, 91, 243, 27))
([(157, 150), (46, 75), (14, 53), (133, 231)], (243, 97, 216, 246))
([(111, 3), (91, 195), (73, 90)], (201, 233, 193, 202))
([(12, 55), (0, 53), (58, 81), (138, 99), (157, 195)], (100, 209, 142, 230))
([(59, 95), (23, 239), (49, 235), (89, 8)], (150, 29, 183, 88))
([(90, 132), (127, 43), (126, 110)], (199, 233, 202, 252))
([(146, 116), (39, 235), (101, 2), (73, 51), (130, 25), (91, 54), (37, 94), (25, 103)], (157, 235, 153, 35))
([(164, 217), (19, 230), (89, 191)], (177, 36, 241, 229))
([(140, 206), (141, 71), (101, 83), (73, 91)], (153, 183, 191, 214))
([(79, 214), (81, 91), (92, 85), (113, 74)], (165, 121, 98, 62))
([(145, 30), (24, 115), (170, 106)], (238, 235, 173, 125))
([(177, 74), (155, 118), (53, 172)], (66, 156, 225, 142))
([(18, 103), (5, 0), (121, 96)], (249, 187, 127, 197))
([(36, 190), (102, 155), (41, 107), (4, 154), (12, 145)], (49, 111, 220, 157))
([(176, 111), (2, 130), (63, 168), (153, 87), (176, 60)], (176, 220, 219, 32))
([(150, 83), (160, 41), (62, 101), (31, 237), (164, 1)], (63, 39, 151, 141))
([(130, 203), (37, 15), (57, 117), (38, 198)], (41, 115, 161, 124))
([(101, 180), (47, 235), (112, 187)], (89, 216, 4, 156))
([(39, 74), (60, 37), (117, 178), (108, 165)], (247, 225, 49, 179))
([(4, 153), (164, 105), (99, 138), (16, 179)], (98, 90, 142, 181))
([(7, 204), (4, 217), (92, 123)], (149, 12, 33, 65))
([(3, 85), (172, 94), (82, 215), (105, 38), (1, 166)], (235, 238, 248, 80))
([(150, 98), (177, 119), (135, 129)], (247, 101, 174, 116))
([(135, 69), (144, 128), (155, 199), (143, 25), (172, 197)], (30, 192, 169, 87))
([(121, 62), (170, 208), (33, 99), (81, 144), (110, 20)], (82, 184, 181, 105))
([(70, 208), (92, 112), (167, 129)], (17, 35, 162, 34))
([(171, 6), (84, 50), (48, 207)], (223, 17, 227, 50))
([(81, 106), (91, 99), (166, 71)], (169, 192, 87, 28))
([(62, 183), (11, 101), (168, 224)], (237, 22, 66, 0))
([(168, 110), (24, 81), (16, 171)], (189, 210, 109, 105))
([(157, 100), (145, 85), (123, 179)], (193, 151, 86, 78))
([(115, 231), (169, 68), (101, 51)], (130, 137, 233, 24))
([(27, 2), (84, 74), (94, 192)], (74, 24, 2, 12))
([(35, 75), (31, 23), (31, 23), (31, 23), (66, 130), (119, 203), (139, 81)], (135, 67, 96, 237))
([(70, 178), (51, 38), (120, 146)], (253, 18, 238, 33))
([(45, 34), (12, 106), (84, 205), (146, 23)], (137, 238, 190, 1))
([(149, 132), (34, 56), (101, 203)], (213, 150, 129, 82))
([(174, 204), (126, 21), (25, 156)], (95, 254, 207, 14))
([(93, 46), (134, 141), (66, 140)], (145, 14, 101, 225))
([(113, 39), (102, 3), (140, 7)], (244, 77, 201, 121))
([(176, 74), (176, 74), (175, 230), (34, 52)], (227, 135, 134, 145))
([(152, 21), (63, 139), (137, 117)], (114, 151, 97, 103))
([(132, 228), (29, 83), (97, 136), (86, 139)], (200, 170, 250, 196))
([(177, 179), (56, 215), (133, 235), (80, 129), (59, 83)], (178, 180, 191, 87))
([(75, 237), (76, 72), (160, 143), (27, 100)], (33, 180, 122, 73))
([(133, 215), (141, 73), (120, 33), (142, 76), (88, 193)], (172, 216, 43, 222))
([(34, 154), (108, 197), (150, 137)], (172, 50, 120, 34))
([(127, 35), (176, 139), (28, 111)], (131, 175, 211, 167))
([(5, 115), (118, 39), (44, 98)], (182, 9, 65, 179))
([(138, 180), (70, 159), (153, 225), (13, 62)], (244, 233, 70, 195))
([(82, 234), (107, 215), (118, 207), (142, 173), (71, 136), (8, 52)], (153, 140, 71, 216))
([(151, 228), (93, 112), (32, 82), (40, 129), (23, 73), (109, 228)], (129, 156, 102, 115))
([(45, 69), (33, 230), (137, 218)], (226, 236, 27, 69))
([(177, 116), (53, 26), (37, 153), (129, 42)], (161, 32, 67, 95))
([(150, 23), (150, 23), (98, 19), (12, 166)], (118, 53, 44, 228))
([(134, 76), (172, 65), (153, 3)], (121, 160, 10, 61))
([(144, 2), (126, 166), (57, 91), (11, 41)], (106, 2, 110, 45))
([(68, 223), (69, 98), (163, 14)], (162, 28, 204, 92))
([(89, 69), (20, 16), (118, 177), (5, 157)], (144, 163, 135, 154))
([(11, 64), (126, 199), (53, 74)], (156, 55, 245, 14))
([(167, 227), (102, 175), (65, 148)], (18, 221, 164, 58))
([(103, 88), (107, 131), (8, 190)], (40, 99, 27, 143))
([(141, 2), (101, 26), (87, 1), (3, 2)], (29, 23, 218, 49))
([(171, 32), (163, 29), (86, 201)], (171, 81, 110, 84))
([(35, 145), (119, 139), (15, 229)], (95, 7, 178, 213))
([(37, 65), (46, 239), (93, 167)], (250, 30, 166, 208))
([(30, 81), (101, 80), (58, 166), (163, 90)], (164, 75, 18, 140))
([(123, 98), (94, 95), (11, 86), (125, 210)], (220, 8, 163, 218))
([(79, 196), (85, 190), (32, 160)], (174, 253, 178, 21))
([(106, 180), (70, 115), (84, 147), (128, 97), (33, 43), (118, 8)], (167, 14, 166, 6))
([(162, 59), (98, 50), (168, 126), (81, 207)], (206, 230, 113, 189))
([(51, 170), (22, 217), (44, 141), (40, 136), (39, 135)], (7, 5, 197, 77))
([(58, 213), (17, 196), (78, 145), (176, 215)], (135, 178, 153, 141))
([(88, 177), (130, 134), (117, 164), (96, 16), (37, 155)], (172, 111, 124, 238))
([(178, 163), (9, 177), (52, 85), (78, 29)], (238, 87, 55, 215))
([(98, 161), (107, 21), (73, 27)], (133, 92, 3, 23))
([(150, 127), (93, 54), (178, 154)], (102, 74, 191, 252))
([(10, 88), (124, 59), (62, 117), (178, 195), (100, 137)], (202, 30, 182, 87))
([(147, 179), (71, 191), (168, 76)], (239, 7, 131, 109))
([(20, 136), (13, 150), (92, 113), (34, 58)], (194, 4, 55, 23))
([(68, 168), (177, 2), (141, 151)], (91, 51, 88, 198))
([(82, 162), (179, 169), (179, 109), (120, 27), (147, 117), (27, 52)], (153, 52, 2, 132))
([(62, 214), (88, 94), (134, 161), (162, 201)], (52, 160, 253, 123))
([(35, 62), (162, 191), (2, 104)], (168, 80, 233, 83))
([(39, 40), (76, 6), (175, 195), (165, 23)], (255, 51, 29, 162))
([(14, 29), (88, 188), (170, 151), (170, 151), (71, 206)], (108, 171, 200, 100))
([(83, 114), (128, 64), (159, 30), (145, 34), (79, 72)], (94, 58, 20, 101))
([(10, 198), (65, 160), (34, 101), (47, 182)], (78, 219, 163, 78))
([(125, 157), (34, 59), (4, 27), (16, 170)], (254, 182, 32, 98))
([(6, 43), (35, 63), (68, 85), (164, 98), (172, 74)], (80, 136, 115, 67))
([(12, 190), (9, 96), (0, 3), (82, 76), (87, 125)], (96, 252, 204, 202))
([(34, 178), (10, 25), (158, 11)], (176, 187, 99, 80))
([(13, 81), (8, 63), (142, 165)], (213, 57, 96, 79))
([(33, 110), (139, 42), (91, 71), (74, 68), (171, 238), (77, 67)], (186, 249, 114, 175))
([(167, 148), (130, 173), (39, 216)], (160, 108, 76, 92))
([(103, 81), (139, 100), (97, 71), (44, 116), (121, 201), (98, 190), (56, 171)], (112, 70, 3, 208))
([(88, 48), (163, 9), (49, 80)], (201, 56, 100, 192))
([(134, 148), (72, 79), (168, 23), (158, 8), (68, 226), (59, 45)], (199, 228, 107, 182))
([(71, 154), (0, 226), (122, 48), (102, 152)], (101, 41, 168, 237))
([(56, 32), (164, 204), (0, 225)], (197, 219, 107, 152))
([(93, 23), (135, 22), (42, 156), (0, 216)], (233, 10, 204, 100))
([(115, 220), (1, 19), (60, 43), (136, 133), (144, 195), (128, 63)], (68, 48, 35, 171))
([(25, 54), (88, 19), (113, 5)], (228, 19, 79, 48))
([(99, 234), (49, 183), (64, 166), (50, 32)], (237, 233, 197, 137))
([(174, 216), (150, 162), (156, 158), (159, 156), (175, 146)], (173, 69, 90, 41))
([(81, 217), (103, 66), (82, 236), (32, 182), (27, 195)], (201, 158, 172, 2))
([(116, 70), (110, 97), (107, 111), (141, 5), (97, 3), (113, 233)], (255, 55, 62, 17))
([(58, 199), (119, 136), (56, 89)], (252, 240, 131, 204))
([(119, 129), (57, 193), (147, 174), (28, 45), (70, 65)], (174, 54, 205, 133))
([(68, 135), (34, 12), (51, 154), (149, 220)], (240, 40, 215, 213))
([(145, 216), (78, 227), (13, 57), (164, 23), (51, 91)], (207, 190, 13, 57))
([(4, 52), (4, 52), (95, 117), (132, 18)], (199, 206, 34, 89))
([(87, 112), (125, 113), (176, 190)], (235, 5, 118, 14))
([(148, 125), (34, 112), (96, 92)], (111, 213, 175, 32))
([(60, 109), (164, 33), (117, 114), (108, 130)], (127, 222, 106, 80))
([(163, 87), (36, 207), (135, 7)], (215, 73, 82, 148))
([(66, 42), (53, 104), (35, 191), (56, 109), (49, 128), (74, 151)], (223, 130, 146, 214))
([(98, 143), (122, 29), (59, 136), (158, 93), (41, 67)], (83, 223, 72, 214))
([(158, 174), (60, 94), (150, 228)], (238, 17, 211, 24))
([(100, 217), (85, 19), (170, 111)], (187, 204, 97, 70))
([(60, 230), (134, 80), (74, 38)], (214, 191, 107, 72))
