([(52, 154), (63, 191), (121, 229), (172, 97)], (154, 42, 145, 70))
([(60, 230), (49, 170), (20, 231)], (214, 191, 107, 6))
([(60, 43), (107, 167), (91, 116)], (68, 48, 35, 147))
([(58, 24), (84, 205), (27, 138)], (204, 238, 96, 1))
([(132, 136), (154, 185), (155, 187)], (131, 14, 101, 225))
([(134, 239), (149, 156), (105, 134), (14, 236)], (33, 219, 143, 199))
([(108, 106), (145, 74), (174, 119), (159, 110), (146, 100), (91, 129), (86, 132), (153, 4)], (26, 76, 133, 216))
([(30, 86), (97, 172), (140, 227), (5, 217)], (80, 196, 178, 123))
([(107, 78), (108, 48), (14, 55)], (73, 53, 122, 119))
([(18, 216), (18, 23), (93, 169)], (152, 81, 248, 248))
([(63, 3), (180, 207), (145, 175), (145, 175), (145, 175), (87, 175), (15, 229)], (222, 188, 229, 1))
([(135, 52), (150, 117), (57, 20), (137, 8)], (191, 141, 103, 68))
([(82, 237), (38, 163), (33, 230)], (245, 37, 103, 69))
([(130, 59), (110, 50), (86, 39), (12, 3)], (235, 137, 233, 24))
([(172, 14), (151, 234), (147, 214), (147, 214), (131, 132), (116, 56)], (149, 38, 207, 189))
([(158, 174), (5, 229), (83, 228), (150, 228)], (238, 17, 211, 24))
([(167, 55), (94, 170), (94, 170), (104, 145), (115, 118)], (170, 101, 145, 197))
([(150, 172), (154, 120), (160, 41), (62, 101), (84, 111), (161, 6), (164, 1)], (63, 39, 126, 141))
([(5, 174), (38, 156), (149, 96), (38, 56), (23, 55), (10, 54)], (76, 181, 82, 139))
([(20, 201), (150, 66), (166, 52)], (39, 173, 4, 88))
([(35, 75), (32, 36), (45, 51), (31, 23), (66, 130), (39, 39), (84, 157)], (135, 149, 96, 60))
([(100, 125), (93, 74), (11, 64)], (158, 29, 186, 10))
([(64, 216), (60, 149), (118, 177), (5, 157)], (144, 187, 135, 226))
([(32, 47), (139, 37), (145, 156), (106, 182), (27, 236)], (80, 204, 240, 204))
([(48, 220), (70, 16), (113, 235)], (195, 27, 104, 134))
([(154, 236), (141, 190), (150, 37), (165, 141)], (133, 65, 238, 247))
([(133, 236), (119, 9), (155, 174), (57, 235)], (167, 14, 166, 6))
([(33, 190), (66, 173), (31, 58)], (126, 46, 53, 231))
([(101, 156), (139, 71), (65, 149), (43, 172)], (84, 26, 102, 221))
([(120, 157), (27, 124), (9, 118), (49, 236)], (246, 138, 213, 207))
([(161, 238), (155, 118), (145, 169)], (200, 152, 225, 111))
([(178, 166), (145, 110), (62, 169), (134, 91), (173, 210), (178, 211)], (178, 230, 189, 228))
([(98, 234), (46, 161), (35, 145), (94, 115)], (146, 55, 111, 242))
([(63, 205), (66, 38), (34, 19)], (62, 71, 33, 80))
([(120, 110), (126, 91), (64, 139), (66, 200)], (44, 69, 171, 39))
([(32, 25), (178, 237), (71, 228), (61, 227)], (75, 90, 239, 193))
([(104, 5), (122, 29), (59, 136)], (83, 223, 72, 99))
([(152, 21), (97, 39), (112, 74), (63, 139)], (114, 151, 90, 101))
([(46, 239), (110, 87), (132, 35)], (6, 253, 206, 154))
([(0, 89), (141, 40), (40, 174), (2, 225)], (167, 47, 100, 204))
([(4, 153), (65, 143), (99, 138), (16, 179)], (166, 90, 142, 181))
([(25, 159), (102, 168), (164, 125)], (16, 138, 147, 225))
([(68, 193), (105, 117), (108, 5)], (41, 248, 207, 58))
([(141, 2), (96, 7), (87, 1)], (29, 23, 218, 49))
([(133, 215), (75, 106), (85, 211)], (172, 216, 43, 79))
([(127, 35), (174, 229), (175, 139)], (131, 230, 211, 185))
([(7, 159), (57, 129), (62, 126), (2, 19)], (73, 198, 192, 206))
([(103, 88), (107, 131), (29, 177), (8, 190)], (40, 99, 27, 143))
([(3, 32), (49, 67), (160, 150), (97, 205), (82, 218)], (139, 252, 199, 235))
([(29, 238), (73, 217), (90, 219), (98, 220), (106, 220), (97, 228)], (84, 126, 238, 221))
([(113, 233), (7, 228), (51, 26)], (202, 227, 205, 244))
([(9, 17), (116, 216), (148, 180)], (186, 134, 218, 55))
([(130, 12), (18, 206), (111, 48)], (158, 16, 80, 210))
([(159, 37), (35, 75), (137, 150)], (38, 33, 118, 96))
([(92, 74), (68, 211), (125, 235)], (85, 251, 18, 85))
([(32, 82), (180, 118), (179, 197), (179, 197)], (160, 191, 141, 235))
([(97, 233), (76, 87), (66, 110)], (45, 139, 123, 117))
([(39, 74), (167, 16), (114, 17)], (247, 225, 49, 15))
([(65, 157), (56, 103), (88, 226)], (35, 82, 188, 116))
([(113, 29), (116, 47), (114, 16), (113, 1), (113, 1)], (16, 231, 138, 84))
([(53, 104), (35, 191), (49, 128)], (142, 130, 146, 25))
([(43, 206), (49, 22), (173, 226)], (234, 143, 61, 216))
([(6, 99), (7, 99), (37, 109), (93, 108), (46, 223)], (198, 128, 100, 225))
([(170, 208), (91, 145), (33, 99), (81, 144), (110, 20)], (157, 184, 181, 105))
([(66, 79), (129, 199), (83, 148)], (87, 188, 79, 162))
([(37, 65), (46, 239), (35, 218)], (250, 30, 166, 208))
([(24, 54), (16, 11), (157, 215), (157, 7)], (237, 101, 250, 195))
([(61, 189), (61, 189), (59, 173), (46, 68), (31, 56)], (4, 25, 74, 159))
([(176, 111), (2, 130), (129, 57), (176, 60)], (176, 220, 219, 120))
([(135, 89), (123, 142), (114, 181), (112, 171), (96, 92)], (255, 0, 175, 85))
([(10, 198), (34, 101), (47, 182)], (78, 171, 163, 78))
([(39, 218), (119, 234), (129, 236)], (105, 248, 75, 52))
([(0, 53), (46, 57), (99, 86), (146, 119), (157, 195)], (100, 209, 142, 230))
([(59, 115), (68, 203), (134, 237)], (199, 28, 224, 147))
([(111, 3), (98, 128), (82, 142), (73, 90)], (201, 233, 193, 94))
([(173, 33), (11, 106), (38, 231), (141, 113)], (60, 185, 85, 153))
([(176, 24), (75, 235), (166, 20)], (106, 41, 171, 154))
([(126, 108), (91, 43), (178, 34), (164, 134), (164, 134), (162, 102), (26, 177)], (161, 128, 182, 221))
([(104, 61), (174, 32), (157, 73), (133, 130)], (147, 200, 3, 227))
([(149, 6), (138, 206), (106, 52), (135, 137), (151, 184), (171, 224)], (15, 215, 101, 253))
([(0, 189), (140, 155), (29, 200), (5, 218)], (76, 59, 120, 251))
([(173, 59), (28, 174), (26, 173), (158, 11)], (203, 206, 99, 80))
([(54, 143), (4, 6), (166, 111)], (91, 77, 165, 203))
([(26, 219), (132, 57), (0, 113)], (28, 215, 121, 155))
([(149, 38), (5, 92), (103, 111)], (183, 49, 239, 146))
([(1, 146), (40, 165), (17, 45)], (135, 216, 101, 153))
([(174, 153), (128, 35), (112, 55), (27, 160), (16, 168), (10, 226)], (118, 183, 249, 254))
([(7, 90), (142, 198), (139, 54), (144, 140), (146, 83)], (178, 205, 159, 2))
([(53, 216), (100, 223), (100, 43), (105, 239)], (164, 136, 241, 165))
([(68, 168), (114, 98), (177, 2), (42, 13), (145, 164)], (91, 98, 88, 198))
([(113, 146), (45, 118), (21, 28)], (93, 54, 50, 162))
([(45, 85), (129, 90), (64, 6)], (161, 151, 35, 90))
([(24, 1), (87, 188), (53, 183), (23, 179)], (138, 120, 214, 130))
([(10, 166), (19, 86), (69, 98), (163, 14)], (162, 202, 204, 206))
([(102, 55), (30, 231), (53, 204), (155, 85)], (177, 105, 217, 44))
([(53, 105), (4, 52), (4, 52), (50, 42), (95, 117)], (199, 206, 34, 89))
([(11, 145), (123, 226), (118, 201), (112, 171), (102, 122), (94, 82)], (196, 188, 164, 170))
([(82, 234), (61, 123), (174, 7)], (153, 140, 71, 216))
([(5, 115), (118, 39), (1, 220)], (182, 154, 65, 179))
([(20, 136), (13, 150), (92, 113), (34, 58)], (194, 4, 55, 23))
([(157, 85), (161, 19), (173, 85), (180, 124)], (191, 84, 170, 178))
([(92, 84), (92, 188), (116, 91)], (206, 223, 218, 189))
([(132, 228), (29, 83), (52, 101), (58, 106), (160, 197), (97, 136), (108, 64)], (200, 170, 250, 248))
([(70, 159), (110, 191), (153, 225), (0, 104)], (244, 233, 137, 195))
([(56, 32), (72, 129), (83, 196), (0, 225)], (197, 219, 107, 132))
([(76, 72), (104, 77), (27, 100)], (33, 180, 122, 73))
([(12, 190), (9, 96), (0, 3), (0, 3), (23, 24), (29, 29), (82, 76), (95, 61)], (96, 252, 204, 202))
([(28, 224), (99, 22), (103, 11), (136, 123), (129, 67)], (250, 160, 26, 167))
([(110, 183), (28, 167), (2, 53)], (11, 253, 197, 88))
([(173, 169), (150, 127), (177, 4), (4, 121)], (102, 198, 197, 110))
([(1, 39), (50, 139), (120, 105), (121, 104), (126, 102)], (212, 87, 119, 149))
([(119, 124), (141, 0), (71, 75), (37, 155)], (172, 111, 10, 86))
([(50, 156), (11, 108), (70, 91), (143, 71)], (243, 213, 201, 131))
([(126, 94), (130, 125), (133, 148), (135, 164), (57, 227), (38, 200), (1, 147)], (192, 229, 252, 246))
([(30, 135), (150, 25), (171, 6), (179, 101), (48, 207)], (223, 17, 227, 50))
([(0, 123), (22, 89), (115, 172), (134, 49), (170, 112)], (112, 206, 246, 199))
([(78, 106), (95, 123), (16, 132)], (168, 80, 233, 83))
([(33, 44), (0, 74), (27, 101), (112, 3)], (208, 4, 107, 115))
([(97, 28), (130, 173), (64, 27)], (160, 101, 31, 92))
([(78, 239), (96, 2), (70, 1), (10, 0)], (238, 128, 94, 210))
([(36, 5), (142, 192), (130, 139)], (102, 125, 240, 48))
([(143, 121), (144, 128), (153, 186), (84, 140), (1, 84), (85, 127)], (30, 192, 169, 130))
([(35, 226), (55, 73), (71, 76)], (151, 15, 247, 197))
([(159, 58), (32, 112), (24, 81), (17, 160)], (189, 210, 221, 134))
([(34, 2), (20, 16), (122, 182)], (227, 214, 180, 255))
([(49, 201), (45, 1), (36, 34), (18, 100), (150, 237), (80, 117)], (102, 25, 37, 239))
([(131, 84), (55, 43), (162, 66), (173, 68)], (199, 176, 56, 21))
([(108, 78), (62, 67), (69, 179)], (0, 217, 114, 216))
([(11, 99), (59, 135), (133, 131)], (105, 162, 199, 64))
([(127, 22), (118, 28), (7, 98), (9, 102), (39, 158), (160, 191)], (157, 126, 252, 91))
([(1, 194), (140, 11), (163, 200)], (65, 137, 233, 194))
([(76, 39), (76, 39), (75, 55), (126, 135), (155, 181)], (87, 66, 229, 225))
([(24, 153), (59, 172), (88, 188), (170, 151), (105, 187), (71, 206)], (108, 171, 202, 100))
([(33, 190), (75, 177), (82, 175)], (250, 180, 182, 206))
([(109, 189), (112, 211), (149, 59)], (182, 107, 175, 188))
([(138, 193), (137, 189), (111, 75), (156, 50)], (165, 222, 98, 237))
([(113, 46), (74, 64), (80, 160)], (109, 109, 74, 235))
([(120, 240), (156, 110), (87, 151)], (164, 99, 77, 33))
([(150, 23), (150, 23), (98, 19)], (118, 53, 44, 124))
([(19, 47), (163, 104), (147, 9)], (62, 232, 61, 3))
([(116, 162), (147, 229), (63, 153)], (178, 40, 246, 105))
([(42, 71), (178, 234), (118, 234), (9, 233)], (190, 173, 192, 161))
([(58, 213), (61, 203), (78, 145), (176, 215)], (227, 178, 153, 206))
([(165, 27), (177, 119), (135, 129)], (247, 6, 61, 116))
([(147, 2), (25, 141), (55, 141), (172, 141)], (246, 37, 210, 124))
([(134, 148), (72, 79), (168, 23), (158, 8), (141, 14), (59, 45)], (199, 228, 107, 212))
([(19, 1), (177, 186), (117, 227)], (173, 224, 220, 165))
([(40, 62), (48, 31), (65, 100), (80, 161)], (140, 74, 147, 231))
([(63, 62), (93, 213), (29, 40), (67, 159)], (33, 215, 204, 180))
([(123, 98), (11, 86), (125, 210)], (220, 8, 163, 218))
([(3, 191), (12, 180), (92, 84), (111, 12)], (39, 147, 45, 90))
([(4, 217), (173, 99), (180, 26)], (191, 190, 60, 11))
([(70, 72), (83, 148), (122, 82), (118, 55)], (56, 6, 127, 78))
([(2, 178), (0, 151), (19, 160), (126, 127)], (199, 146, 155, 114))
([(85, 59), (166, 40), (51, 214)], (162, 225, 141, 37))
([(171, 13), (133, 88), (135, 110)], (201, 176, 178, 76))
([(112, 226), (171, 25), (95, 66)], (149, 207, 94, 186))
([(133, 138), (110, 185), (108, 189), (93, 219), (108, 226), (109, 226), (126, 234), (129, 235)], (214, 188, 172, 176))
([(14, 20), (92, 104), (8, 112)], (166, 70, 239, 188))
([(29, 28), (109, 140), (176, 68)], (225, 40, 78, 181))
([(14, 237), (90, 236), (163, 235), (54, 135)], (178, 254, 119, 72))
([(157, 105), (156, 104), (155, 103), (125, 79), (164, 6)], (237, 145, 66, 0))
([(40, 103), (19, 49), (26, 70), (78, 227), (78, 227), (13, 57), (80, 41)], (207, 179, 173, 67))
([(56, 157), (59, 122), (7, 26), (1, 15), (48, 141)], (158, 109, 235, 215))
([(23, 178), (122, 28), (124, 114)], (36, 45, 71, 207))
([(76, 159), (27, 23), (110, 172)], (196, 158, 222, 149))
([(121, 190), (102, 175), (92, 168), (65, 148)], (130, 221, 164, 25))
([(178, 16), (69, 12), (95, 133)], (149, 1, 33, 56))
([(23, 239), (49, 235), (89, 8)], (150, 120, 183, 142))
([(81, 217), (82, 236), (27, 195)], (236, 158, 172, 147))
([(92, 169), (139, 100), (63, 54), (79, 86), (59, 103), (127, 161), (56, 171)], (112, 70, 3, 205))
([(33, 52), (108, 181), (104, 169), (62, 47)], (127, 160, 199, 156))
([(146, 116), (39, 235), (48, 186), (65, 94), (73, 51), (100, 35)], (157, 235, 85, 35))
([(59, 235), (156, 194), (156, 194), (156, 194), (170, 106)], (238, 235, 173, 125))
([(110, 28), (107, 11), (21, 77)], (144, 117, 43, 169))
([(128, 64), (90, 96), (22, 152), (145, 34), (79, 72)], (94, 58, 20, 112))
([(166, 150), (162, 33), (114, 146), (46, 229)], (203, 163, 250, 139))
([(140, 206), (141, 71), (98, 44)], (153, 183, 200, 214))
([(64, 53), (98, 232), (89, 222)], (199, 233, 202, 252))
([(36, 190), (37, 173), (41, 107), (171, 182)], (14, 111, 111, 227))
([(21, 207), (77, 128), (109, 149)], (198, 63, 1, 108))
([(130, 203), (51, 43), (37, 15), (57, 117), (38, 198)], (41, 115, 161, 124))
([(56, 215), (133, 235), (13, 127)], (178, 239, 223, 251))
([(43, 230), (14, 53), (133, 231)], (243, 193, 234, 129))
([(94, 45), (154, 174), (112, 187)], (89, 216, 4, 156))
([(149, 132), (140, 118), (88, 38), (101, 203)], (245, 150, 157, 111))
([(79, 89), (92, 112), (167, 129)], (17, 207, 162, 174))
([(125, 195), (52, 146), (47, 105)], (229, 164, 116, 125))
([(166, 93), (71, 103), (7, 206), (18, 207), (22, 207)], (155, 191, 227, 251))
([(144, 2), (126, 166), (84, 120), (67, 102), (103, 10)], (234, 2, 110, 45))
([(169, 13), (117, 134), (108, 139)], (100, 132, 40, 15))
([(152, 108), (100, 150), (91, 157), (94, 192)], (74, 24, 2, 12))
([(174, 204), (126, 21), (25, 156)], (158, 254, 207, 29))
([(98, 170), (99, 128), (102, 3), (102, 3), (140, 7)], (244, 77, 197, 121))
([(18, 103), (5, 0), (121, 96)], (249, 187, 127, 197))
([(167, 81), (128, 7), (49, 75), (46, 110)], (90, 118, 0, 202))
([(71, 154), (0, 226), (0, 226), (1, 226), (66, 212)], (101, 41, 168, 7))
([(10, 231), (108, 197), (150, 137)], (172, 50, 228, 34))
([(176, 74), (175, 230), (149, 197), (34, 52)], (227, 135, 146, 145))
([(23, 189), (116, 134), (71, 82), (83, 108)], (171, 65, 223, 185))
([(88, 1), (151, 83), (162, 97), (176, 19)], (218, 29, 118, 183))
([(66, 94), (58, 129), (60, 180), (28, 217)], (127, 222, 106, 170))
([(145, 85), (136, 123), (140, 102), (127, 97), (157, 14)], (193, 43, 19, 84))
([(81, 106), (82, 105), (91, 99)], (169, 192, 87, 162))
([(53, 26), (37, 153), (78, 104), (123, 49), (129, 42)], (224, 76, 67, 110))
([(11, 64), (124, 197), (126, 199), (53, 74)], (156, 55, 110, 127))
([(35, 63), (44, 132), (145, 153)], (80, 49, 115, 252))
([(166, 14), (43, 71), (138, 20), (160, 9), (171, 4)], (182, 18, 16, 154))
([(35, 145), (85, 168), (56, 193), (15, 229)], (95, 132, 178, 195))
([(62, 214), (77, 145), (87, 99), (88, 94), (87, 101), (136, 166), (162, 201)], (235, 160, 253, 123))
([(60, 173), (29, 54), (52, 8)], (170, 51, 2, 174))
([(164, 217), (59, 226), (19, 230)], (177, 36, 241, 229))
([(30, 81), (101, 80), (58, 166), (163, 90)], (168, 75, 18, 140))
([(134, 76), (172, 65), (153, 3), (153, 3)], (121, 160, 10, 61))
([(68, 135), (51, 154), (149, 220)], (240, 40, 215, 210))
([(85, 190), (31, 237), (32, 160)], (129, 253, 178, 21))
([(125, 185), (12, 0), (19, 1)], (243, 196, 166, 154))
([(3, 85), (158, 190), (82, 215), (1, 166)], (235, 238, 248, 122))
([(130, 1), (33, 36), (62, 117)], (202, 30, 182, 10))
([(57, 163), (50, 73), (119, 138)], (252, 91, 31, 203))
([(119, 136), (73, 102), (69, 99), (69, 99), (56, 89)], (202, 240, 131, 204))
([(178, 163), (9, 177), (12, 179)], (238, 87, 108, 215))
([(171, 32), (163, 29), (86, 201)], (171, 113, 111, 133))
([(82, 162), (122, 165), (179, 169), (179, 109), (179, 109), (120, 27), (147, 117), (27, 52)], (220, 52, 2, 164))
([(73, 201), (93, 145), (146, 209), (150, 214), (127, 222)], (250, 222, 223, 249))
([(44, 90), (152, 166), (175, 146)], (173, 213, 90, 41))
([(35, 125), (130, 56), (55, 90)], (154, 91, 243, 26))
([(33, 110), (61, 143), (77, 67)], (186, 215, 114, 74))
([(113, 176), (107, 21), (73, 27)], (133, 92, 3, 34))
([(147, 179), (142, 180), (127, 182), (71, 191), (168, 76)], (239, 7, 63, 109))
([(51, 170), (48, 175), (46, 178), (38, 191), (40, 136)], (7, 5, 77, 77))
([(93, 23), (45, 148), (42, 156), (46, 117)], (233, 10, 204, 100))
([(125, 157), (64, 31), (14, 38), (4, 27), (5, 39), (16, 170)], (254, 182, 170, 98))
([(71, 14), (59, 142), (38, 136)], (165, 5, 91, 81))
([(25, 54), (88, 19), (42, 137)], (125, 19, 79, 122))
([(132, 55), (106, 87), (119, 125)], (173, 28, 222, 50))
([(70, 178), (51, 38), (120, 146)], (253, 18, 192, 33))
([(39, 155), (70, 154), (159, 66), (90, 149), (66, 178), (35, 222), (29, 208), (7, 110)], (150, 199, 229, 40))
([(99, 234), (49, 183), (64, 166)], (237, 233, 197, 137))
([(149, 171), (119, 179), (52, 127)], (200, 102, 31, 189))
([(64, 140), (51, 161), (71, 118), (83, 93)], (13, 32, 17, 30))
([(11, 74), (8, 63), (142, 165)], (234, 57, 85, 79))
([(116, 70), (135, 28), (90, 152), (141, 5), (97, 3), (106, 132), (113, 233)], (255, 84, 62, 22))
([(109, 139), (83, 166), (57, 193), (147, 174), (28, 45), (62, 61), (42, 64)], (174, 54, 205, 10))
([(8, 45), (175, 195), (165, 23)], (255, 51, 29, 162))
([(7, 204), (106, 180), (92, 123)], (149, 111, 33, 65))
([(159, 38), (42, 200), (49, 80)], (201, 56, 100, 192))
([(87, 112), (81, 137), (68, 191), (171, 83)], (235, 5, 118, 14))
([(163, 87), (36, 207), (71, 136), (135, 7)], (215, 73, 82, 148))
([(90, 193), (80, 88), (85, 19), (170, 111)], (239, 204, 97, 5))
