([(52, 154), (63, 191), (121, 229), (140, 180), (172, 97)], (184, 42, 145, 70))
([(60, 230), (49, 170), (20, 231)], (214, 191, 107, 6))
([(93, 46), (132, 136), (155, 187)], (131, 14, 101, 225))
([(134, 239), (149, 156), (139, 162), (14, 236)], (33, 219, 143, 199))
([(113, 146), (62, 211), (111, 213), (21, 28)], (93, 54, 50, 90))
([(26, 219), (132, 57), (0, 113)], (28, 215, 121, 155))
([(108, 106), (142, 77), (145, 74), (174, 119), (159, 110), (130, 96), (86, 132), (153, 4)], (26, 76, 133, 216))
([(30, 86), (97, 172), (140, 227), (5, 217)], (130, 196, 178, 123))
([(43, 206), (49, 22), (173, 226)], (234, 143, 61, 216))
([(111, 3), (91, 195), (82, 142), (73, 90)], (201, 233, 193, 94))
([(135, 52), (150, 117), (57, 20), (137, 8), (140, 77)], (191, 141, 103, 68))
([(82, 237), (38, 163), (34, 217), (33, 230)], (245, 37, 103, 69))
([(158, 174), (5, 229), (83, 228), (150, 228)], (238, 17, 211, 24))
([(167, 55), (94, 170), (102, 150), (104, 145), (115, 118)], (170, 101, 145, 77))
([(92, 84), (92, 188), (116, 91)], (206, 185, 218, 189))
([(150, 172), (160, 41), (62, 101), (84, 111), (155, 17), (161, 6), (164, 1)], (63, 39, 126, 141))
([(20, 201), (150, 66), (108, 206)], (39, 173, 4, 88))
([(172, 14), (151, 234), (131, 132), (116, 56)], (149, 38, 207, 147))
([(131, 84), (55, 43), (145, 197)], (199, 62, 56, 21))
([(89, 69), (99, 24), (118, 177), (5, 157)], (144, 187, 135, 154))
([(5, 174), (69, 139), (149, 96), (38, 56), (23, 55), (10, 54)], (76, 181, 82, 97))
([(35, 75), (32, 36), (31, 23), (31, 23), (31, 23), (66, 130), (39, 39), (139, 81)], (135, 83, 96, 60))
([(66, 166), (157, 105), (101, 59)], (237, 145, 66, 0))
([(32, 47), (139, 37), (145, 156), (106, 182), (27, 236)], (80, 204, 240, 204))
([(48, 220), (58, 106), (113, 235), (113, 235)], (195, 27, 104, 134))
([(154, 236), (141, 190), (150, 37), (165, 141)], (133, 65, 238, 247))
([(133, 236), (119, 9), (155, 174), (57, 235)], (167, 14, 166, 6))
([(33, 190), (66, 173), (77, 158), (31, 58)], (126, 28, 53, 231))
([(101, 156), (139, 71), (65, 149), (43, 172), (164, 159), (140, 201), (68, 95)], (204, 26, 102, 8))
([(23, 189), (116, 134), (45, 52)], (171, 65, 84, 185))
([(120, 157), (27, 124), (9, 118), (49, 236)], (246, 138, 213, 207))
([(161, 238), (155, 118), (145, 169)], (200, 152, 225, 111))
([(178, 166), (145, 110), (140, 101), (134, 91), (173, 210), (178, 211)], (178, 230, 189, 228))
([(63, 205), (121, 70), (34, 19)], (62, 71, 33, 80))
([(120, 110), (126, 91), (64, 139), (66, 200), (34, 50)], (44, 69, 171, 39))
([(32, 25), (178, 237), (71, 228), (61, 227)], (75, 90, 239, 193))
([(7, 204), (106, 180), (92, 123)], (149, 184, 33, 65))
([(152, 21), (130, 50), (113, 73), (63, 139)], (114, 151, 90, 46))
([(7, 159), (57, 129), (62, 126), (35, 59)], (73, 198, 192, 206))
([(61, 189), (60, 80), (31, 56)], (4, 25, 74, 158))
([(0, 89), (141, 40), (2, 225)], (167, 32, 100, 123))
([(108, 192), (35, 75), (137, 150)], (38, 33, 118, 96))
([(4, 153), (65, 143), (99, 138), (16, 179)], (166, 90, 142, 181))
([(0, 123), (22, 89), (22, 89), (170, 112)], (112, 206, 246, 199))
([(68, 193), (25, 162), (108, 5)], (41, 248, 207, 95))
([(93, 225), (112, 72), (102, 168), (164, 125)], (16, 138, 124, 225))
([(21, 207), (77, 128), (109, 149)], (198, 63, 1, 100))
([(127, 35), (174, 229), (175, 139)], (131, 230, 211, 185))
([(103, 88), (107, 131), (8, 190)], (40, 99, 27, 143))
([(3, 32), (49, 67), (160, 150), (82, 218)], (139, 252, 199, 235))
([(29, 238), (73, 217), (152, 178), (106, 220), (97, 228)], (84, 126, 238, 221))
([(130, 59), (169, 68), (12, 3)], (130, 137, 233, 24))
([(113, 233), (7, 228), (92, 166)], (202, 160, 205, 244))
([(9, 17), (116, 216), (148, 180)], (186, 134, 218, 55))
([(98, 234), (35, 145), (94, 115)], (146, 55, 85, 242))
([(92, 169), (139, 100), (63, 54), (78, 84), (79, 86), (59, 103), (127, 161), (56, 171)], (112, 70, 3, 205))
([(176, 111), (2, 130), (129, 57), (176, 60)], (176, 220, 219, 120))
([(11, 207), (180, 118), (179, 197), (179, 197)], (160, 191, 141, 235))
([(65, 157), (93, 146), (88, 226)], (35, 82, 195, 116))
([(109, 6), (113, 29), (116, 47), (113, 1), (113, 1)], (16, 63, 138, 84))
([(6, 99), (30, 107), (37, 109), (140, 141), (46, 223)], (198, 128, 100, 225))
([(18, 216), (18, 23), (93, 169)], (152, 81, 248, 248))
([(37, 65), (46, 239), (35, 218)], (250, 30, 166, 208))
([(10, 198), (34, 101), (47, 182)], (78, 171, 163, 78))
([(39, 218), (119, 234), (129, 236)], (105, 248, 75, 52))
([(24, 1), (54, 90), (87, 188), (23, 179)], (138, 120, 214, 130))
([(59, 115), (125, 200), (134, 237)], (199, 28, 114, 147))
([(107, 78), (108, 48), (14, 55)], (73, 53, 122, 119))
([(63, 3), (122, 106), (180, 207), (145, 175), (145, 175), (145, 175), (146, 45), (146, 45), (15, 229)], (222, 188, 229, 1))
([(40, 116), (107, 11), (21, 77)], (144, 117, 43, 169))
([(173, 33), (11, 106), (38, 231), (141, 113)], (235, 185, 85, 215))
([(176, 24), (75, 235), (166, 20)], (106, 41, 171, 202))
([(126, 108), (91, 43), (96, 42), (178, 34), (164, 134), (164, 134), (162, 102), (26, 177)], (161, 128, 182, 133))
([(62, 128), (174, 32), (133, 130)], (147, 200, 3, 227))
([(149, 6), (138, 206), (106, 52), (135, 137), (151, 184), (171, 224)], (15, 215, 101, 253))
([(85, 18), (0, 189), (140, 155), (29, 200), (5, 218)], (76, 59, 120, 162))
([(30, 114), (31, 115), (154, 199), (149, 38), (115, 132), (103, 111)], (183, 49, 239, 251))
([(1, 146), (40, 165), (17, 45)], (135, 216, 101, 153))
([(174, 153), (128, 35), (112, 55), (27, 160), (16, 168), (27, 144)], (118, 183, 249, 254))
([(7, 90), (142, 198), (142, 198), (144, 140), (146, 83)], (178, 205, 11, 2))
([(68, 168), (114, 98), (177, 2), (42, 13), (145, 164)], (91, 98, 88, 198))
([(45, 85), (129, 90), (64, 6)], (161, 151, 35, 244))
([(10, 166), (45, 126), (69, 98), (163, 14)], (162, 28, 204, 81))
([(4, 52), (4, 52), (4, 52), (4, 52), (95, 117)], (199, 206, 34, 89))
([(11, 145), (123, 226), (118, 201), (112, 171), (102, 122), (94, 82)], (196, 188, 125, 170))
([(82, 234), (23, 78), (61, 123), (8, 52)], (153, 140, 71, 216))
([(33, 190), (75, 177), (82, 175)], (250, 102, 182, 206))
([(5, 115), (118, 39), (1, 220)], (182, 154, 65, 179))
([(157, 85), (161, 19), (180, 124)], (191, 84, 170, 178))
([(132, 228), (29, 83), (52, 101), (58, 106), (65, 111), (97, 136), (108, 64)], (200, 170, 250, 248))
([(70, 159), (153, 225), (0, 104)], (244, 233, 137, 195))
([(28, 224), (99, 22), (103, 11), (136, 123), (161, 208)], (250, 160, 26, 167))
([(66, 79), (129, 199), (83, 148)], (87, 188, 79, 162))
([(110, 183), (28, 167), (2, 53)], (11, 253, 197, 88))
([(173, 169), (150, 127), (92, 116), (4, 121)], (102, 198, 191, 110))
([(1, 39), (50, 139), (120, 105), (121, 104), (126, 102)], (212, 87, 119, 149))
([(110, 115), (110, 115), (96, 16), (71, 75), (37, 155)], (172, 111, 10, 86))
([(50, 156), (11, 108), (70, 91), (143, 71)], (243, 213, 201, 131))
([(126, 94), (130, 125), (133, 148), (135, 164), (57, 227), (1, 147)], (192, 229, 252, 246))
([(78, 106), (95, 123), (162, 191)], (168, 80, 233, 83))
([(97, 233), (76, 87), (66, 110), (27, 202)], (45, 139, 123, 117))
([(78, 239), (96, 2), (70, 1), (10, 0)], (238, 128, 94, 210))
([(36, 5), (142, 192), (130, 139)], (102, 125, 240, 48))
([(135, 69), (143, 121), (144, 128), (153, 186), (155, 199), (85, 127)], (30, 192, 169, 130))
([(134, 234), (68, 211), (125, 235)], (85, 251, 18, 85))
([(130, 12), (18, 206), (111, 48)], (158, 16, 80, 210))
([(159, 58), (32, 112), (24, 81), (17, 160)], (189, 210, 154, 134))
([(95, 104), (85, 59), (43, 159), (51, 214)], (162, 225, 212, 37))
([(135, 89), (114, 181), (96, 92)], (255, 0, 175, 85))
([(34, 2), (20, 16), (122, 182)], (227, 214, 180, 255))
([(93, 112), (55, 73), (71, 76)], (151, 156, 247, 197))
([(49, 201), (45, 1), (36, 34), (18, 100), (150, 237), (80, 117)], (102, 25, 37, 58))
([(108, 78), (62, 67), (63, 83), (69, 179)], (0, 217, 114, 51))
([(11, 99), (59, 135), (133, 131)], (105, 217, 199, 64))
([(127, 22), (118, 28), (7, 98), (9, 102), (39, 158), (115, 225)], (157, 126, 252, 162))
([(1, 194), (140, 11), (163, 200)], (65, 105, 233, 194))
([(81, 217), (82, 236), (27, 195)], (201, 158, 172, 147))
([(76, 39), (76, 39), (75, 55), (155, 181)], (87, 134, 229, 225))
([(109, 189), (112, 211), (149, 59)], (182, 219, 175, 202))
([(138, 193), (137, 189), (111, 75), (156, 50)], (165, 222, 98, 237))
([(44, 90), (152, 166), (150, 162), (156, 158), (175, 146)], (173, 213, 90, 41))
([(113, 46), (74, 64), (41, 106)], (109, 109, 74, 235))
([(25, 67), (156, 110), (87, 151)], (164, 99, 233, 33))
([(116, 162), (147, 229), (42, 105)], (178, 24, 246, 105))
([(40, 103), (48, 183), (78, 227), (78, 227), (13, 57), (164, 23)], (207, 179, 13, 67))
([(42, 71), (178, 234), (118, 234), (9, 233)], (190, 173, 192, 161))
([(58, 213), (61, 203), (78, 145), (176, 215)], (227, 178, 153, 206))
([(134, 148), (72, 79), (168, 23), (158, 8), (59, 45)], (199, 228, 107, 237))
([(155, 79), (132, 149), (118, 55)], (56, 6, 127, 78))
([(33, 44), (0, 74), (27, 101), (112, 3), (134, 209)], (83, 4, 96, 115))
([(19, 1), (177, 186), (130, 148)], (173, 224, 220, 165))
([(40, 62), (48, 31), (80, 161)], (140, 74, 137, 231))
([(137, 80), (93, 74), (11, 64), (113, 211)], (158, 171, 66, 10))
([(63, 62), (93, 213), (29, 40), (67, 159)], (33, 215, 204, 99))
([(123, 98), (11, 86), (125, 210)], (220, 8, 163, 218))
([(3, 191), (12, 180), (85, 92), (111, 12)], (39, 147, 45, 90))
([(4, 217), (173, 99), (180, 26)], (148, 190, 60, 11))
([(133, 215), (139, 108), (88, 193)], (172, 216, 43, 79))
([(77, 182), (100, 223), (76, 233), (79, 56)], (164, 136, 241, 165))
([(102, 55), (30, 231), (82, 171), (96, 155)], (177, 105, 217, 63))
([(46, 239), (127, 47), (132, 35)], (6, 253, 131, 154))
([(54, 143), (4, 6), (166, 111)], (91, 77, 165, 203))
([(148, 201), (27, 182), (2, 178), (0, 151), (19, 160), (126, 127)], (199, 93, 155, 114))
([(171, 13), (133, 88), (135, 110)], (133, 176, 178, 76))
([(34, 178), (26, 173), (158, 11)], (203, 206, 99, 80))
([(24, 153), (59, 172), (88, 188), (170, 151), (71, 206)], (108, 171, 200, 100))
([(53, 130), (63, 194), (171, 25), (95, 66)], (149, 207, 94, 186))
([(24, 54), (16, 11), (157, 215), (157, 7)], (237, 101, 250, 195))
([(133, 138), (110, 185), (108, 189), (93, 219), (108, 226), (109, 226), (126, 234), (129, 235)], (214, 188, 172, 176))
([(14, 20), (92, 104), (8, 112)], (166, 38, 239, 242))
([(29, 28), (68, 83), (109, 140), (176, 68)], (225, 40, 78, 181))
([(19, 47), (47, 139), (163, 104), (147, 9)], (62, 232, 61, 3))
([(14, 237), (163, 235), (54, 135)], (178, 254, 119, 72))
([(165, 27), (177, 119), (135, 129)], (247, 101, 61, 116))
([(0, 53), (46, 57), (156, 68), (146, 119), (157, 195)], (100, 209, 142, 230))
([(56, 157), (59, 122), (7, 26), (1, 15), (48, 141)], (158, 109, 204, 215))
([(23, 178), (122, 28), (124, 114)], (36, 45, 27, 208))
([(84, 181), (27, 23), (110, 172)], (196, 158, 222, 149))
([(36, 190), (87, 163), (41, 107), (171, 182)], (14, 111, 220, 227))
([(13, 72), (29, 55), (69, 12), (95, 133)], (149, 1, 33, 56))
([(23, 239), (49, 235), (89, 8)], (150, 120, 183, 178))
([(64, 53), (98, 232), (89, 222)], (199, 233, 202, 252))
([(97, 28), (130, 173), (64, 27)], (160, 101, 76, 92))
([(33, 52), (108, 181), (62, 47)], (128, 160, 199, 156))
([(146, 116), (39, 235), (48, 186), (73, 51), (100, 35)], (157, 235, 85, 35))
([(166, 14), (43, 71), (138, 20), (160, 9), (171, 4)], (182, 18, 16, 154))
([(145, 30), (156, 194), (156, 194), (166, 131), (170, 106)], (238, 235, 173, 125))
([(83, 114), (128, 64), (22, 152), (145, 34), (79, 72)], (94, 58, 20, 70))
([(166, 150), (162, 33), (114, 146), (96, 189)], (203, 163, 250, 139))
([(121, 190), (102, 175), (92, 168), (65, 148)], (18, 221, 164, 58))
([(140, 206), (141, 71), (68, 90)], (153, 183, 200, 214))
([(130, 203), (51, 43), (37, 15), (57, 117), (38, 198)], (41, 115, 161, 124))
([(56, 215), (133, 235), (13, 127)], (178, 239, 223, 251))
([(43, 230), (14, 53), (133, 231)], (243, 193, 216, 129))
([(101, 180), (154, 174), (112, 187)], (89, 216, 4, 156))
([(149, 132), (88, 38), (101, 203)], (245, 150, 157, 111))
([(76, 72), (160, 143), (27, 100)], (33, 180, 122, 73))
([(39, 74), (75, 3), (84, 41)], (247, 225, 49, 15))
([(170, 208), (77, 134), (33, 99), (81, 144), (110, 20)], (82, 184, 181, 105))
([(79, 89), (92, 112), (167, 129)], (17, 207, 162, 174))
([(30, 135), (150, 25), (171, 6), (179, 101), (48, 207)], (223, 17, 227, 50))
([(107, 160), (52, 146), (47, 105)], (69, 164, 116, 125))
([(166, 93), (71, 103), (7, 206), (18, 207), (22, 207)], (155, 191, 227, 251))
([(144, 2), (126, 166), (67, 102), (103, 10)], (106, 2, 110, 45))
([(169, 13), (102, 18), (108, 139)], (100, 132, 40, 15))
([(152, 108), (100, 150), (91, 157), (94, 192)], (74, 24, 2, 12))
([(45, 34), (84, 205), (2, 186)], (204, 238, 96, 1))
([(174, 204), (126, 21), (25, 156)], (158, 254, 207, 29))
([(147, 2), (25, 141), (172, 141)], (246, 37, 210, 124))
([(98, 170), (99, 128), (99, 128), (102, 3), (102, 3), (140, 7)], (244, 77, 197, 121))
([(18, 103), (5, 0), (121, 96)], (249, 187, 127, 197))
([(167, 81), (128, 7), (42, 61), (46, 110)], (90, 118, 0, 202))
([(71, 154), (0, 226), (1, 226), (66, 212)], (101, 41, 168, 63))
([(10, 231), (108, 197), (150, 137)], (172, 50, 228, 34))
([(176, 74), (175, 230), (34, 52)], (227, 135, 146, 145))
([(88, 1), (70, 65), (176, 19)], (218, 29, 118, 183))
([(66, 94), (63, 137), (60, 180), (28, 217)], (127, 222, 106, 68))
([(125, 157), (157, 17), (64, 31), (14, 38), (4, 27), (5, 39), (16, 170)], (254, 182, 170, 98))
([(164, 217), (59, 226), (19, 230)], (177, 36, 241, 229))
([(145, 85), (136, 123), (140, 102), (152, 40), (157, 14)], (193, 43, 19, 84))
([(81, 106), (82, 105), (91, 99), (166, 71)], (169, 192, 87, 162))
([(53, 26), (37, 153), (78, 104), (129, 42)], (224, 76, 67, 110))
([(150, 23), (150, 23), (98, 19)], (118, 53, 44, 124))
([(11, 64), (124, 197), (126, 199), (53, 74)], (156, 55, 110, 127))
([(35, 63), (44, 132), (145, 153)], (80, 49, 115, 252))
([(141, 2), (96, 7), (87, 1)], (29, 23, 218, 49))
([(35, 145), (85, 168), (56, 193), (15, 229)], (95, 7, 178, 195))
([(62, 214), (87, 99), (88, 94), (87, 101), (81, 144), (162, 201)], (235, 160, 253, 123))
([(60, 173), (29, 54), (52, 8)], (170, 51, 2, 174))
([(171, 32), (163, 29), (163, 29), (86, 201)], (171, 113, 111, 133))
([(30, 81), (101, 80), (58, 166), (163, 90)], (164, 75, 18, 140))
([(134, 76), (171, 65), (172, 65), (153, 3), (153, 3)], (121, 160, 10, 61))
([(68, 135), (51, 154), (149, 220)], (240, 40, 215, 210))
([(85, 190), (83, 189), (32, 160)], (129, 253, 178, 21))
([(146, 219), (125, 185), (12, 0), (19, 1)], (243, 148, 166, 44))
([(3, 85), (158, 190), (54, 207), (82, 215), (1, 166)], (235, 238, 248, 122))
([(10, 88), (130, 1), (96, 59), (62, 117), (170, 190)], (202, 30, 182, 10))
([(57, 163), (50, 73), (119, 138)], (252, 91, 31, 203))
([(119, 136), (73, 102), (56, 89)], (202, 240, 131, 204))
([(178, 163), (9, 177), (45, 97)], (238, 87, 108, 215))
([(20, 136), (13, 150), (92, 113), (34, 58)], (194, 4, 55, 23))
([(82, 162), (179, 169), (179, 109), (179, 109), (120, 27), (147, 117), (27, 52)], (200, 52, 2, 164))
([(73, 201), (93, 145), (146, 209), (150, 214), (127, 222)], (250, 222, 223, 249))
([(12, 190), (9, 96), (0, 3), (29, 29), (82, 76), (87, 125)], (96, 252, 204, 202))
([(13, 81), (8, 63), (142, 165)], (213, 57, 85, 79))
([(35, 125), (130, 56), (55, 90)], (154, 91, 243, 87))
([(56, 32), (164, 204), (0, 225)], (197, 219, 107, 132))
([(33, 110), (61, 143), (77, 67)], (186, 215, 114, 74))
([(113, 176), (107, 21), (73, 27)], (133, 92, 3, 34))
([(147, 179), (142, 180), (127, 182), (71, 191), (168, 76)], (239, 7, 131, 109))
([(51, 170), (48, 175), (38, 191), (40, 136)], (7, 5, 77, 77))
([(104, 5), (122, 29), (59, 136)], (83, 223, 72, 99))
([(93, 23), (135, 22), (42, 156), (46, 117), (0, 216)], (233, 10, 204, 100))
([(60, 43), (107, 167), (91, 116)], (68, 48, 35, 147))
([(71, 14), (59, 142), (38, 136)], (165, 5, 91, 11))
([(25, 54), (51, 40), (88, 19), (42, 137)], (228, 19, 79, 48))
([(162, 55), (148, 93), (106, 87), (20, 76)], (173, 28, 222, 50))
([(70, 178), (51, 38), (120, 146)], (253, 18, 192, 33))
([(39, 155), (70, 154), (159, 66), (90, 149), (66, 178), (35, 222), (29, 208), (7, 110)], (150, 199, 229, 40))
([(99, 234), (49, 183), (64, 166)], (237, 233, 197, 137))
([(149, 171), (119, 179), (52, 127)], (200, 102, 31, 189))
([(64, 140), (51, 161), (83, 93)], (13, 32, 17, 30))
([(116, 70), (135, 28), (90, 152), (141, 5), (97, 3), (106, 132), (113, 233)], (255, 84, 62, 22))
([(109, 139), (83, 166), (57, 193), (147, 174), (28, 45), (62, 61), (42, 64)], (174, 54, 205, 10))
([(8, 45), (175, 195), (165, 23)], (255, 51, 29, 162))
([(159, 38), (42, 200), (49, 80)], (201, 56, 100, 192))
([(87, 112), (97, 112), (68, 191), (176, 190)], (235, 5, 118, 14))
([(163, 87), (36, 207), (71, 136), (135, 7)], (215, 73, 82, 148))
([(53, 104), (35, 191), (49, 128)], (142, 130, 146, 25))
([(100, 217), (80, 88), (85, 19), (170, 111)], (239, 204, 97, 5))
