([(63, 191), (116, 226), (121, 229), (172, 97)], (154, 141, 145, 70))
([(60, 230), (98, 233), (10, 9)], (214, 191, 107, 123))
([(30, 86), (97, 172), (140, 227), (5, 217)], (80, 130, 178, 123))
([(25, 54), (88, 19), (42, 137)], (125, 19, 79, 122))
([(30, 231), (53, 204), (94, 156), (155, 85)], (177, 105, 217, 154))
([(24, 54), (16, 11), (157, 215), (157, 7)], (237, 101, 250, 250))
([(19, 47), (52, 60), (61, 64), (163, 104), (147, 9)], (62, 232, 61, 91))
([(132, 136), (154, 185), (40, 189)], (131, 80, 101, 225))
([(134, 239), (149, 156), (14, 236)], (100, 219, 143, 199))
([(26, 219), (132, 57), (132, 57), (131, 58), (117, 172), (120, 62), (0, 113)], (28, 215, 121, 155))
([(149, 132), (21, 12), (55, 209), (157, 24), (101, 203)], (245, 150, 95, 136))
([(18, 216), (18, 23), (93, 169)], (152, 81, 36, 248))
([(142, 1), (57, 20), (137, 8)], (199, 141, 103, 227))
([(63, 3), (180, 207), (145, 175), (145, 175), (87, 175)], (222, 188, 229, 83))
([(81, 137), (68, 211), (125, 235)], (85, 251, 18, 190))
([(82, 237), (38, 163), (38, 163), (33, 230)], (245, 210, 103, 167))
([(136, 237), (22, 226), (8, 225), (149, 59)], (222, 107, 113, 79))
([(133, 215), (101, 150), (85, 211)], (179, 216, 43, 196))
([(5, 182), (18, 208), (0, 226), (0, 226), (1, 226), (66, 212)], (101, 136, 168, 7))
([(14, 1), (79, 28), (109, 40), (1, 220)], (182, 154, 65, 98))
([(107, 78), (108, 48), (14, 55)], (73, 53, 122, 119))
([(158, 174), (5, 229), (52, 228), (83, 228), (144, 238)], (238, 17, 211, 114))
([(108, 181), (138, 71), (121, 53)], (162, 160, 112, 8))
([(150, 172), (170, 54), (62, 101), (84, 111), (164, 1)], (99, 112, 126, 157))
([(5, 174), (38, 156), (91, 127), (149, 96), (104, 239), (135, 14), (10, 54)], (76, 181, 82, 171))
([(100, 125), (100, 125), (18, 152)], (158, 68, 79, 15))
([(175, 49), (118, 177), (5, 157)], (144, 187, 220, 226))
([(167, 55), (94, 170), (25, 22)], (170, 101, 145, 145))
([(154, 236), (91, 143), (165, 141)], (133, 73, 238, 247))
([(98, 234), (145, 240), (35, 145)], (146, 55, 111, 174))
([(64, 166), (116, 127), (45, 104), (35, 71)], (126, 189, 53, 231))
([(164, 233), (9, 118), (49, 236)], (246, 138, 213, 207))
([(178, 166), (145, 110), (134, 169), (178, 211)], (178, 230, 189, 228))
([(128, 93), (6, 239), (34, 19)], (75, 71, 146, 80))
([(90, 110), (113, 132), (123, 142), (96, 92)], (255, 0, 175, 85))
([(95, 104), (56, 103), (88, 226)], (35, 82, 186, 181))
([(32, 25), (178, 237), (71, 228), (65, 227), (61, 227)], (75, 90, 239, 193))
([(152, 21), (2, 217), (63, 139)], (68, 151, 242, 101))
([(29, 28), (109, 140), (176, 68)], (225, 40, 85, 198))
([(46, 239), (110, 87), (132, 35)], (6, 253, 206, 154))
([(0, 89), (141, 40), (40, 174), (2, 225)], (167, 253, 100, 204))
([(25, 159), (102, 168), (164, 125)], (16, 200, 147, 225))
([(141, 2), (96, 7), (87, 1)], (29, 229, 218, 54))
([(27, 33), (174, 229), (96, 228)], (131, 230, 211, 185))
([(7, 159), (10, 157), (62, 126), (2, 19)], (73, 201, 192, 206))
([(103, 88), (86, 119), (29, 177), (28, 230)], (40, 99, 27, 211))
([(49, 35), (65, 100), (71, 124), (80, 161)], (25, 60, 147, 231))
([(24, 153), (39, 161), (88, 188), (170, 151), (147, 228), (76, 62)], (108, 171, 202, 21))
([(29, 238), (100, 225), (97, 228)], (84, 214, 238, 221))
([(81, 106), (37, 107), (78, 101), (91, 99)], (183, 192, 87, 244))
([(103, 120), (156, 203), (47, 2)], (117, 248, 75, 52))
([(113, 233), (7, 228), (51, 26)], (202, 227, 243, 210))
([(58, 213), (61, 203), (78, 145)], (227, 178, 153, 206))
([(172, 14), (151, 234), (147, 214), (3, 187)], (149, 38, 207, 189))
([(176, 111), (82, 121), (2, 130), (129, 57), (176, 60)], (176, 220, 219, 120))
([(78, 147), (107, 116), (110, 113), (91, 116)], (68, 48, 35, 224))
([(131, 71), (138, 38), (140, 28), (146, 0), (80, 68)], (119, 139, 123, 117))
([(120, 240), (129, 207), (146, 146), (87, 151)], (172, 193, 151, 33))
([(116, 47), (113, 1), (113, 1)], (16, 231, 70, 84))
([(38, 215), (49, 22), (173, 226)], (234, 143, 212, 216))
([(140, 206), (141, 71), (130, 64)], (153, 183, 200, 116))
([(126, 230), (65, 143), (84, 140), (95, 139), (99, 138), (16, 179)], (44, 14, 249, 181))
([(92, 155), (69, 174), (21, 28)], (93, 54, 50, 7))
([(6, 99), (7, 99), (116, 199), (158, 238), (93, 108), (46, 223)], (198, 128, 100, 155))
([(72, 117), (46, 239), (35, 218)], (250, 30, 166, 208))
([(130, 203), (57, 117), (38, 198)], (154, 115, 161, 115))
([(68, 193), (105, 117), (108, 5)], (41, 248, 207, 58))
([(42, 71), (178, 234), (118, 234), (9, 233)], (190, 173, 192, 161))
([(93, 23), (42, 156), (46, 117)], (233, 194, 204, 100))
([(133, 236), (119, 9), (150, 151), (155, 174), (57, 235)], (253, 167, 166, 6))
([(76, 159), (27, 23), (110, 172)], (148, 158, 222, 149))
([(61, 189), (136, 98), (164, 23), (55, 22), (46, 68)], (185, 200, 55, 159))
([(123, 98), (11, 86), (125, 210)], (220, 8, 173, 238))
([(10, 198), (34, 101), (47, 182)], (6, 12, 163, 30))
([(0, 53), (46, 57), (174, 73), (2, 6), (9, 107), (157, 195)], (100, 209, 142, 238))
([(59, 115), (68, 203), (134, 237)], (199, 158, 224, 147))
([(11, 106), (38, 231), (141, 113)], (60, 61, 85, 153))
([(101, 156), (136, 78), (176, 191), (85, 126)], (84, 26, 102, 254))
([(54, 143), (4, 6), (166, 111)], (91, 246, 165, 203))
([(111, 3), (98, 128), (82, 142)], (201, 49, 193, 206))
([(66, 79), (83, 148), (129, 59)], (252, 188, 79, 162))
([(46, 233), (166, 40), (112, 206), (119, 181)], (162, 225, 141, 222))
([(176, 24), (136, 108), (75, 235), (166, 20)], (106, 41, 171, 154))
([(32, 82), (180, 118), (179, 197), (179, 197), (179, 197)], (160, 98, 141, 242))
([(126, 108), (91, 43), (178, 34), (164, 134), (162, 102)], (161, 128, 182, 221))
([(174, 32), (157, 73), (65, 69)], (147, 200, 169, 185))
([(149, 6), (138, 206), (120, 119), (112, 199), (135, 137), (151, 184), (171, 224)], (15, 167, 101, 188))
([(0, 189), (140, 155), (5, 218)], (76, 59, 120, 251))
([(135, 89), (28, 174), (158, 11)], (206, 144, 99, 80))
([(58, 24), (104, 74), (27, 138)], (204, 238, 11, 1))
([(1, 146), (11, 151), (40, 165), (40, 165), (17, 45)], (135, 216, 101, 153))
([(53, 216), (174, 81), (105, 239)], (164, 201, 241, 165))
([(174, 153), (27, 160), (16, 168), (10, 226)], (118, 85, 249, 254))
([(68, 168), (114, 98), (177, 2), (162, 3), (42, 13), (145, 164)], (91, 98, 88, 198))
([(104, 5), (117, 22), (122, 29), (59, 136)], (83, 223, 72, 99))
([(12, 190), (0, 3), (0, 3), (23, 24), (29, 29), (95, 61)], (96, 252, 204, 202))
([(45, 85), (129, 90), (110, 65), (64, 6)], (161, 151, 35, 90))
([(96, 213), (87, 99), (52, 149), (125, 91), (162, 201)], (235, 160, 253, 95))
([(24, 1), (84, 111), (56, 176), (23, 179)], (138, 120, 214, 182))
([(19, 86), (69, 98), (163, 14)], (162, 212, 204, 206))
([(34, 159), (5, 133), (55, 90)], (154, 91, 243, 26))
([(113, 176), (107, 21), (73, 27)], (133, 92, 3, 107))
([(161, 238), (161, 238), (155, 118), (145, 169)], (200, 152, 225, 111))
([(149, 38), (5, 92), (49, 101)], (183, 49, 239, 146))
([(20, 136), (152, 87), (34, 58)], (194, 245, 55, 23))
([(124, 4), (161, 19), (170, 69), (173, 85), (178, 113), (180, 124)], (191, 84, 48, 178))
([(132, 228), (29, 83), (52, 101), (58, 106), (66, 234), (97, 136), (108, 64)], (200, 170, 250, 248))
([(56, 146), (23, 91), (113, 235)], (195, 27, 207, 134))
([(98, 39), (153, 225), (0, 104)], (244, 233, 137, 195))
([(56, 32), (72, 129), (83, 196), (41, 211), (0, 225)], (188, 219, 140, 132))
([(140, 102), (127, 97), (100, 0)], (193, 43, 19, 84))
([(110, 183), (43, 225), (3, 57), (2, 53)], (11, 253, 197, 88))
([(173, 169), (164, 152), (154, 134), (150, 127), (165, 59), (177, 4), (4, 121)], (226, 198, 197, 110))
([(1, 39), (50, 139), (120, 105), (96, 76), (126, 102)], (212, 87, 119, 176))
([(2, 178), (0, 151), (0, 151), (19, 160), (126, 127)], (199, 146, 155, 182))
([(50, 156), (11, 108), (78, 46)], (243, 213, 201, 180))
([(70, 72), (83, 148), (64, 189)], (56, 6, 127, 78))
([(108, 106), (145, 74), (174, 119), (158, 109), (146, 100), (86, 132), (153, 4)], (108, 76, 133, 216))
([(67, 37), (130, 125), (135, 164), (57, 227), (38, 200), (1, 147)], (192, 229, 252, 246))
([(150, 25), (171, 6), (179, 101), (48, 207)], (223, 17, 227, 50))
([(0, 123), (45, 195), (115, 172), (134, 49), (170, 112)], (112, 206, 246, 199))
([(98, 170), (99, 128), (102, 3), (102, 3), (140, 7)], (244, 77, 197, 94))
([(78, 106), (95, 123), (16, 132)], (168, 80, 233, 83))
([(33, 44), (0, 74), (27, 101), (108, 8), (112, 3)], (208, 4, 107, 115))
([(23, 178), (79, 93), (122, 28), (124, 114)], (36, 45, 71, 207))
([(97, 28), (43, 195), (64, 27)], (160, 101, 31, 92))
([(32, 47), (139, 37), (145, 156), (27, 236)], (80, 173, 240, 204))
([(78, 239), (96, 2), (70, 1), (10, 0)], (238, 128, 94, 210))
([(1, 194), (140, 11), (163, 200)], (65, 137, 233, 194))
([(20, 201), (150, 66), (166, 52)], (39, 233, 4, 88))
([(164, 2), (45, 51), (31, 23), (57, 100), (53, 86), (39, 39), (84, 157)], (135, 149, 96, 252))
([(99, 22), (103, 11), (129, 67)], (250, 194, 26, 214))
([(106, 88), (84, 140), (1, 84), (85, 127)], (30, 192, 169, 130))
([(130, 59), (13, 3), (48, 218)], (235, 137, 233, 24))
([(170, 208), (91, 145), (34, 100), (40, 106), (52, 117), (70, 134), (81, 144), (110, 20)], (157, 184, 185, 189))
([(34, 2), (20, 16), (130, 181)], (227, 214, 180, 255))
([(136, 166), (12, 180), (92, 84), (111, 12)], (39, 147, 45, 90))
([(49, 201), (45, 1), (36, 34), (150, 237), (80, 117)], (102, 25, 37, 235))
([(56, 151), (62, 67), (121, 165)], (0, 179, 114, 207))
([(116, 162), (147, 229), (63, 153)], (178, 40, 246, 105))
([(116, 167), (59, 135), (14, 8)], (105, 162, 199, 64))
([(127, 22), (118, 28), (7, 98), (132, 149), (0, 42), (160, 191)], (157, 126, 252, 91))
([(70, 65), (35, 75), (137, 150)], (38, 33, 118, 96))
([(36, 5), (65, 56), (142, 192)], (102, 125, 240, 48))
([(76, 39), (75, 55), (126, 135), (155, 181)], (87, 66, 210, 225))
([(33, 190), (40, 188), (75, 177), (54, 136), (5, 39)], (250, 180, 182, 141))
([(138, 193), (80, 152), (156, 50)], (165, 222, 98, 237))
([(173, 12), (86, 21), (174, 7)], (153, 140, 71, 216))
([(113, 46), (87, 58), (74, 64), (140, 29)], (109, 109, 74, 252))
([(150, 23), (150, 23), (100, 78)], (118, 53, 44, 124))
([(165, 27), (20, 47), (69, 3)], (247, 6, 61, 125))
([(94, 19), (125, 35), (167, 16), (114, 17)], (247, 225, 49, 212))
([(152, 108), (129, 127), (100, 150), (94, 192)], (74, 24, 2, 12))
([(11, 145), (123, 226), (165, 29), (57, 163), (112, 171), (104, 132), (102, 122), (102, 122), (94, 82)], (196, 188, 164, 170))
([(59, 235), (156, 194), (156, 194), (156, 194), (170, 106)], (238, 235, 173, 125))
([(147, 2), (81, 102), (119, 148), (172, 141)], (246, 37, 210, 124))
([(9, 17), (121, 210), (148, 180)], (186, 59, 218, 19))
([(70, 154), (159, 66), (90, 149), (66, 178), (35, 222), (7, 110)], (150, 199, 229, 40))
([(72, 79), (69, 157), (168, 23), (158, 8), (167, 11), (59, 45)], (199, 228, 107, 212))
([(19, 1), (177, 186), (117, 227)], (252, 224, 220, 165))
([(94, 45), (154, 174), (112, 187)], (89, 216, 4, 156))
([(125, 34), (173, 99), (180, 26)], (191, 190, 60, 104))
([(171, 13), (163, 99), (169, 14)], (201, 176, 178, 73))
([(133, 138), (108, 189), (105, 195), (39, 96), (108, 226), (109, 226), (126, 234), (129, 235)], (214, 188, 172, 176))
([(35, 226), (55, 73), (71, 76)], (151, 15, 247, 197))
([(14, 20), (14, 20), (36, 44), (92, 104), (168, 80)], (166, 70, 239, 188))
([(63, 62), (29, 40), (29, 40), (81, 219)], (33, 215, 189, 180))
([(14, 237), (90, 236), (163, 235), (54, 135)], (178, 254, 119, 78))
([(130, 174), (19, 49), (78, 227), (76, 222), (13, 57), (80, 41)], (207, 179, 173, 67))
([(7, 90), (59, 212), (139, 54), (153, 52), (144, 140), (144, 140), (146, 83), (146, 83)], (178, 205, 159, 2))
([(56, 157), (59, 122), (6, 24), (1, 15), (36, 109)], (224, 238, 235, 215))
([(79, 89), (92, 112), (167, 129)], (17, 207, 162, 174))
([(102, 175), (27, 146), (169, 177)], (130, 80, 164, 98))
([(45, 79), (126, 21), (132, 86), (145, 227)], (158, 254, 207, 217))
([(112, 226), (171, 25), (119, 53), (95, 66)], (149, 207, 94, 186))
([(23, 239), (49, 235), (60, 173), (25, 26)], (42, 120, 183, 142))
([(76, 72), (80, 84), (102, 150), (27, 100)], (33, 180, 65, 185))
([(66, 142), (4, 52), (50, 42), (95, 117)], (199, 206, 206, 177))
([(81, 217), (82, 236), (27, 195)], (236, 158, 172, 147))
([(139, 100), (63, 54), (79, 86), (72, 92), (59, 103)], (112, 70, 3, 205))
([(172, 223), (24, 81), (17, 160)], (189, 210, 221, 221))
([(130, 1), (33, 36), (62, 117)], (202, 30, 182, 10))
([(157, 105), (100, 28), (155, 103), (125, 79), (164, 6)], (237, 145, 66, 232))
([(52, 159), (51, 161), (71, 118), (83, 93)], (13, 32, 17, 30))
([(166, 56), (69, 202), (39, 235), (48, 186), (61, 116), (152, 149)], (157, 235, 85, 35))
([(110, 28), (107, 11), (82, 19), (21, 77)], (144, 117, 43, 16))
([(22, 152), (145, 34), (79, 72)], (94, 152, 20, 112))
([(119, 124), (141, 0), (71, 75), (37, 155)], (201, 111, 10, 86))
([(3, 32), (160, 150), (113, 191), (97, 205), (82, 218)], (139, 252, 199, 235))
([(166, 150), (164, 91), (162, 33), (114, 146), (46, 229)], (203, 163, 250, 139))
([(154, 235), (98, 232), (100, 214)], (199, 233, 202, 252))
([(37, 173), (153, 155), (157, 161), (171, 182)], (14, 111, 111, 227))
([(178, 16), (69, 12), (95, 133)], (149, 1, 33, 56))
([(21, 207), (64, 101), (80, 61), (109, 149)], (198, 95, 1, 108))
([(70, 178), (41, 101), (120, 146)], (253, 51, 192, 143))
([(56, 215), (133, 235), (78, 185), (13, 127)], (178, 239, 223, 251))
([(43, 230), (14, 53), (133, 231)], (243, 193, 234, 222))
([(167, 81), (49, 75), (127, 152)], (90, 118, 0, 202))
([(125, 195), (52, 146), (47, 105)], (229, 164, 94, 185))
([(166, 93), (71, 103), (18, 207), (22, 207)], (155, 191, 227, 251))
([(23, 189), (116, 134), (71, 82), (83, 108)], (171, 65, 161, 185))
([(169, 13), (132, 99), (117, 134)], (154, 132, 40, 15))
([(18, 103), (5, 0), (121, 96)], (249, 187, 127, 197))
([(102, 2), (108, 197), (150, 137)], (172, 50, 228, 34))
([(176, 74), (175, 230), (149, 197), (34, 52)], (227, 202, 146, 145))
([(88, 1), (144, 74), (151, 83), (162, 97), (176, 19)], (218, 29, 118, 183))
([(66, 94), (60, 180), (28, 217)], (127, 222, 106, 170))
([(44, 90), (152, 166), (154, 137), (163, 7)], (173, 213, 151, 118))
([(53, 104), (137, 38), (126, 49), (61, 116), (56, 170)], (142, 130, 143, 25))
([(144, 2), (144, 2), (126, 166), (84, 120), (67, 102), (103, 10)], (234, 2, 110, 45))
([(11, 64), (70, 133), (124, 197), (53, 74)], (156, 55, 136, 127))
([(164, 217), (139, 219), (96, 223), (59, 226), (19, 230)], (177, 242, 241, 229))
([(53, 26), (37, 153), (40, 157), (129, 42)], (224, 44, 67, 232))
([(35, 63), (44, 132), (145, 153)], (80, 49, 115, 252))
([(166, 14), (52, 67), (43, 71), (160, 9), (171, 4)], (182, 18, 16, 141))
([(18, 206), (18, 206), (34, 179), (111, 48)], (133, 148, 97, 50))
([(35, 145), (85, 168), (56, 193), (15, 229)], (95, 132, 178, 195))
([(131, 84), (55, 43), (173, 68)], (199, 176, 56, 181))
([(30, 81), (101, 80), (58, 166), (163, 90)], (168, 75, 18, 140))
([(134, 76), (106, 39), (153, 3), (153, 3)], (121, 86, 10, 61))
([(68, 135), (51, 154), (149, 220)], (240, 230, 35, 225))
([(85, 190), (31, 237), (32, 160)], (129, 253, 178, 21))
([(60, 173), (38, 121), (52, 8)], (170, 51, 2, 174))
([(125, 185), (12, 0), (19, 1)], (243, 196, 166, 154))
([(3, 85), (158, 190), (82, 215), (1, 166)], (235, 238, 248, 122))
([(57, 163), (50, 73), (65, 87), (119, 138)], (252, 91, 31, 203))
([(119, 136), (69, 99), (56, 89)], (213, 240, 122, 191))
([(178, 163), (9, 177), (12, 179)], (238, 87, 108, 215))
([(53, 101), (117, 59), (86, 201)], (171, 113, 111, 133))
([(82, 162), (122, 165), (179, 169), (179, 109), (171, 9), (27, 52)], (250, 52, 2, 164))
([(73, 201), (93, 145), (146, 209), (150, 214), (150, 214), (127, 222)], (250, 222, 223, 249))
([(51, 170), (48, 175), (46, 178), (38, 191), (40, 136)], (7, 5, 77, 77))
([(64, 31), (4, 27), (5, 39), (16, 170)], (254, 182, 170, 98))
([(132, 55), (120, 70), (106, 87), (119, 125)], (173, 28, 222, 50))
([(126, 91), (64, 139), (66, 200)], (138, 69, 90, 39))
([(71, 14), (59, 142), (38, 136)], (165, 5, 91, 81))
([(99, 234), (49, 183), (64, 166)], (237, 233, 212, 137))
([(149, 171), (142, 173), (119, 179), (76, 146), (52, 127)], (200, 102, 31, 189))
([(11, 74), (8, 63), (142, 165)], (234, 57, 85, 79))
([(116, 70), (135, 28), (139, 13), (141, 5), (97, 3), (101, 60), (106, 132)], (255, 209, 62, 22))
([(61, 143), (70, 100), (77, 67)], (186, 215, 114, 74))
([(109, 139), (83, 166), (78, 171), (57, 193), (147, 174), (28, 45), (62, 61), (45, 13)], (43, 54, 5, 10))
([(8, 45), (175, 195), (165, 23)], (255, 51, 83, 82))
([(43, 89), (92, 188), (116, 91)], (206, 100, 3, 189))
([(7, 204), (106, 180), (92, 123)], (149, 48, 33, 65))
([(159, 38), (42, 200), (49, 80)], (201, 56, 100, 192))
([(73, 131), (48, 28), (68, 191), (171, 83)], (235, 5, 118, 14))
([(147, 179), (142, 180), (127, 182), (71, 191), (168, 76)], (239, 7, 63, 109))
([(163, 87), (36, 207), (74, 123), (135, 7)], (215, 73, 82, 148))
([(90, 193), (22, 218), (85, 19), (170, 111)], (239, 204, 97, 5))
