([(60, 195), (128, 7), (42, 61), (131, 62)], (19, 99, 0, 180))
([(33, 52), (108, 181), (38, 43)], (128, 160, 200, 148))
([(18, 103), (5, 0), (121, 96)], (249, 187, 127, 197))
([(59, 95), (23, 239), (49, 235), (28, 222), (89, 8)], (150, 29, 183, 88))
([(55, 38), (104, 176), (180, 138), (127, 222)], (8, 222, 136, 249))
([(45, 85), (153, 52), (168, 141), (64, 6)], (161, 151, 35, 244))
([(154, 236), (141, 190), (150, 37), (43, 185), (165, 141)], (18, 65, 238, 209))
([(108, 106), (145, 74), (174, 119), (148, 81), (86, 132), (64, 118)], (26, 100, 251, 238))
([(137, 184), (96, 43), (96, 2), (10, 0)], (15, 128, 94, 210))
([(14, 20), (78, 20), (92, 104), (100, 80), (93, 171), (60, 84)], (166, 38, 154, 242))
([(28, 224), (82, 33), (148, 98)], (250, 160, 26, 167))
([(176, 111), (2, 130), (63, 168), (153, 87), (176, 60)], (176, 220, 219, 32))
([(30, 86), (140, 227), (152, 9), (30, 148)], (130, 196, 178, 123))
([(40, 210), (81, 150), (154, 100), (49, 22), (173, 226), (58, 158)], (234, 22, 61, 18))
([(99, 234), (49, 183), (67, 163)], (210, 233, 197, 8))
([(101, 84), (14, 187), (65, 158), (53, 72)], (90, 205, 11, 167))
([(20, 201), (27, 184), (55, 215), (71, 56), (108, 206)], (39, 90, 38, 79))
([(145, 216), (78, 227), (13, 57), (164, 23), (51, 91)], (207, 190, 13, 57))
([(17, 179), (167, 55), (94, 170), (135, 68), (156, 15)], (12, 101, 145, 119))
([(130, 203), (37, 15), (22, 99), (21, 114)], (41, 115, 161, 80))
([(13, 72), (72, 147), (101, 142)], (149, 1, 130, 51))
([(147, 179), (71, 191), (168, 76)], (239, 7, 131, 109))
([(48, 220), (134, 104), (16, 202), (113, 235)], (41, 27, 50, 134))
([(29, 187), (178, 166), (134, 91), (88, 75), (173, 210), (178, 211)], (140, 20, 189, 228))
([(82, 124), (17, 164), (38, 212), (146, 89)], (185, 254, 35, 208))
([(58, 213), (17, 196), (78, 145), (22, 109), (176, 215), (149, 137)], (73, 178, 153, 118))
([(64, 209), (178, 163), (9, 177), (78, 29)], (238, 87, 55, 215))
([(13, 56), (24, 139), (178, 237), (61, 227)], (75, 90, 94, 52))
([(173, 172), (60, 228), (140, 128), (166, 20)], (106, 41, 171, 213))
([(124, 191), (30, 114), (89, 56), (15, 103)], (183, 49, 187, 13))
([(149, 135), (97, 233), (76, 87), (27, 202)], (45, 92, 88, 248))
([(146, 219), (17, 116), (104, 82)], (243, 148, 190, 44))
([(176, 74), (175, 230), (34, 52)], (227, 135, 134, 145))
([(71, 154), (0, 226), (122, 48), (102, 152)], (101, 41, 168, 237))
([(108, 14), (145, 156), (149, 88)], (140, 204, 240, 83))
([(124, 174), (62, 214), (33, 190), (82, 175)], (250, 102, 182, 205))
([(163, 133), (87, 188), (23, 179), (84, 69)], (138, 129, 214, 208))
([(129, 26), (61, 189), (60, 80), (155, 134), (16, 47), (103, 224)], (4, 25, 74, 158))
([(0, 123), (22, 89), (170, 112), (36, 37)], (112, 80, 246, 199))
([(52, 52), (68, 193), (25, 162), (108, 5), (149, 185)], (41, 248, 207, 193))
([(1, 203), (73, 166), (143, 139)], (170, 122, 2, 188))
([(76, 116), (162, 33), (96, 189), (72, 92)], (203, 163, 250, 78))
([(116, 222), (66, 88), (80, 161), (84, 42)], (140, 24, 144, 130))
([(33, 44), (17, 76), (86, 98)], (83, 4, 96, 115))
([(113, 233), (169, 29), (92, 166)], (202, 160, 205, 185))
([(24, 50), (119, 163), (94, 82)], (196, 188, 125, 129))
([(56, 32), (164, 204), (0, 225)], (197, 193, 107, 87))
([(174, 153), (128, 35), (27, 160), (169, 133), (27, 144)], (118, 156, 249, 3))
([(32, 110), (161, 19), (101, 158)], (191, 137, 170, 142))
([(146, 116), (39, 235), (101, 2), (73, 51), (130, 25), (25, 103)], (157, 235, 153, 35))
([(71, 14), (55, 184), (38, 136)], (48, 61, 91, 176))
([(29, 238), (152, 178), (66, 123)], (84, 126, 43, 221))
([(67, 205), (130, 8), (7, 206), (22, 207)], (155, 166, 227, 171))
([(82, 34), (108, 30), (73, 115), (148, 180), (125, 33)], (113, 189, 168, 53))
([(135, 52), (173, 216), (57, 20), (121, 58), (137, 8), (137, 117)], (123, 141, 103, 68))
([(29, 215), (73, 23), (128, 79)], (49, 191, 141, 29))
([(59, 115), (125, 200), (134, 237)], (199, 28, 43, 147))
([(107, 160), (125, 152), (142, 76)], (69, 95, 116, 56))
([(150, 83), (160, 41), (62, 101), (31, 237), (164, 1)], (63, 39, 151, 141))
([(124, 173), (180, 207), (145, 175), (146, 45), (15, 229)], (222, 188, 236, 1))
([(1, 146), (142, 136), (158, 103), (180, 142)], (135, 44, 101, 67))
([(101, 156), (152, 137), (43, 172), (144, 165)], (38, 164, 15, 64))
([(171, 13), (93, 166), (98, 221)], (133, 176, 178, 76))
([(64, 158), (43, 67), (114, 120), (96, 203)], (158, 158, 116, 73))
([(70, 178), (84, 203), (51, 38), (120, 146)], (253, 18, 238, 33))
([(120, 157), (9, 118), (165, 163)], (13, 138, 100, 207))
([(18, 216), (72, 85), (108, 179), (36, 132)], (152, 212, 248, 248))
([(64, 230), (56, 157), (63, 129), (1, 15), (48, 141)], (158, 109, 69, 41))
([(47, 53), (58, 199), (132, 162), (56, 89)], (162, 240, 131, 204))
([(145, 30), (24, 115), (170, 106)], (238, 235, 173, 6))
([(68, 86), (83, 114), (108, 128), (35, 182), (35, 75)], (56, 33, 194, 22))
([(52, 193), (40, 116), (60, 43), (94, 174)], (11, 190, 197, 88))
([(5, 174), (149, 96), (41, 92), (47, 115), (10, 54)], (58, 135, 82, 97))
([(146, 103), (11, 108), (143, 71)], (158, 11, 131, 166))
([(106, 180), (70, 115), (84, 147), (128, 97), (33, 43), (118, 8)], (167, 14, 208, 6))
([(126, 94), (108, 31), (1, 147)], (50, 38, 110, 246))
([(57, 163), (28, 209), (85, 52)], (252, 200, 70, 190))
([(87, 79), (96, 136), (62, 67), (87, 206)], (158, 77, 88, 170))
([(103, 148), (95, 160), (77, 139), (96, 68)], (171, 165, 84, 185))
([(89, 7), (25, 67), (84, 110), (87, 151)], (164, 99, 144, 33))
([(130, 12), (18, 206), (104, 135), (61, 7)], (158, 186, 220, 210))
([(147, 2), (13, 234), (62, 204), (36, 200)], (246, 37, 210, 124))
([(129, 167), (95, 190), (35, 173), (111, 174)], (253, 19, 180, 20))
([(11, 99), (162, 15), (133, 131), (64, 34)], (105, 176, 199, 184))
([(1, 194), (140, 11), (163, 200)], (157, 105, 233, 194))
([(78, 82), (121, 125), (64, 225), (133, 130)], (222, 200, 45, 118))
([(49, 169), (134, 234), (117, 59), (18, 192)], (85, 96, 18, 68))
([(167, 148), (130, 173), (39, 216)], (160, 108, 76, 92))
([(106, 38), (132, 57), (0, 113)], (17, 93, 35, 56))
([(166, 14), (43, 71), (46, 87), (113, 88)], (182, 18, 3, 16))
([(173, 33), (32, 238), (41, 178)], (118, 206, 85, 215))
([(76, 39), (64, 230), (42, 100)], (87, 134, 229, 231))
([(109, 189), (112, 211), (67, 208), (168, 161), (149, 59), (132, 159)], (182, 37, 159, 202))
([(116, 162), (147, 229), (42, 105)], (178, 15, 246, 95))
([(99, 31), (55, 43), (131, 166), (175, 110)], (209, 62, 56, 21))
([(0, 89), (118, 170), (18, 221)], (167, 32, 100, 123))
([(116, 70), (107, 111), (141, 5), (97, 3), (113, 233)], (255, 151, 62, 17))
([(155, 79), (131, 29), (97, 12), (171, 107)], (56, 6, 127, 78))
([(55, 182), (114, 22), (142, 192), (164, 103), (113, 157)], (57, 192, 240, 48))
([(126, 108), (60, 147), (91, 43), (178, 34), (162, 102), (26, 177)], (65, 239, 192, 168))
([(11, 13), (11, 209), (113, 211)], (158, 171, 66, 10))
([(85, 139), (10, 21), (6, 45), (67, 159)], (33, 215, 204, 60))
([(41, 16), (104, 16), (85, 190), (102, 168), (52, 158)], (17, 138, 244, 58))
([(125, 157), (4, 27), (16, 170)], (254, 182, 32, 86))
([(174, 98), (46, 239), (93, 167)], (125, 30, 166, 208))
([(4, 217), (173, 99), (180, 26)], (148, 190, 60, 4))
([(29, 28), (109, 140), (8, 52)], (213, 40, 78, 50))
([(121, 215), (125, 26), (50, 75), (39, 220)], (164, 121, 241, 155))
([(102, 55), (30, 231), (110, 139)], (177, 105, 217, 252))
([(130, 92), (142, 11), (118, 18)], (6, 182, 131, 154))
([(61, 133), (119, 179), (52, 127)], (200, 102, 13, 241))
([(61, 124), (7, 159), (155, 81), (10, 54)], (45, 189, 192, 94))
([(115, 231), (169, 68), (101, 51)], (130, 137, 233, 24))
([(76, 203), (4, 6), (166, 111)], (83, 77, 165, 203))
([(148, 201), (176, 105), (82, 97), (19, 160), (126, 127)], (32, 93, 155, 132))
([(95, 104), (72, 30), (67, 77), (98, 197), (38, 181)], (157, 225, 232, 37))
([(151, 160), (63, 194), (171, 25), (95, 66)], (149, 239, 126, 57))
([(12, 190), (9, 96), (0, 3), (82, 76), (87, 125)], (96, 252, 204, 202))
([(121, 109), (87, 143), (73, 27)], (109, 92, 3, 23))
([(123, 98), (11, 86), (125, 210)], (220, 8, 163, 218))
([(84, 62), (16, 11), (157, 215), (157, 7)], (237, 101, 250, 168))
([(88, 1), (6, 47), (70, 65), (176, 19)], (218, 29, 118, 183))
([(3, 88), (109, 6), (162, 66), (113, 1), (64, 65)], (16, 63, 138, 13))
([(52, 49), (47, 139), (147, 9)], (62, 243, 61, 104))
([(162, 55), (148, 93), (20, 76)], (80, 28, 222, 247))
([(171, 32), (163, 29), (86, 201), (168, 33)], (171, 81, 110, 84))
([(107, 78), (103, 131), (81, 47), (106, 166)], (197, 53, 13, 119))
([(150, 98), (177, 119), (135, 129)], (247, 101, 174, 116))
([(144, 148), (137, 115), (135, 80), (114, 49)], (173, 7, 220, 24))
([(21, 207), (77, 128), (54, 82)], (198, 28, 143, 79))
([(14, 237), (163, 235), (39, 153), (55, 162)], (178, 121, 119, 72))
([(161, 109), (98, 234), (35, 145), (31, 137)], (144, 55, 85, 129))
([(99, 11), (113, 46), (132, 151), (9, 93)], (109, 149, 74, 209))
([(81, 106), (91, 99), (166, 71)], (169, 192, 87, 28))
([(157, 150), (14, 53), (133, 231)], (243, 55, 216, 114))
([(111, 3), (91, 195), (73, 90)], (201, 233, 193, 202))
([(34, 154), (108, 197), (162, 90)], (96, 50, 120, 34))
([(149, 6), (138, 206), (106, 52), (151, 184), (171, 224)], (15, 215, 49, 253))
([(12, 55), (0, 53), (58, 81), (35, 41), (138, 99), (157, 195)], (15, 209, 142, 230))
([(39, 218), (172, 167), (129, 236), (65, 204), (137, 97), (68, 107)], (56, 3, 75, 52))
([(90, 132), (127, 43), (126, 110)], (199, 233, 202, 252))
([(164, 217), (19, 230), (89, 191)], (177, 36, 241, 35))
([(140, 206), (136, 214), (73, 91)], (153, 183, 191, 214))
([(142, 131), (18, 50), (113, 74), (48, 174)], (226, 121, 98, 132))
([(177, 74), (155, 118), (141, 22)], (66, 203, 225, 142))
([(114, 45), (62, 211), (176, 215), (21, 28)], (93, 0, 94, 146))
([(148, 74), (84, 74), (94, 192)], (74, 24, 2, 12))
([(36, 190), (102, 155), (41, 107), (4, 154), (12, 145)], (49, 111, 220, 157))
([(178, 101), (47, 235), (9, 77), (8, 216)], (89, 216, 4, 156))
([(39, 74), (60, 37), (117, 178), (108, 165), (128, 94)], (247, 225, 49, 179))
([(33, 190), (67, 2), (110, 119), (31, 58)], (125, 228, 53, 100))
([(3, 85), (172, 94), (82, 215), (105, 38), (1, 166)], (235, 48, 248, 80))
([(135, 69), (155, 199), (143, 25), (172, 197)], (30, 192, 169, 87))
([(45, 69), (32, 93), (33, 230), (137, 218)], (226, 236, 27, 69))
([(46, 58), (170, 208), (5, 6), (33, 99), (81, 144), (110, 20)], (40, 184, 181, 105))
([(180, 153), (92, 112), (167, 129)], (17, 35, 2, 34))
([(52, 154), (161, 200), (12, 105), (138, 81), (172, 97)], (58, 42, 145, 70))
([(138, 180), (84, 7), (70, 159), (108, 25), (13, 62), (48, 179)], (95, 82, 70, 195))
([(32, 89), (55, 90), (65, 7)], (2, 91, 243, 27))
([(57, 12), (30, 178), (77, 102), (86, 90), (72, 196)], (44, 69, 171, 245))
([(34, 2), (20, 16), (144, 155)], (129, 214, 180, 255))
([(69, 38), (171, 6), (84, 50), (53, 158)], (223, 17, 227, 19))
([(50, 41), (62, 183), (11, 101), (168, 224)], (237, 22, 66, 0))
([(168, 110), (24, 81), (16, 171)], (189, 210, 109, 105))
([(127, 22), (7, 98), (77, 155), (166, 174), (82, 150)], (147, 126, 252, 86))
([(158, 174), (60, 94), (150, 228)], (238, 17, 211, 24))
([(157, 100), (145, 85), (123, 179)], (193, 186, 86, 78))
([(35, 75), (31, 23), (66, 130), (119, 203), (139, 81)], (128, 67, 96, 237))
([(67, 1), (45, 34), (155, 129), (84, 205), (146, 23)], (137, 238, 190, 1))
([(149, 132), (77, 123), (101, 203)], (213, 150, 129, 82))
([(119, 129), (57, 193), (147, 174), (28, 45), (125, 216)], (174, 54, 205, 133))
([(174, 204), (92, 7), (135, 24)], (95, 254, 207, 14))
([(93, 46), (134, 141), (66, 140)], (145, 14, 101, 225))
([(113, 39), (102, 3), (38, 207), (140, 7)], (244, 77, 201, 121))
([(152, 21), (63, 139), (137, 117)], (114, 151, 97, 253))
([(28, 109), (29, 83), (97, 136), (119, 212)], (200, 170, 250, 196))
([(177, 179), (180, 101), (133, 235), (80, 129), (59, 83)], (178, 180, 191, 66))
([(75, 237), (149, 34), (76, 72), (160, 143), (27, 100)], (33, 180, 122, 73))
([(133, 215), (141, 73), (120, 33), (142, 76), (88, 193)], (172, 216, 43, 222))
([(160, 195), (176, 139), (28, 111)], (131, 85, 211, 167))
([(151, 228), (93, 112), (32, 82), (40, 129), (23, 73), (109, 228)], (129, 156, 102, 115))
([(177, 116), (53, 26), (107, 175), (129, 42)], (161, 32, 67, 95))
([(6, 99), (140, 141), (46, 223)], (153, 18, 100, 127))
([(160, 72), (98, 19), (12, 166)], (118, 53, 44, 228))
([(134, 76), (172, 65), (153, 3)], (121, 160, 10, 52))
([(144, 2), (39, 30), (11, 41)], (106, 2, 110, 45))
([(68, 223), (69, 98), (163, 14)], (162, 28, 204, 92))
([(85, 18), (111, 235), (39, 61), (56, 180), (5, 218), (58, 5)], (76, 36, 54, 162))
([(89, 69), (20, 16), (33, 2), (171, 139), (118, 177), (5, 157)], (144, 163, 135, 154))
([(11, 64), (159, 167), (129, 16), (126, 199), (53, 74)], (156, 55, 245, 14))
([(167, 227), (102, 175), (65, 148)], (18, 221, 164, 58))
([(144, 223), (94, 146), (129, 204)], (31, 82, 23, 176))
([(1, 39), (50, 139), (110, 179), (115, 120)], (203, 87, 119, 59))
([(82, 234), (118, 207), (142, 173), (71, 136), (8, 52)], (153, 140, 64, 216))
([(167, 146), (87, 1), (3, 2)], (29, 23, 218, 139))
([(30, 81), (24, 191), (163, 90)], (164, 203, 18, 140))
([(174, 144), (79, 196), (85, 190), (34, 218)], (174, 253, 48, 21))
([(162, 59), (98, 50), (7, 204), (81, 207)], (206, 230, 113, 189))
([(51, 170), (22, 217), (44, 141), (39, 135)], (7, 5, 197, 77))
([(88, 177), (130, 134), (117, 164), (96, 16), (37, 155)], (172, 111, 124, 238))
([(150, 127), (93, 54), (74, 146), (178, 154), (98, 21)], (102, 74, 191, 252))
([(10, 88), (124, 59), (62, 117), (178, 195), (100, 137)], (202, 30, 182, 87))
([(20, 136), (13, 150), (92, 113), (34, 58)], (194, 4, 55, 115))
([(19, 52), (68, 168), (177, 2), (141, 151)], (91, 51, 88, 17))
([(118, 148), (45, 1), (23, 184), (18, 100), (36, 38), (80, 117)], (4, 81, 37, 58))
([(83, 137), (4, 153), (77, 235), (164, 105), (16, 179)], (98, 90, 142, 181))
([(82, 162), (179, 169), (179, 109), (120, 27), (147, 117), (27, 52)], (153, 52, 2, 132))
([(62, 214), (88, 94), (117, 196)], (52, 160, 253, 123))
([(35, 62), (162, 191), (2, 104)], (168, 80, 142, 83))
([(39, 40), (76, 6), (175, 195), (165, 23), (124, 83)], (255, 51, 29, 162))
([(14, 29), (172, 116), (170, 151), (71, 206)], (108, 171, 200, 225))
([(83, 114), (159, 30), (145, 34), (79, 72)], (94, 58, 20, 101))
([(133, 138), (93, 219), (129, 235)], (165, 188, 30, 237))
([(10, 198), (65, 160), (34, 101), (47, 182)], (99, 219, 163, 78))
([(56, 82), (34, 216), (59, 165), (57, 73)], (40, 173, 192, 39))
([(6, 43), (139, 172), (172, 74), (67, 37)], (80, 136, 115, 67))
([(34, 178), (10, 25), (158, 11)], (176, 187, 99, 80))
([(13, 81), (8, 63), (142, 165)], (213, 57, 96, 208))
([(31, 133), (104, 4), (65, 154), (111, 12)], (39, 147, 61, 90))
([(33, 110), (158, 188), (91, 71), (74, 68), (171, 238), (77, 67)], (186, 249, 114, 222))
([(134, 239), (149, 156), (147, 88), (14, 236), (92, 38)], (14, 17, 68, 8))
([(103, 81), (139, 100), (97, 71), (44, 116), (121, 201), (56, 171)], (112, 70, 3, 208))
([(88, 48), (163, 9), (49, 80)], (201, 135, 100, 192))
([(100, 217), (85, 19), (170, 111)], (187, 204, 97, 199))
([(14, 185), (4, 217), (138, 159)], (149, 12, 33, 99))
([(103, 88), (107, 131), (8, 190)], (40, 99, 27, 143))
([(93, 23), (135, 22), (0, 216)], (233, 10, 204, 100))
([(115, 220), (1, 19), (60, 43), (136, 133), (144, 195), (128, 63)], (68, 48, 35, 171))
([(25, 54), (88, 19), (113, 5)], (228, 140, 79, 48))
([(174, 216), (150, 162), (175, 146)], (173, 69, 90, 41))
([(66, 79), (30, 89), (92, 158)], (87, 188, 104, 1))
([(106, 42), (82, 236), (32, 182), (27, 195)], (201, 158, 172, 2))
([(39, 155), (84, 153), (35, 222), (19, 186)], (150, 54, 95, 40))
([(24, 13), (5, 115), (118, 39), (44, 98)], (182, 9, 65, 179))
([(68, 135), (34, 12), (51, 154), (149, 220)], (240, 14, 215, 213))
([(134, 148), (72, 79), (168, 23), (158, 8), (40, 202), (59, 45)], (199, 228, 107, 182))
([(4, 52), (95, 117), (132, 18), (169, 68)], (199, 206, 34, 89))
([(79, 70), (122, 124), (102, 18), (108, 139)], (100, 129, 108, 15))
([(87, 112), (125, 113), (176, 190), (153, 141)], (235, 5, 118, 14))
([(172, 14), (103, 200), (116, 56)], (149, 179, 207, 147))
([(148, 125), (49, 4), (34, 112), (151, 75), (140, 133)], (111, 213, 175, 32))
([(60, 109), (164, 33), (108, 130)], (127, 222, 106, 80))
([(134, 147), (163, 87), (94, 70), (135, 7)], (215, 200, 82, 148))
([(63, 205), (121, 70), (15, 60), (54, 118)], (62, 71, 176, 80))
([(66, 42), (35, 191), (175, 130), (56, 109), (49, 128), (74, 151)], (223, 130, 146, 214))
([(98, 143), (122, 29), (59, 136), (158, 93), (41, 67)], (83, 223, 72, 214))
([(101, 129), (3, 32), (129, 158)], (47, 252, 199, 203))
([(35, 145), (119, 139), (15, 229), (130, 114)], (95, 7, 178, 213))
([(131, 194), (64, 140), (114, 215), (115, 93)], (13, 32, 49, 184))
([(171, 40), (60, 230), (134, 80), (74, 38)], (214, 191, 107, 72))
