([(104, 5), (99, 56), (81, 239), (59, 136)], (144, 223, 72, 178))
([(65, 175), (56, 192), (115, 132), (164, 83)], (150, 233, 45, 41))
([(98, 2), (73, 201), (21, 28)], (93, 13, 49, 48))
([(178, 222), (128, 121), (91, 32), (19, 25), (36, 44)], (166, 252, 239, 112))
([(60, 230), (84, 222), (103, 211)], (214, 191, 107, 164))
([(171, 32), (124, 149), (75, 103), (80, 143), (88, 208)], (213, 240, 122, 146))
([(99, 71), (117, 59), (86, 201)], (39, 177, 111, 133))
([(134, 239), (149, 156), (14, 236)], (180, 219, 143, 199))
([(26, 219), (131, 58), (120, 62), (101, 70), (36, 98), (0, 113)], (84, 215, 165, 155))
([(125, 34), (163, 85), (173, 99), (180, 26)], (191, 190, 195, 104))
([(18, 216), (99, 173), (93, 169)], (112, 189, 174, 36))
([(100, 125), (124, 87), (132, 109)], (234, 68, 79, 27))
([(31, 31), (68, 211), (125, 235)], (85, 251, 18, 190))
([(177, 2), (162, 3), (145, 164)], (91, 98, 88, 198))
([(64, 227), (53, 38), (88, 19)], (125, 210, 142, 58))
([(11, 53), (29, 150), (2, 53)], (122, 172, 197, 216))
([(170, 174), (44, 240), (49, 101)], (183, 49, 239, 146))
([(62, 136), (102, 150), (94, 148)], (142, 30, 65, 83))
([(133, 215), (130, 209), (129, 175), (148, 192), (162, 204)], (204, 216, 141, 186))
([(85, 190), (31, 237), (32, 160)], (69, 173, 178, 21))
([(130, 32), (176, 19), (57, 152)], (162, 160, 112, 8))
([(14, 1), (79, 28), (67, 74), (1, 220)], (182, 238, 65, 98))
([(19, 178), (121, 210), (148, 180)], (107, 180, 218, 67))
([(64, 166), (58, 83), (134, 63)], (213, 124, 53, 188))
([(0, 53), (46, 57), (62, 206), (106, 47), (35, 19), (2, 6), (9, 107)], (100, 209, 240, 238))
([(54, 143), (4, 6), (166, 111)], (91, 246, 165, 203))
([(115, 150), (83, 148), (129, 59)], (252, 188, 79, 162))
([(80, 167), (156, 32), (82, 0)], (75, 53, 122, 149))
([(1, 211), (62, 67), (121, 165)], (0, 0, 250, 241))
([(100, 93), (98, 97), (162, 152)], (40, 99, 27, 152))
([(158, 174), (50, 213), (5, 229), (83, 228), (144, 238)], (238, 17, 211, 216))
([(150, 172), (169, 60), (84, 111), (164, 1)], (157, 112, 115, 157))
([(5, 174), (37, 157), (38, 156), (149, 96), (104, 239), (1, 57)], (220, 181, 82, 171))
([(154, 236), (91, 143), (95, 203)], (133, 119, 238, 247))
([(175, 49), (151, 223), (5, 157)], (144, 187, 220, 226))
([(12, 190), (0, 3), (0, 3), (23, 24)], (96, 252, 245, 202))
([(130, 203), (90, 156), (175, 111)], (154, 115, 161, 156))
([(139, 239), (78, 227), (155, 85)], (177, 105, 217, 154))
([(98, 234), (145, 240), (72, 177)], (146, 55, 209, 174))
([(93, 80), (173, 228), (178, 237), (71, 228)], (75, 211, 50, 193))
([(46, 239), (3, 40), (1, 57)], (231, 253, 206, 154))
([(175, 228), (146, 221), (35, 194), (109, 149)], (154, 95, 86, 161))
([(94, 19), (167, 16), (167, 155), (167, 155)], (247, 204, 49, 212))
([(61, 189), (136, 98), (39, 30)], (185, 200, 55, 192))
([(82, 237), (77, 229), (74, 229), (33, 230)], (245, 251, 103, 167))
([(0, 89), (141, 40), (111, 80), (40, 174), (2, 225)], (167, 253, 100, 230))
([(178, 16), (140, 15), (95, 133)], (208, 21, 200, 197))
([(12, 149), (27, 121), (97, 187), (116, 199), (158, 238), (46, 223)], (198, 128, 100, 212))
([(84, 149), (59, 135), (23, 33), (158, 32)], (105, 162, 199, 49))
([(173, 75), (132, 129), (180, 75)], (195, 58, 207, 195))
([(86, 65), (43, 163), (88, 188), (103, 181), (170, 151), (156, 198), (147, 228)], (108, 171, 248, 94))
([(90, 29), (28, 177), (138, 202)], (56, 32, 223, 30))
([(14, 237), (38, 237), (163, 235), (93, 171), (64, 144), (54, 135)], (178, 254, 119, 225))
([(152, 140), (19, 187), (91, 34)], (250, 194, 34, 142))
([(63, 26), (150, 190), (122, 132)], (245, 191, 75, 52))
([(159, 117), (29, 32), (51, 26)], (202, 227, 243, 210))
([(26, 11), (75, 72), (176, 66), (80, 154)], (56, 97, 127, 213))
([(29, 238), (90, 177), (63, 110), (31, 30)], (10, 214, 238, 221))
([(172, 14), (41, 71), (3, 187)], (149, 38, 207, 143))
([(82, 234), (174, 229), (169, 181), (150, 1)], (131, 201, 211, 185))
([(129, 86), (58, 106), (66, 234), (97, 136), (151, 32), (163, 9)], (200, 222, 250, 248))
([(8, 71), (90, 134), (145, 152)], (119, 19, 145, 28))
([(141, 2), (179, 43), (101, 7), (90, 2), (87, 1)], (29, 229, 218, 54))
([(78, 147), (72, 14), (110, 113)], (68, 48, 35, 235))
([(30, 79), (137, 38), (87, 158)], (142, 130, 126, 25))
([(102, 2), (40, 81), (44, 218)], (172, 50, 228, 189))
([(120, 240), (139, 185), (87, 151)], (172, 193, 151, 33))
([(172, 103), (40, 215), (157, 215)], (237, 101, 250, 250))
([(157, 134), (180, 207), (145, 175)], (222, 188, 229, 88))
([(96, 162), (64, 202), (176, 191)], (58, 0, 102, 254))
([(136, 237), (90, 233), (121, 36), (17, 42), (91, 59), (149, 59)], (222, 107, 113, 165))
([(130, 1), (169, 1), (33, 36), (62, 117)], (202, 30, 182, 10))
([(35, 63), (46, 79), (97, 153), (145, 153)], (80, 49, 105, 252))
([(38, 215), (78, 159), (49, 22), (173, 226)], (234, 143, 212, 216))
([(27, 56), (111, 202), (16, 179)], (240, 14, 249, 8))
([(32, 47), (95, 117), (145, 156)], (15, 125, 240, 82))
([(8, 147), (22, 184), (35, 218)], (250, 30, 166, 208))
([(98, 162), (113, 80), (113, 80), (114, 75), (52, 155)], (41, 248, 126, 161))
([(42, 71), (98, 138), (178, 234), (118, 234), (9, 233)], (190, 173, 192, 161))
([(51, 180), (113, 1), (113, 1)], (16, 231, 70, 66))
([(55, 53), (96, 70), (135, 87), (139, 89), (144, 31), (125, 210)], (186, 37, 173, 238))
([(11, 106), (38, 231), (57, 209), (57, 209), (95, 142), (174, 1)], (60, 61, 85, 153))
([(84, 81), (11, 60), (102, 3), (140, 7)], (244, 77, 197, 208))
([(130, 196), (77, 208), (106, 104)], (194, 245, 135, 203))
([(46, 233), (128, 101), (89, 102), (12, 105)], (162, 238, 141, 222))
([(111, 3), (98, 128), (82, 142)], (246, 49, 24, 206))
([(126, 108), (92, 45), (178, 34), (164, 134)], (161, 121, 78, 221))
([(81, 106), (78, 101), (91, 99)], (183, 218, 87, 162))
([(170, 103), (14, 125), (22, 118)], (154, 91, 243, 219))
([(176, 24), (167, 190), (124, 134), (105, 109), (110, 117), (141, 163)], (165, 41, 171, 246))
([(152, 108), (129, 127), (94, 192)], (74, 24, 2, 12))
([(93, 187), (29, 143), (162, 98)], (112, 248, 86, 114))
([(140, 28), (146, 0), (80, 68)], (188, 139, 123, 168))
([(177, 113), (180, 53), (1, 84)], (117, 192, 169, 174))
([(73, 131), (112, 116), (171, 83)], (57, 5, 118, 14))
([(149, 6), (138, 206), (120, 119), (151, 184), (171, 224)], (7, 0, 101, 247))
([(110, 28), (102, 86), (91, 166), (82, 19)], (144, 56, 43, 9))
([(168, 73), (36, 139), (88, 89), (145, 34)], (141, 167, 20, 112))
([(112, 226), (9, 71), (23, 75)], (15, 207, 98, 186))
([(0, 189), (140, 155), (140, 149), (5, 218)], (76, 59, 198, 251))
([(144, 214), (39, 105), (123, 219)], (251, 144, 117, 149))
([(47, 37), (123, 142), (96, 92)], (77, 0, 18, 85))
([(1, 146), (11, 151), (40, 165), (40, 165)], (135, 228, 101, 153))
([(20, 70), (59, 63), (32, 58), (3, 52)], (62, 232, 33, 91))
([(25, 159), (32, 160), (43, 39)], (16, 41, 147, 27))
([(53, 216), (137, 222), (105, 239)], (164, 201, 241, 244))
([(140, 206), (141, 71), (173, 105)], (153, 183, 124, 116))
([(49, 35), (67, 108), (80, 161), (132, 73)], (25, 176, 253, 225))
([(18, 206), (101, 18), (111, 48)], (133, 148, 74, 50))
([(109, 228), (6, 239), (14, 176)], (75, 71, 213, 96))
([(7, 90), (132, 103), (81, 169), (144, 140), (144, 140), (144, 140)], (178, 205, 237, 49))
([(164, 233), (9, 118), (49, 236)], (246, 221, 253, 207))
([(164, 2), (31, 23), (84, 157)], (135, 149, 96, 252))
([(45, 85), (124, 83), (64, 6)], (161, 95, 35, 145))
([(140, 102), (5, 196), (100, 0)], (193, 43, 19, 180))
([(32, 210), (122, 122), (180, 66), (71, 54)], (243, 213, 201, 180))
([(167, 81), (156, 111), (161, 199)], (90, 118, 0, 202))
([(142, 1), (100, 10), (57, 20), (137, 8)], (199, 141, 103, 227))
([(71, 81), (21, 12), (55, 209)], (245, 150, 95, 232))
([(177, 4), (14, 72), (73, 27)], (211, 187, 3, 135))
([(59, 213), (6, 205), (27, 167)], (72, 127, 186, 13))
([(90, 66), (114, 124), (161, 238), (155, 118), (148, 154), (145, 169)], (200, 152, 225, 179))
([(174, 100), (10, 157), (2, 19)], (233, 230, 192, 206))
([(124, 4), (161, 19), (170, 69), (178, 113), (178, 113), (180, 124)], (191, 84, 48, 193))
([(55, 83), (132, 159), (37, 137), (16, 132)], (72, 254, 233, 83))
([(127, 22), (7, 98), (0, 42)], (157, 171, 252, 140))
([(144, 2), (144, 2), (126, 166), (84, 120), (67, 102), (80, 69), (103, 10)], (234, 10, 110, 97))
([(63, 191), (116, 226), (125, 74), (121, 229), (172, 97)], (42, 141, 145, 70))
([(116, 162), (102, 188), (56, 44)], (249, 40, 78, 105))
([(56, 32), (58, 44), (72, 129), (83, 196), (41, 211), (0, 225)], (185, 219, 140, 132))
([(32, 82), (180, 118), (179, 197), (179, 197), (179, 197)], (160, 98, 141, 242))
([(5, 182), (12, 196), (18, 208), (18, 208), (9, 217), (0, 226), (33, 237)], (101, 221, 168, 244))
([(10, 198), (11, 137), (47, 182)], (28, 94, 76, 176))
([(155, 191), (175, 86), (177, 4), (32, 102)], (226, 198, 37, 129))
([(1, 39), (50, 139), (53, 142), (130, 228)], (223, 87, 119, 166))
([(36, 194), (76, 152), (78, 145), (78, 145), (78, 145), (78, 145)], (184, 178, 147, 206))
([(180, 175), (134, 169), (156, 128), (172, 205), (178, 211)], (178, 230, 189, 228))
([(21, 228), (5, 0), (121, 96)], (249, 187, 208, 197))
([(87, 113), (140, 129), (173, 68)], (190, 176, 56, 196))
([(2, 178), (0, 151), (55, 133), (19, 160), (126, 127)], (199, 146, 155, 182))
([(125, 195), (52, 146), (47, 105), (18, 182), (13, 195)], (111, 210, 94, 82))
([(170, 143), (76, 51), (153, 4)], (190, 76, 60, 216))
([(174, 153), (171, 153), (16, 168), (0, 60)], (161, 216, 176, 254))
([(176, 111), (136, 154), (2, 130), (160, 62), (131, 57), (138, 58), (143, 58), (176, 60)], (188, 162, 212, 137))
([(159, 52), (57, 77), (51, 73)], (38, 90, 142, 180))
([(154, 122), (154, 122), (170, 150), (102, 39), (105, 38), (140, 29)], (109, 113, 74, 249))
([(138, 193), (108, 204), (66, 37)], (165, 222, 181, 237))
([(20, 201), (73, 229), (11, 116)], (39, 233, 183, 88))
([(2, 14), (130, 125), (135, 164), (57, 227), (38, 200), (1, 147)], (192, 229, 252, 246))
([(173, 12), (86, 21), (174, 7)], (153, 140, 71, 216))
([(0, 123), (75, 154), (115, 172), (134, 49), (170, 112)], (229, 206, 246, 66))
([(0, 74), (27, 101), (108, 8), (112, 3)], (208, 4, 107, 115))
([(78, 239), (96, 2), (70, 1), (10, 0)], (238, 128, 94, 210))
([(1, 194), (62, 114), (140, 11), (152, 110), (163, 200)], (65, 137, 233, 194))
([(133, 236), (129, 151), (84, 204), (57, 235)], (253, 167, 166, 6))
([(35, 226), (62, 102), (71, 76)], (132, 161, 247, 197))
([(24, 1), (112, 163), (136, 183), (23, 179)], (138, 120, 250, 182))
([(30, 86), (140, 227), (5, 217)], (80, 130, 178, 67))
([(170, 208), (70, 134), (110, 20)], (157, 184, 185, 189))
([(34, 2), (20, 16), (130, 181)], (227, 214, 180, 255))
([(96, 213), (84, 163), (162, 178), (162, 201)], (235, 219, 253, 95))
([(59, 115), (66, 183), (66, 183), (68, 203), (134, 237)], (248, 158, 224, 147))
([(142, 25), (75, 55), (155, 181)], (87, 2, 210, 225))
([(24, 8), (14, 3), (13, 3), (48, 218)], (235, 137, 233, 207))
([(49, 201), (45, 1), (43, 8), (36, 34)], (102, 25, 37, 234))
([(176, 74), (175, 230), (31, 151), (149, 197), (108, 175)], (227, 202, 166, 145))
([(76, 159), (42, 83), (7, 4), (48, 61), (64, 90), (157, 189)], (244, 230, 190, 149))
([(176, 71), (122, 63), (19, 49), (78, 227)], (224, 212, 173, 67))
([(178, 19), (69, 98), (163, 14)], (162, 212, 35, 182))
([(71, 87), (75, 139), (28, 217)], (121, 222, 106, 209))
([(93, 23), (107, 176), (59, 130), (46, 117)], (233, 194, 204, 163))
([(36, 5), (65, 56), (142, 192)], (102, 125, 154, 48))
([(33, 190), (33, 190), (40, 188), (5, 39)], (250, 206, 182, 141))
([(3, 77), (64, 35), (100, 78)], (118, 53, 39, 159))
([(101, 65), (83, 238), (8, 37)], (198, 232, 227, 101))
([(165, 27), (20, 47), (69, 3)], (247, 6, 61, 125))
([(174, 32), (172, 37), (157, 73), (65, 69)], (147, 200, 169, 185))
([(89, 107), (92, 112), (167, 129)], (17, 207, 162, 60))
([(87, 193), (102, 173), (155, 103), (136, 31), (164, 6)], (237, 96, 66, 255))
([(51, 75), (83, 52), (126, 21), (145, 227)], (158, 254, 207, 217))
([(11, 145), (123, 226), (165, 29), (57, 163), (112, 171), (86, 160), (2, 125), (102, 122), (94, 82)], (196, 218, 164, 56))
([(147, 2), (81, 102), (84, 105), (131, 146), (172, 141)], (246, 37, 66, 158))
([(4, 52), (3, 85), (0, 185)], (199, 206, 206, 177))
([(49, 9), (36, 155), (49, 80)], (235, 56, 100, 192))
([(168, 23), (167, 11), (88, 36), (59, 45)], (199, 228, 107, 136))
([(19, 1), (176, 185), (117, 227)], (252, 224, 220, 165))
([(94, 45), (154, 174), (112, 187)], (89, 216, 4, 228))
([(166, 14), (52, 67), (43, 71), (160, 9), (171, 4)], (210, 18, 30, 168))
([(106, 39), (153, 3), (153, 3)], (121, 86, 66, 61))
([(63, 62), (29, 40), (63, 157)], (33, 215, 189, 180))
([(120, 53), (116, 52), (1, 15), (36, 109)], (224, 238, 235, 215))
([(102, 175), (45, 170), (53, 151), (56, 152), (169, 177)], (130, 80, 164, 221))
([(133, 138), (108, 189), (164, 198), (108, 226), (129, 235)], (214, 188, 250, 162))
([(177, 176), (106, 87), (11, 132)], (182, 28, 179, 50))
([(23, 239), (49, 235), (117, 76), (39, 52)], (42, 120, 183, 116))
([(82, 236), (82, 236), (82, 236), (62, 206), (33, 163)], (236, 233, 204, 149))
([(63, 54), (79, 86), (48, 80)], (165, 234, 3, 205))
([(172, 223), (48, 104), (24, 81), (17, 160)], (189, 210, 221, 221))
([(23, 178), (45, 151), (54, 29), (123, 71), (123, 71), (123, 71)], (47, 83, 71, 124))
([(42, 122), (134, 39), (141, 0), (71, 75), (43, 34)], (201, 111, 10, 86))
([(166, 56), (69, 202), (64, 208), (39, 235), (48, 186), (54, 154), (61, 116)], (157, 235, 85, 35))
([(160, 150), (97, 205), (111, 168)], (61, 252, 40, 235))
([(166, 150), (162, 33), (46, 229)], (203, 163, 250, 139))
([(37, 173), (39, 173), (108, 166), (149, 162), (157, 161), (171, 182)], (14, 111, 111, 227))
([(61, 143), (8, 183), (77, 67)], (186, 215, 30, 74))
([(56, 215), (60, 210), (63, 206), (68, 199), (78, 185), (13, 127)], (178, 239, 223, 251))
([(29, 28), (109, 140), (149, 44)], (225, 40, 85, 149))
([(43, 230), (14, 53), (133, 231)], (243, 193, 234, 222))
([(23, 189), (116, 134), (109, 128), (83, 108)], (13, 65, 161, 199))
([(169, 13), (163, 171), (117, 134)], (165, 132, 16, 15))
([(61, 121), (2, 217), (119, 185)], (14, 151, 242, 104))
([(88, 1), (151, 83), (47, 164), (172, 41), (176, 19)], (218, 29, 118, 183))
([(150, 25), (171, 6), (178, 89), (178, 89), (179, 101), (148, 201)], (223, 29, 205, 68))
([(44, 90), (84, 118), (146, 162), (152, 166), (163, 7)], (173, 213, 127, 118))
([(98, 39), (52, 203), (0, 104)], (244, 233, 137, 43))
([(97, 28), (115, 47), (43, 195), (47, 163), (64, 27)], (237, 101, 9, 236))
([(108, 212), (104, 74), (42, 53)], (167, 146, 56, 1))
([(11, 64), (34, 91), (70, 133), (97, 165), (106, 166), (92, 142), (53, 74)], (156, 55, 136, 250))
([(164, 217), (139, 219), (4, 48), (59, 226), (19, 230)], (177, 242, 241, 229))
([(53, 26), (37, 153), (40, 157), (90, 141)], (224, 44, 67, 232))
([(35, 145), (56, 193), (15, 229)], (95, 132, 210, 158))
([(12, 180), (92, 84), (76, 183)], (39, 58, 45, 118))
([(59, 235), (22, 148), (137, 187), (156, 194), (150, 211), (142, 234)], (238, 235, 173, 125))
([(70, 178), (41, 101), (93, 131), (120, 146)], (253, 152, 102, 143))
([(30, 81), (101, 63), (101, 80), (58, 166), (137, 109), (163, 90)], (168, 75, 18, 140))
([(68, 135), (67, 165), (135, 211)], (240, 230, 35, 225))
([(60, 173), (60, 173), (59, 171), (59, 171), (38, 121), (52, 8)], (148, 51, 2, 174))
([(133, 223), (12, 0), (16, 1), (19, 1)], (243, 196, 166, 154))
([(171, 13), (163, 99), (169, 14)], (201, 176, 224, 124))
([(109, 139), (91, 158), (83, 166), (78, 171), (147, 174), (28, 45), (62, 61), (45, 13)], (131, 54, 5, 10))
([(3, 85), (82, 215), (1, 166)], (235, 238, 248, 122))
([(178, 163), (9, 177), (12, 179)], (93, 87, 33, 215))
([(82, 162), (122, 165), (179, 169), (179, 109), (171, 9), (82, 11)], (250, 52, 2, 164))
([(51, 170), (48, 175), (46, 178), (41, 186), (38, 191), (39, 163), (40, 136)], (7, 5, 70, 154))
([(64, 31), (4, 27), (169, 31)], (254, 198, 170, 19))
([(73, 201), (93, 145), (146, 209), (150, 214), (127, 222)], (250, 222, 253, 222))
([(126, 91), (104, 108), (64, 139), (65, 170), (66, 200)], (138, 69, 90, 39))
([(71, 14), (51, 45), (40, 174)], (165, 5, 91, 38))
([(99, 234), (49, 183), (52, 180), (64, 166)], (237, 233, 222, 137))
([(149, 171), (142, 173), (119, 179), (119, 179), (35, 124), (52, 127)], (200, 102, 31, 216))
([(11, 74), (8, 63), (142, 165)], (234, 57, 85, 79))
([(116, 70), (135, 28), (141, 5), (97, 3), (101, 60), (106, 108), (115, 194)], (255, 209, 25, 22))
([(8, 45), (175, 195), (165, 23)], (255, 51, 83, 82))
([(7, 204), (106, 180), (92, 123)], (149, 95, 33, 65))
([(43, 89), (74, 152), (92, 188), (116, 91)], (206, 100, 3, 91))
([(147, 179), (142, 180), (131, 181), (114, 184), (71, 191), (100, 45)], (239, 7, 63, 109))
([(57, 163), (53, 112), (50, 73), (65, 87), (119, 138)], (252, 91, 31, 203))
([(163, 87), (36, 207), (38, 24), (135, 7)], (215, 73, 82, 85))
([(90, 193), (85, 19), (159, 99), (162, 102), (170, 111)], (239, 204, 97, 5))
([(154, 235), (98, 232), (114, 178)], (199, 233, 202, 30))
