([(122, 42), (179, 210), (81, 239), (29, 76)], (144, 223, 72, 178))
([(112, 91), (153, 127), (7, 101)], (25, 178, 155, 3))
([(37, 200), (4, 1), (162, 63)], (204, 216, 172, 186))
([(98, 2), (73, 201), (21, 28)], (93, 13, 10, 250))
([(178, 199), (93, 200), (122, 132)], (189, 221, 183, 234))
([(2, 227), (38, 210), (131, 72)], (107, 180, 218, 86))
([(178, 222), (128, 121), (71, 190)], (166, 252, 239, 112))
([(138, 145), (29, 155), (85, 47), (91, 34)], (139, 194, 17, 243))
([(14, 1), (79, 28), (79, 28), (75, 43)], (134, 238, 65, 98))
([(56, 155), (26, 64), (103, 211)], (204, 213, 73, 146))
([(173, 12), (86, 21), (116, 16), (174, 7)], (153, 140, 71, 216))
([(177, 2), (167, 3), (164, 3), (145, 164)], (91, 14, 88, 198))
([(147, 11), (148, 14), (173, 99), (173, 99), (180, 26)], (191, 129, 195, 133))
([(141, 103), (32, 189), (30, 175), (6, 2)], (142, 162, 65, 83))
([(80, 167), (156, 32), (82, 0)], (75, 53, 122, 149))
([(167, 72), (145, 61), (158, 49)], (190, 135, 56, 189))
([(0, 53), (46, 57), (148, 107), (35, 19), (5, 7), (2, 6), (9, 107)], (100, 209, 240, 238))
([(50, 224), (17, 209), (3, 187)], (149, 38, 207, 143))
([(179, 137), (103, 216), (97, 35)], (250, 30, 166, 208))
([(54, 143), (50, 92), (25, 20)], (91, 243, 165, 203))
([(1, 211), (9, 192), (9, 192), (15, 190), (32, 186), (121, 165)], (67, 14, 250, 241))
([(120, 22), (67, 125), (5, 157)], (144, 53, 220, 226))
([(150, 225), (57, 76), (88, 19)], (125, 197, 142, 58))
([(33, 47), (86, 148), (83, 148), (89, 141)], (31, 188, 231, 121))
([(12, 190), (11, 174), (0, 3), (0, 3), (23, 11), (164, 59)], (243, 252, 245, 216))
([(179, 177), (168, 146), (173, 105)], (153, 183, 124, 116))
([(31, 31), (144, 223), (13, 234)], (146, 251, 110, 237))
([(154, 236), (124, 192), (103, 161), (103, 161), (103, 161), (91, 143), (95, 203)], (133, 119, 238, 247))
([(6, 144), (161, 238), (155, 118), (145, 68)], (200, 152, 225, 242))
([(28, 55), (0, 39), (66, 166), (33, 197), (162, 2)], (196, 238, 178, 249))
([(82, 234), (118, 228), (173, 219), (169, 181), (48, 94), (150, 1)], (131, 201, 211, 54))
([(168, 211), (99, 234), (145, 240)], (146, 222, 209, 174))
([(93, 80), (178, 237), (71, 228)], (193, 211, 50, 231))
([(175, 228), (139, 22), (42, 182), (69, 173), (109, 149)], (154, 95, 86, 161))
([(164, 64), (97, 19), (167, 16), (16, 237)], (114, 204, 49, 212))
([(158, 174), (5, 229), (144, 238)], (238, 133, 211, 216))
([(0, 89), (111, 80), (2, 225)], (110, 253, 124, 230))
([(54, 140), (117, 151), (18, 208), (61, 132), (116, 35), (2, 224), (0, 226), (33, 237)], (101, 221, 168, 243))
([(39, 79), (38, 129), (153, 216)], (165, 234, 151, 205))
([(178, 16), (156, 15), (131, 143), (122, 44), (95, 133)], (228, 21, 200, 217))
([(170, 174), (44, 240), (17, 98)], (193, 77, 239, 146))
([(170, 103), (126, 155), (22, 118)], (68, 91, 243, 179))
([(139, 239), (78, 227), (155, 85)], (185, 105, 217, 232))
([(48, 49), (158, 238), (82, 228)], (198, 128, 100, 212))
([(132, 235), (84, 204), (85, 164), (89, 2)], (253, 228, 166, 6))
([(83, 66), (77, 75), (62, 86)], (186, 37, 173, 39))
([(84, 223), (153, 211), (134, 237)], (248, 158, 224, 213))
([(112, 80), (78, 101), (91, 99)], (183, 218, 189, 217))
([(86, 65), (71, 167), (147, 228)], (108, 240, 248, 64))
([(82, 237), (77, 229), (60, 229), (46, 230), (33, 230)], (245, 251, 176, 167))
([(14, 237), (38, 237), (163, 235), (93, 171), (54, 135)], (178, 254, 175, 225))
([(5, 174), (110, 220), (104, 239), (1, 57)], (246, 181, 82, 240))
([(29, 238), (90, 177), (31, 30)], (10, 235, 238, 221))
([(116, 103), (134, 78), (176, 19)], (162, 199, 112, 196))
([(172, 86), (98, 97), (90, 78)], (40, 69, 27, 178))
([(149, 186), (91, 151), (71, 139), (56, 44)], (99, 40, 69, 105))
([(142, 187), (59, 135), (43, 211)], (105, 160, 91, 96))
([(179, 70), (177, 102), (177, 102), (177, 102), (83, 128)], (56, 227, 127, 213))
([(40, 215), (125, 215), (157, 215)], (237, 181, 250, 212))
([(178, 19), (122, 59), (114, 65), (113, 66)], (162, 168, 35, 182))
([(141, 2), (179, 43), (90, 2), (87, 1)], (88, 229, 218, 54))
([(102, 2), (40, 81), (28, 9), (44, 218)], (172, 50, 228, 189))
([(115, 183), (64, 161), (100, 185), (133, 207)], (202, 219, 241, 134))
([(157, 134), (164, 156), (180, 207), (147, 211), (108, 215)], (222, 188, 229, 242))
([(69, 222), (49, 145), (176, 191)], (58, 0, 102, 254))
([(54, 158), (68, 94), (71, 83)], (89, 162, 147, 45))
([(136, 237), (91, 59), (91, 59)], (222, 154, 113, 123))
([(145, 102), (132, 140), (111, 202)], (240, 14, 218, 98))
([(120, 240), (161, 109), (87, 151)], (172, 193, 151, 220))
([(42, 71), (57, 89), (60, 93), (97, 85), (178, 234), (118, 234), (9, 233)], (190, 173, 192, 119))
([(78, 239), (96, 2), (81, 1), (10, 0)], (238, 128, 94, 210))
([(90, 238), (74, 71), (102, 3), (140, 7)], (244, 77, 197, 208))
([(38, 215), (146, 175), (173, 226)], (234, 205, 212, 216))
([(92, 45), (178, 34), (169, 98)], (161, 46, 78, 221))
([(144, 214), (2, 230), (123, 219)], (251, 155, 117, 149))
([(134, 239), (149, 156), (14, 236)], (180, 219, 143, 228))
([(132, 222), (0, 27), (106, 104)], (194, 245, 135, 203))
([(124, 4), (161, 19), (170, 69), (178, 113), (178, 113), (178, 113), (178, 113), (180, 124)], (191, 84, 48, 248))
([(176, 24), (176, 24), (167, 190), (67, 202), (141, 163)], (165, 41, 171, 246))
([(76, 185), (65, 68), (55, 69)], (175, 103, 223, 90))
([(51, 75), (54, 73), (126, 21), (49, 223), (128, 43), (145, 227)], (158, 254, 207, 154))
([(26, 54), (146, 0), (160, 50)], (188, 139, 123, 168))
([(177, 113), (180, 53), (150, 63), (79, 85)], (187, 27, 105, 174))
([(111, 3), (102, 90), (98, 128), (82, 142)], (246, 49, 24, 212))
([(149, 6), (138, 206), (120, 119), (151, 184), (171, 224)], (7, 0, 101, 247))
([(80, 25), (102, 86), (155, 154), (178, 106)], (144, 140, 170, 8))
([(112, 226), (148, 181), (160, 108)], (15, 207, 189, 186))
([(1, 198), (46, 128), (0, 137)], (160, 232, 199, 91))
([(130, 203), (90, 156), (62, 144), (34, 132), (78, 125), (175, 111)], (247, 75, 46, 156))
([(62, 181), (56, 192), (50, 197), (24, 238), (66, 176), (133, 22)], (150, 233, 151, 45))
([(12, 0), (132, 159), (122, 157), (16, 132)], (37, 219, 233, 201))
([(0, 189), (30, 47), (140, 149), (5, 218)], (76, 183, 198, 225))
([(46, 239), (3, 40), (170, 84)], (231, 253, 206, 154))
([(21, 228), (5, 0), (98, 77), (121, 96)], (249, 187, 208, 197))
([(135, 135), (137, 135), (53, 55)], (244, 0, 204, 160))
([(13, 225), (101, 115), (157, 77), (123, 171)], (135, 228, 119, 235))
([(138, 11), (132, 153), (26, 89)], (218, 48, 35, 235))
([(53, 216), (54, 216), (115, 240), (105, 239)], (164, 218, 241, 244))
([(109, 228), (78, 231), (6, 239), (0, 47)], (75, 71, 232, 158))
([(47, 79), (17, 158), (144, 140)], (178, 205, 246, 41))
([(177, 4), (4, 163), (125, 62)], (240, 187, 3, 32))
([(11, 106), (38, 231), (40, 229), (45, 223), (8, 81), (95, 142), (174, 1)], (60, 26, 44, 153))
([(173, 75), (132, 129), (180, 75)], (241, 58, 99, 195))
([(118, 145), (57, 55), (129, 235)], (214, 188, 250, 22))
([(34, 109), (132, 28), (102, 39), (105, 38)], (86, 57, 74, 1))
([(164, 233), (127, 154), (60, 11), (25, 165), (49, 236)], (246, 221, 253, 207))
([(11, 53), (18, 77), (47, 176), (169, 7)], (122, 172, 197, 216))
([(164, 2), (31, 23), (37, 147)], (173, 149, 96, 252))
([(140, 102), (5, 196), (100, 0)], (193, 43, 19, 187))
([(142, 1), (100, 10), (57, 20), (166, 70)], (199, 141, 103, 135))
([(45, 85), (124, 83), (64, 6)], (161, 95, 35, 145))
([(61, 189), (136, 98), (39, 30)], (185, 160, 187, 113))
([(150, 172), (169, 60), (145, 74), (84, 111), (150, 20), (164, 1)], (157, 112, 54, 249))
([(26, 219), (101, 94), (154, 86), (69, 84), (0, 113)], (107, 215, 165, 155))
([(59, 213), (6, 205), (20, 137)], (72, 127, 186, 13))
([(151, 59), (10, 157), (2, 19)], (233, 248, 192, 206))
([(100, 125), (177, 20), (133, 107), (132, 109)], (234, 68, 115, 5))
([(127, 22), (7, 98), (1, 50), (0, 42)], (157, 171, 252, 196))
([(144, 2), (126, 166), (103, 10)], (234, 10, 110, 216))
([(20, 201), (122, 96), (11, 116)], (62, 193, 183, 35))
([(85, 190), (31, 237), (10, 188), (32, 160)], (69, 173, 178, 69))
([(0, 8), (58, 44), (83, 196), (41, 211), (0, 225)], (185, 219, 146, 132))
([(42, 19), (107, 89), (162, 98)], (112, 103, 3, 102))
([(78, 171), (158, 47), (45, 13)], (131, 54, 5, 91))
([(10, 198), (11, 137), (43, 177)], (28, 94, 76, 114))
([(0, 180), (113, 1), (48, 231)], (16, 231, 70, 66))
([(32, 82), (180, 118), (179, 197), (179, 197), (172, 42), (179, 197)], (160, 98, 141, 242))
([(164, 37), (142, 179), (133, 188)], (76, 118, 0, 202))
([(155, 191), (175, 86), (177, 4), (50, 22)], (226, 198, 37, 129))
([(24, 1), (156, 164), (23, 179)], (138, 120, 250, 182))
([(28, 217), (129, 127), (94, 192)], (58, 134, 177, 12))
([(1, 39), (52, 143), (53, 142)], (223, 87, 132, 166))
([(88, 33), (86, 40), (77, 70)], (41, 94, 126, 20))
([(84, 191), (137, 38), (174, 179)], (142, 130, 126, 129))
([(162, 87), (100, 132), (124, 120), (180, 66), (71, 54)], (243, 213, 201, 79))
([(179, 109), (18, 182), (16, 187), (13, 195)], (111, 210, 76, 82))
([(18, 216), (99, 173), (95, 171), (94, 170), (93, 169), (93, 169)], (93, 189, 174, 21))
([(2, 178), (0, 151), (55, 133), (126, 127)], (251, 146, 155, 182))
([(170, 143), (68, 163), (36, 107)], (190, 76, 60, 216))
([(165, 27), (29, 46), (20, 47), (10, 55), (69, 3)], (247, 6, 61, 125))
([(63, 191), (122, 80), (55, 184), (27, 227), (26, 229)], (42, 141, 145, 70))
([(174, 153), (16, 168), (0, 60)], (161, 216, 176, 254))
([(155, 134), (136, 154), (41, 26), (160, 62), (131, 57), (138, 58), (176, 60)], (188, 74, 212, 137))
([(138, 193), (130, 196), (108, 204)], (165, 222, 181, 3))
([(4, 52), (27, 0), (0, 185)], (199, 206, 206, 177))
([(2, 14), (135, 164), (57, 227), (38, 200), (1, 147)], (192, 229, 252, 246))
([(24, 8), (14, 3), (13, 3), (48, 218)], (235, 137, 233, 207))
([(133, 223), (12, 0), (14, 1), (16, 1), (19, 1)], (243, 230, 212, 154))
([(0, 74), (7, 81), (27, 101), (108, 8)], (114, 4, 107, 115))
([(1, 194), (31, 155), (140, 11), (140, 11), (151, 102), (152, 110), (163, 200)], (65, 137, 233, 194))
([(36, 139), (155, 88), (145, 34)], (253, 167, 24, 176))
([(34, 2), (6, 24), (130, 181)], (227, 218, 180, 255))
([(170, 208), (70, 134), (76, 117), (110, 20)], (115, 184, 185, 189))
([(8, 71), (90, 134), (159, 52)], (119, 5, 145, 28))
([(30, 86), (112, 218), (5, 217)], (80, 130, 178, 67))
([(176, 74), (175, 230), (80, 97), (149, 197), (108, 175)], (227, 202, 166, 145))
([(76, 159), (42, 83), (7, 4), (48, 61), (67, 216)], (244, 230, 190, 243))
([(52, 240), (54, 235), (84, 163), (162, 178), (162, 201)], (235, 219, 253, 190))
([(180, 175), (111, 219), (156, 128), (172, 205), (178, 211)], (178, 230, 210, 228))
([(56, 60), (42, 41), (137, 124), (89, 161), (68, 177)], (245, 150, 95, 232))
([(35, 226), (62, 102), (28, 200)], (132, 161, 247, 197))
([(30, 70), (19, 49), (43, 46)], (223, 212, 173, 67))
([(71, 87), (75, 139), (28, 217)], (121, 222, 106, 209))
([(164, 110), (8, 183), (77, 67)], (186, 94, 30, 74))
([(156, 103), (97, 136), (47, 237)], (253, 222, 250, 221))
([(19, 1), (176, 185), (117, 227)], (252, 224, 220, 165))
([(93, 23), (107, 176), (90, 190), (124, 160), (69, 155), (12, 87)], (233, 194, 204, 163))
([(172, 37), (100, 59), (65, 69)], (154, 200, 169, 185))
([(33, 190), (33, 190), (33, 190), (33, 190), (37, 189), (40, 188), (5, 39)], (250, 254, 182, 141))
([(98, 178), (102, 173), (155, 103), (136, 31), (164, 6)], (237, 13, 66, 255))
([(164, 217), (139, 219), (140, 24)], (233, 242, 241, 153))
([(3, 77), (64, 35), (99, 77)], (94, 46, 39, 159))
([(159, 52), (57, 77), (51, 73)], (38, 90, 178, 180))
([(142, 25), (78, 60), (135, 150), (155, 181)], (87, 62, 210, 225))
([(23, 178), (45, 151), (123, 71)], (47, 83, 66, 192))
([(147, 2), (81, 102), (124, 169), (56, 4), (172, 141)], (246, 37, 66, 163))
([(147, 37), (83, 238), (83, 238), (24, 80), (8, 37)], (198, 232, 227, 101))
([(49, 9), (36, 155), (73, 162)], (235, 56, 4, 125))
([(49, 201), (46, 51), (80, 176), (43, 8), (41, 15), (36, 34)], (102, 25, 37, 234))
([(94, 45), (154, 174), (112, 187)], (89, 216, 4, 228))
([(168, 23), (167, 11), (88, 36)], (199, 228, 171, 136))
([(155, 76), (64, 148), (160, 9), (171, 4)], (210, 18, 30, 168))
([(130, 1), (169, 1), (64, 115)], (202, 30, 109, 233))
([(0, 123), (115, 172), (134, 49)], (229, 206, 224, 116))
([(112, 34), (153, 3), (167, 177)], (243, 86, 66, 61))
([(68, 135), (67, 165), (135, 211)], (240, 230, 35, 160))
([(63, 62), (29, 40), (145, 120)], (33, 215, 130, 137))
([(11, 145), (57, 163), (2, 125)], (196, 218, 164, 63))
([(115, 52), (1, 15), (9, 37), (12, 45), (36, 109)], (224, 238, 249, 215))
([(102, 175), (53, 151), (169, 177)], (130, 80, 164, 221))
([(35, 145), (56, 193), (15, 229)], (95, 132, 210, 158))
([(32, 47), (37, 52), (74, 91), (120, 20)], (15, 125, 101, 143))
([(177, 176), (106, 87), (91, 188)], (182, 28, 35, 50))
([(124, 149), (80, 143), (128, 197)], (250, 240, 122, 199))
([(23, 239), (25, 239), (117, 76), (39, 52)], (42, 120, 183, 116))
([(82, 236), (82, 236), (82, 236), (82, 236), (62, 206), (53, 160)], (236, 233, 204, 149))
([(73, 131), (37, 182), (34, 185), (27, 191)], (57, 88, 118, 14))
([(121, 34), (47, 44), (52, 212)], (202, 167, 243, 210))
([(74, 128), (24, 81), (23, 92)], (189, 210, 221, 77))
([(42, 122), (134, 39), (135, 33), (141, 0), (88, 18), (43, 34)], (201, 32, 10, 86))
([(69, 202), (64, 208), (39, 235), (49, 35), (129, 192), (54, 154)], (157, 235, 85, 35))
([(160, 150), (97, 205), (111, 168)], (61, 252, 40, 235))
([(99, 71), (66, 193), (70, 131)], (39, 177, 30, 206))
([(49, 183), (101, 18), (73, 179)], (133, 148, 74, 252))
([(166, 150), (162, 33), (46, 229)], (203, 163, 250, 139))
([(37, 173), (108, 166), (149, 162), (157, 161), (171, 182)], (14, 111, 23, 193))
([(109, 21), (107, 29), (63, 206), (2, 154)], (178, 239, 223, 251))
([(29, 28), (109, 140), (132, 85), (149, 44)], (220, 90, 85, 67))
([(43, 230), (29, 145), (21, 96), (14, 53), (133, 231)], (243, 231, 238, 177))
([(23, 189), (116, 134), (110, 129), (109, 128), (83, 108)], (91, 40, 161, 199))
([(169, 13), (163, 171), (70, 39)], (165, 132, 16, 80))
([(36, 5), (68, 145), (92, 109), (104, 91)], (102, 125, 154, 48))
([(61, 121), (2, 217), (119, 185)], (14, 151, 242, 104))
([(64, 166), (58, 83), (134, 63)], (227, 124, 53, 188))
([(64, 31), (4, 27), (169, 31)], (254, 198, 170, 19))
([(88, 1), (98, 69), (172, 41), (176, 19)], (218, 29, 118, 183))
([(44, 90), (120, 144), (137, 156), (147, 163), (155, 85), (163, 7)], (173, 213, 127, 118))
([(95, 50), (118, 17), (52, 203), (0, 104)], (244, 233, 137, 43))
([(115, 47), (43, 195), (46, 36), (64, 27)], (237, 101, 9, 236))
([(108, 212), (108, 212), (96, 208), (74, 200)], (167, 146, 56, 1))
([(11, 64), (70, 133), (77, 141), (97, 165), (53, 74)], (156, 160, 136, 250))
([(53, 26), (37, 153), (40, 157), (60, 151), (75, 146), (90, 141), (90, 141)], (224, 44, 67, 232))
([(3, 85), (82, 215), (1, 166)], (235, 238, 248, 122))
([(12, 180), (148, 142), (76, 183)], (67, 58, 44, 118))
([(59, 235), (22, 148), (156, 194), (142, 234), (142, 234)], (238, 235, 173, 125))
([(70, 178), (41, 101), (180, 79)], (253, 152, 102, 143))
([(30, 81), (101, 63), (101, 80), (58, 166), (163, 90)], (168, 75, 18, 140))
([(150, 25), (171, 6), (178, 89), (179, 101), (148, 201)], (223, 153, 205, 68))
([(60, 173), (119, 145), (84, 160), (59, 171), (38, 121), (52, 8)], (148, 51, 2, 174))
([(89, 107), (92, 112), (162, 128), (92, 162), (167, 129)], (220, 207, 162, 60))
([(171, 13), (163, 99), (169, 14)], (201, 176, 224, 124))
([(178, 163), (75, 171), (15, 176), (13, 176), (9, 177), (12, 179)], (93, 87, 33, 215))
([(72, 149), (122, 165), (179, 169), (179, 109), (171, 9), (82, 11)], (250, 52, 18, 170))
([(51, 170), (48, 175), (46, 178), (41, 186), (41, 186), (38, 191), (39, 163), (39, 163), (40, 136)], (46, 5, 70, 185))
([(11, 74), (8, 63), (89, 124), (91, 126)], (168, 57, 85, 79))
([(35, 63), (46, 79), (17, 80)], (80, 148, 158, 153))
([(73, 201), (93, 145), (110, 163), (136, 190), (150, 214), (127, 222)], (250, 222, 253, 222))
([(126, 91), (64, 139), (65, 170), (65, 170), (66, 200)], (138, 69, 90, 30))
([(71, 14), (60, 31), (60, 31), (51, 45), (108, 49)], (165, 5, 82, 38))
([(94, 229), (74, 209), (49, 183), (50, 182), (151, 208)], (237, 233, 222, 125))
([(141, 5), (97, 3), (101, 60), (115, 194)], (255, 209, 25, 22))
([(109, 110), (24, 59), (175, 195), (167, 57), (165, 23)], (255, 51, 83, 82))
([(81, 186), (92, 183), (106, 180), (79, 130), (71, 115), (58, 40)], (47, 95, 33, 65))
([(43, 89), (92, 188), (141, 108)], (227, 100, 3, 100))
([(149, 171), (119, 179), (35, 124), (50, 127), (52, 127)], (200, 102, 31, 216))
([(147, 179), (142, 180), (131, 181), (71, 191), (91, 90), (119, 8)], (239, 7, 55, 109))
([(57, 163), (50, 73), (60, 47), (119, 138)], (252, 91, 31, 203))
([(163, 87), (36, 207), (38, 24), (135, 7)], (215, 73, 82, 85))
([(90, 193), (85, 19), (87, 21), (120, 57), (159, 99), (162, 102), (170, 111)], (246, 204, 97, 5))
([(68, 169), (98, 232), (114, 178)], (199, 233, 202, 30))
