([(39, 145), (15, 1), (135, 101)], (64, 95, 11, 220))
([(203, 89), (145, 5), (158, 95), (64, 156)], (202, 242, 88, 119))
([(42, 101), (240, 38), (198, 29), (236, 21), (189, 47), (23, 137)], (214, 241, 9, 199))
([(187, 177), (163, 146), (159, 120), (154, 87), (148, 48)], (39, 103, 163, 65))
([(8, 47), (4, 147), (107, 79)], (74, 6, 100, 219))
([(182, 129), (132, 152), (53, 179)], (70, 209, 132, 115))
([(11, 57), (14, 41), (64, 147)], (178, 39, 245, 62))
([(226, 171), (76, 105), (185, 177)], (59, 189, 242, 44))
([(113, 97), (113, 97), (106, 73), (137, 28), (105, 157)], (5, 148, 183, 131))
([(30, 2), (10, 20), (61, 43), (236, 122), (239, 1), (239, 1)], (159, 171, 128, 173))
([(37, 141), (95, 41), (16, 27)], (201, 135, 161, 57))
([(23, 19), (34, 27), (62, 180)], (156, 224, 111, 60))
([(31, 53), (215, 45), (225, 23)], (114, 172, 176, 83))
([(117, 133), (82, 3), (64, 84)], (236, 42, 32, 42))
([(106, 143), (0, 133), (192, 111)], (93, 206, 44, 43))
([(19, 22), (239, 146), (239, 146), (232, 58)], (150, 231, 125, 84))
([(1, 171), (20, 161), (64, 137), (143, 33), (56, 115)], (208, 23, 203, 123))
([(197, 128), (177, 126), (128, 120), (115, 84), (70, 113), (27, 108)], (242, 205, 126, 193))
([(31, 113), (114, 45), (197, 77), (14, 107), (135, 171)], (242, 119, 150, 61))
([(213, 0), (27, 81), (1, 47), (49, 50), (202, 179)], (97, 51, 100, 196))
([(103, 139), (72, 169), (90, 156)], (101, 2, 252, 6))
([(120, 15), (168, 102), (101, 126)], (45, 135, 125, 51))
([(188, 19), (182, 27), (115, 119)], (59, 142, 80, 53))
([(206, 118), (73, 23), (169, 9), (202, 52)], (111, 145, 84, 12))
([(24, 4), (213, 159), (223, 167)], (216, 33, 251, 96))
([(43, 56), (194, 122), (115, 57)], (226, 222, 255, 138))
([(43, 22), (43, 22), (44, 130)], (194, 215, 94, 63))
([(175, 148), (206, 145), (132, 72)], (121, 38, 171, 49))
([(189, 89), (141, 10), (164, 17), (179, 21), (193, 11), (30, 138)], (16, 221, 248, 253))
([(214, 173), (12, 36), (40, 6)], (255, 54, 28, 49))
([(231, 82), (49, 90), (210, 131)], (231, 218, 91, 84))
([(113, 167), (173, 93), (2, 140), (121, 164), (122, 164)], (21, 137, 71, 104))
([(206, 131), (133, 95), (43, 1)], (161, 248, 65, 81))
([(32, 41), (56, 18), (41, 52)], (139, 245, 26, 84))
([(148, 95), (139, 42), (156, 95)], (253, 42, 75, 221))
([(131, 27), (25, 50), (87, 62), (37, 71), (85, 125)], (241, 16, 248, 94))
([(145, 19), (40, 21), (81, 25)], (56, 213, 164, 85))
([(39, 132), (40, 103), (57, 110)], (67, 44, 42, 182))
([(233, 140), (239, 52), (234, 15), (62, 157)], (73, 238, 236, 145))
([(233, 164), (151, 65), (86, 7)], (227, 20, 63, 29))
([(12, 74), (160, 12), (95, 10), (3, 7)], (81, 146, 118, 247))
([(167, 39), (167, 39), (189, 129)], (116, 186, 31, 49))
([(22, 171), (39, 151), (239, 91)], (244, 38, 62, 71))
([(125, 38), (95, 144), (122, 149)], (160, 55, 236, 108))
([(16, 65), (76, 106), (215, 36)], (14, 188, 142, 207))
([(146, 89), (62, 104), (62, 104)], (157, 81, 199, 195))
([(94, 107), (153, 154), (80, 49), (34, 27)], (69, 74, 127, 28))
([(116, 81), (56, 13), (81, 26), (136, 54)], (23, 40, 69, 35))
([(106, 146), (142, 58), (132, 56), (114, 52), (25, 31), (62, 29), (218, 19)], (42, 222, 248, 131))
([(73, 67), (188, 125), (68, 47)], (106, 31, 179, 61))
([(125, 163), (202, 92), (57, 30), (226, 25)], (143, 19, 254, 4))
([(119, 166), (19, 152), (192, 177)], (163, 20, 149, 117))
([(32, 62), (23, 24), (30, 47), (32, 53)], (153, 163, 111, 41))
([(174, 28), (145, 179), (151, 87)], (151, 176, 63, 102))
([(9, 66), (112, 19), (41, 136)], (159, 47, 208, 35))
([(224, 169), (224, 169), (220, 164)], (224, 145, 49, 115))
([(235, 138), (62, 94), (63, 94), (197, 48)], (114, 190, 243, 69))
([(183, 160), (134, 67), (21, 66)], (195, 225, 81, 161))
([(12, 98), (105, 67), (159, 37)], (187, 140, 70, 16))
([(231, 15), (8, 116), (187, 24), (27, 21)], (158, 233, 90, 172))
([(239, 127), (206, 93), (202, 89), (42, 137)], (138, 174, 94, 148))
([(3, 90), (65, 54), (90, 40), (117, 26)], (153, 148, 10, 151))
([(141, 22), (129, 78), (188, 26), (169, 115), (169, 115), (156, 84), (146, 61)], (137, 142, 179, 225))
([(155, 26), (187, 53), (239, 107), (17, 78), (28, 150), (165, 163)], (35, 68, 141, 197))
([(212, 133), (91, 163), (59, 16)], (96, 20, 226, 89))
([(141, 171), (206, 40), (219, 14), (182, 21), (154, 26), (134, 29), (131, 30)], (221, 191, 233, 170))
([(230, 53), (129, 74), (73, 67), (67, 55), (80, 155), (16, 132), (22, 55), (22, 55), (23, 42)], (79, 234, 111, 238))
([(169, 49), (104, 19), (43, 12)], (72, 128, 22, 225))
([(83, 55), (88, 36), (31, 134), (213, 126), (233, 112), (171, 82)], (66, 76, 145, 155))
([(85, 88), (163, 11), (176, 66)], (237, 26, 251, 203))
([(195, 134), (229, 73), (195, 60), (117, 30), (4, 82)], (38, 243, 196, 193))
([(75, 128), (54, 12), (137, 143)], (78, 20, 133, 50))
([(125, 175), (47, 104), (23, 103), (0, 102), (150, 58)], (2, 153, 200, 105))
([(121, 147), (59, 13), (143, 107), (180, 148), (14, 59)], (167, 54, 59, 254))
([(237, 80), (206, 92), (183, 101), (8, 167)], (128, 67, 192, 178))
([(73, 97), (205, 69), (223, 3)], (151, 163, 67, 176))
([(62, 108), (67, 116), (111, 82), (189, 156)], (60, 255, 31, 166))
([(37, 148), (31, 152), (223, 72), (22, 97), (17, 98), (122, 133)], (59, 166, 227, 191))
([(205, 86), (29, 81), (48, 89), (131, 126), (0, 131), (235, 143)], (199, 38, 167, 168))
([(107, 69), (83, 64), (53, 115), (57, 53)], (147, 197, 254, 64))
([(76, 120), (19, 9), (87, 120)], (204, 168, 142, 213))
([(126, 24), (131, 41), (116, 156)], (245, 39, 184, 241))
([(99, 92), (155, 110), (146, 2)], (17, 196, 227, 181))
([(133, 40), (42, 131), (65, 28)], (190, 111, 88, 31))
([(99, 72), (4, 152), (102, 55)], (107, 42, 242, 136))
([(47, 169), (150, 177), (53, 114), (65, 130)], (146, 233, 78, 22))
([(226, 139), (223, 67), (238, 171)], (104, 151, 113, 243))
([(177, 91), (158, 74), (139, 57), (158, 90)], (244, 232, 138, 118))
([(107, 108), (145, 85), (180, 20)], (245, 247, 112, 25))
([(206, 141), (239, 72), (205, 49), (195, 42), (215, 158)], (155, 244, 36, 103))
([(49, 48), (157, 178), (115, 169)], (165, 63, 135, 71))
([(178, 1), (83, 0), (60, 37), (25, 93)], (120, 41, 168, 222))
([(0, 136), (188, 60), (77, 139)], (1, 99, 224, 99))
([(81, 59), (143, 135), (212, 2)], (12, 47, 187, 178))
([(46, 136), (28, 96), (130, 41), (176, 78)], (180, 151, 53, 75))
([(150, 140), (201, 109), (50, 98)], (51, 202, 86, 200))
([(140, 35), (168, 132), (130, 166)], (78, 80, 108, 154))
([(128, 81), (127, 74), (60, 99)], (228, 176, 107, 181))
([(17, 156), (154, 75), (180, 60), (150, 75), (46, 12)], (81, 131, 145, 171))
([(64, 15), (181, 29), (113, 69)], (117, 34, 246, 123))
([(112, 115), (172, 34), (18, 15), (40, 89), (78, 2)], (143, 155, 209, 203))
([(135, 25), (7, 86), (49, 27), (60, 12)], (135, 64, 84, 187))
([(163, 36), (85, 142), (13, 59)], (42, 42, 245, 122))
([(168, 61), (119, 78), (86, 126)], (21, 53, 49, 29))
([(1, 106), (225, 143), (200, 168)], (39, 172, 143, 240))
([(160, 176), (136, 88), (119, 93), (2, 128)], (15, 173, 97, 107))
([(160, 94), (3, 170), (88, 173), (230, 177)], (217, 159, 198, 17))
([(61, 139), (101, 168), (231, 96)], (79, 49, 53, 115))
([(48, 106), (225, 139), (76, 33)], (174, 19, 145, 198))
([(181, 157), (136, 73), (100, 6), (27, 44), (11, 52)], (165, 226, 178, 66))
([(230, 26), (228, 32), (216, 159)], (209, 171, 225, 53))
([(233, 139), (118, 100), (198, 20)], (46, 168, 173, 95))
([(216, 53), (110, 133), (73, 34), (205, 8), (238, 1)], (106, 229, 164, 113))
([(219, 111), (236, 13), (178, 18), (108, 23), (144, 147)], (206, 134, 57, 178))
([(230, 78), (72, 90), (32, 139), (81, 77), (63, 60), (60, 57), (60, 57), (42, 40)], (200, 149, 150, 53))
([(116, 29), (36, 11), (37, 15), (81, 173)], (39, 52, 43, 106))
([(175, 23), (76, 50), (85, 47), (98, 19), (95, 18)], (60, 125, 58, 25))
([(55, 125), (108, 92), (120, 85), (151, 66)], (27, 3, 137, 5))
([(14, 22), (18, 55), (20, 72), (201, 47)], (94, 42, 197, 189))
([(75, 34), (226, 22), (10, 12)], (97, 17, 84, 52))
([(32, 99), (123, 100), (196, 92)], (59, 91, 62, 225))
([(13, 107), (3, 28), (2, 109)], (116, 225, 103, 159))
([(136, 124), (234, 180), (20, 22)], (85, 243, 44, 150))
([(192, 140), (84, 69), (9, 20), (2, 88)], (101, 218, 174, 42))
([(27, 112), (77, 105), (118, 127), (201, 171), (188, 144)], (12, 21, 75, 192))
([(139, 175), (106, 139), (20, 44)], (165, 46, 47, 5))
([(140, 100), (160, 76), (179, 53), (94, 148)], (144, 4, 6, 100))
([(116, 42), (189, 1), (187, 16), (180, 70)], (104, 121, 154, 161))
([(109, 113), (101, 72), (118, 90), (2, 137)], (202, 100, 158, 54))
([(24, 135), (197, 43), (207, 56), (223, 77)], (196, 9, 252, 157))
([(41, 152), (173, 106), (150, 8)], (232, 240, 113, 63))
([(223, 44), (176, 167), (144, 31)], (191, 237, 61, 29))
([(4, 91), (60, 105), (20, 157)], (81, 62, 75, 138))
([(160, 27), (154, 38), (53, 28)], (70, 223, 54, 65))
([(237, 99), (161, 136), (187, 91)], (34, 43, 206, 119))
([(145, 64), (89, 61), (46, 59), (92, 165), (98, 179), (98, 179)], (124, 98, 125, 4))
([(189, 13), (192, 82), (196, 175), (212, 100)], (7, 29, 49, 244))
([(193, 139), (180, 157), (202, 136)], (102, 238, 125, 189))
([(49, 104), (75, 57), (105, 2)], (83, 111, 164, 54))
([(152, 8), (113, 37), (45, 35), (205, 12)], (22, 57, 197, 109))
([(166, 177), (94, 150), (80, 145), (55, 135), (189, 100), (240, 161)], (24, 246, 35, 24))
([(237, 50), (25, 64), (227, 163)], (91, 130, 32, 107))
([(223, 45), (49, 153), (137, 117), (113, 47)], (213, 208, 108, 222))
([(152, 46), (146, 171), (179, 63), (97, 93), (65, 105), (47, 112), (209, 104), (194, 143)], (39, 132, 160, 129))
([(67, 176), (48, 33), (101, 97), (115, 178)], (49, 41, 25, 158))
([(75, 103), (73, 104), (149, 31), (73, 104), (32, 120), (136, 37)], (139, 3, 70, 154))
([(177, 13), (97, 120), (71, 155), (151, 57), (188, 12)], (185, 76, 253, 151))
([(63, 125), (44, 22), (137, 115)], (50, 58, 6, 207))
([(219, 19), (148, 106), (10, 68)], (100, 152, 166, 121))
([(128, 16), (3, 165), (64, 139), (37, 6)], (15, 89, 32, 9))
([(227, 67), (128, 50), (25, 32), (23, 32), (211, 105), (107, 110)], (61, 50, 220, 252))
([(216, 65), (199, 60), (56, 22), (91, 30), (32, 4), (104, 112), (190, 152)], (128, 97, 135, 105))
([(211, 123), (49, 100), (198, 77)], (208, 209, 61, 96))
([(190, 151), (12, 157), (226, 99)], (20, 167, 15, 161))
([(220, 130), (147, 158), (26, 123)], (4, 67, 209, 183))
([(41, 24), (101, 85), (102, 86), (59, 35)], (150, 8, 86, 226))
([(154, 67), (28, 116), (88, 49), (77, 35)], (103, 71, 94, 55))
([(104, 55), (113, 67), (127, 85), (78, 83), (176, 147), (201, 30)], (71, 39, 223, 117))
([(186, 10), (115, 134), (167, 25)], (41, 180, 253, 134))
([(14, 28), (3, 179), (172, 48), (232, 137)], (77, 223, 219, 8))
([(234, 52), (206, 109), (201, 119), (167, 27), (150, 112)], (121, 81, 97, 208))
([(155, 173), (129, 90), (121, 64)], (59, 113, 78, 14))
([(133, 52), (53, 47), (51, 65)], (223, 164, 224, 27))
([(145, 6), (110, 1), (76, 20)], (13, 176, 112, 86))
([(182, 149), (188, 76), (166, 16), (115, 92)], (159, 201, 125, 42))
([(164, 126), (213, 100), (22, 60)], (138, 177, 77, 68))
([(226, 143), (216, 131), (131, 27), (31, 8)], (161, 49, 131, 131))
([(0, 149), (26, 104), (62, 137), (7, 67), (2, 61)], (138, 47, 141, 148))
([(70, 13), (219, 9), (65, 110)], (163, 30, 186, 133))
([(210, 72), (183, 54), (127, 69), (40, 92)], (33, 202, 47, 87))
([(144, 15), (137, 23), (57, 112)], (105, 167, 63, 49))
([(61, 71), (55, 105), (2, 61)], (86, 114, 190, 207))
([(73, 72), (87, 81), (185, 144), (151, 131)], (183, 49, 218, 244))
([(135, 25), (151, 123), (121, 154)], (119, 243, 94, 179))
([(14, 93), (1, 9), (180, 68), (93, 60)], (49, 247, 170, 14))
([(115, 108), (84, 2), (145, 77), (27, 36)], (29, 236, 2, 197))
([(153, 153), (147, 9), (146, 17), (146, 17), (36, 69)], (186, 236, 77, 84))
([(152, 144), (44, 144), (60, 24)], (106, 77, 96, 136))
([(138, 68), (127, 13), (130, 22)], (6, 234, 0, 98))
([(9, 5), (179, 125), (12, 86), (78, 69), (69, 105), (57, 154), (217, 75), (108, 19), (53, 131)], (7, 18, 81, 210))
([(71, 129), (57, 32), (65, 40), (163, 144)], (237, 205, 76, 136))
([(48, 56), (183, 115), (135, 98)], (255, 137, 131, 89))
([(109, 24), (154, 41), (108, 64), (83, 76), (180, 11)], (56, 42, 182, 77))
([(25, 112), (4, 113), (88, 67)], (88, 141, 194, 153))
([(118, 13), (147, 28), (156, 11)], (239, 68, 53, 25))
([(1, 70), (74, 88), (75, 87), (87, 69), (118, 24)], (192, 232, 243, 107))
([(155, 92), (121, 128), (67, 80)], (230, 231, 126, 173))
([(235, 118), (233, 115), (219, 98), (197, 71), (140, 0), (144, 23), (146, 35)], (183, 139, 37, 21))
([(132, 49), (39, 16), (211, 99)], (202, 58, 3, 113))
([(224, 72), (93, 130), (37, 89)], (19, 251, 74, 224))
([(216, 76), (30, 60), (21, 52)], (212, 214, 124, 116))
([(219, 153), (169, 98), (140, 143), (105, 84), (104, 89)], (189, 53, 164, 82))
([(52, 60), (1, 141), (83, 63)], (80, 144, 141, 112))
([(209, 7), (69, 145), (13, 174)], (210, 17, 89, 41))
([(156, 21), (77, 120), (72, 129), (46, 179)], (72, 42, 41, 17))
([(9, 16), (10, 22), (27, 118), (239, 120)], (48, 60, 123, 59))
([(190, 94), (160, 143), (157, 143), (125, 142), (90, 141)], (143, 10, 139, 171))
([(222, 10), (10, 14), (161, 98)], (2, 169, 108, 86))
([(155, 97), (214, 2), (79, 135), (122, 126)], (73, 111, 153, 164))
([(189, 95), (146, 78), (133, 73), (26, 165)], (16, 0, 6, 52))
([(221, 25), (0, 111), (184, 44)], (60, 252, 151, 189))
([(90, 135), (186, 98), (181, 84), (50, 98), (73, 38)], (82, 248, 214, 232))
([(89, 101), (71, 83), (54, 66), (228, 93), (82, 167), (83, 169)], (164, 247, 170, 56))
([(209, 154), (103, 109), (14, 175)], (61, 40, 21, 116))
([(143, 160), (16, 136), (165, 139)], (173, 161, 67, 66))
([(11, 92), (32, 92), (37, 92), (56, 92), (118, 53), (124, 49), (136, 42), (3, 85), (88, 4)], (26, 81, 243, 36))
([(113, 93), (151, 116), (145, 135), (84, 91), (13, 98), (92, 51), (170, 126)], (141, 152, 57, 29))
([(104, 96), (79, 23), (104, 3)], (140, 200, 109, 66))
([(93, 149), (189, 67), (234, 172)], (33, 48, 167, 88))
([(33, 20), (37, 36), (55, 57), (9, 174)], (85, 57, 247, 62))
([(8, 175), (79, 61), (78, 77)], (92, 24, 46, 141))
([(222, 170), (193, 138), (179, 122), (78, 150), (43, 120)], (50, 27, 152, 179))
([(49, 51), (217, 135), (199, 178)], (57, 176, 110, 59))
([(111, 67), (233, 141), (72, 153), (84, 152), (172, 26)], (54, 9, 231, 36))
([(218, 49), (109, 145), (228, 174)], (35, 83, 110, 103))
([(39, 41), (54, 5), (181, 35)], (9, 37, 212, 19))
([(39, 127), (59, 47), (60, 72)], (30, 229, 15, 235))
([(7, 82), (210, 171), (220, 175), (119, 17), (206, 10)], (152, 25, 17, 82))
([(61, 158), (82, 162), (97, 165), (186, 30), (165, 28), (47, 19)], (99, 44, 44, 9))
([(29, 130), (9, 33), (35, 1), (185, 14), (237, 8)], (81, 59, 19, 19))
([(168, 105), (183, 80), (181, 11), (152, 135), (127, 121), (113, 113), (6, 44)], (193, 17, 221, 36))
([(42, 74), (81, 53), (15, 88), (47, 16)], (75, 191, 187, 66))
([(28, 3), (239, 154), (104, 22)], (54, 135, 220, 85))
([(105, 170), (198, 176), (190, 168), (27, 6), (88, 81), (177, 20)], (120, 32, 24, 138))
([(70, 128), (168, 70), (169, 73), (182, 110)], (238, 164, 53, 174))
([(66, 18), (119, 14), (178, 108), (33, 79)], (30, 60, 107, 18))
([(98, 113), (210, 131), (34, 50), (231, 101), (116, 81)], (158, 57, 122, 185))
([(34, 4), (126, 104), (131, 109), (156, 125), (102, 114), (59, 145)], (48, 122, 72, 139))
([(154, 164), (66, 143), (131, 139)], (17, 43, 13, 88))
([(178, 49), (167, 55), (38, 127), (210, 145), (228, 172), (209, 168), (135, 150)], (61, 67, 112, 90))
([(47, 39), (115, 124), (212, 29)], (107, 142, 48, 113))
([(164, 12), (172, 21), (212, 18), (240, 118), (206, 69)], (136, 157, 221, 122))
([(11, 70), (17, 92), (25, 121), (152, 4)], (85, 70, 12, 27))
([(196, 84), (224, 0), (0, 15)], (100, 169, 70, 4))
([(111, 129), (176, 10), (159, 28), (140, 49), (176, 44), (239, 35)], (67, 241, 66, 7))
([(77, 179), (36, 115), (45, 104), (50, 98), (70, 74)], (99, 50, 87, 51))
([(52, 146), (15, 123), (21, 38)], (188, 141, 195, 40))
([(151, 165), (235, 100), (104, 55)], (40, 95, 70, 163))
([(191, 159), (149, 97), (234, 47)], (107, 83, 202, 86))
([(126, 131), (59, 96), (86, 53), (145, 0)], (80, 176, 81, 147))
([(190, 152), (60, 150), (53, 150), (37, 149), (26, 149), (35, 138), (44, 128)], (64, 9, 40, 211))
([(65, 36), (83, 72), (28, 52), (18, 48)], (51, 130, 124, 207))
([(153, 107), (203, 124), (75, 34)], (198, 60, 182, 29))
([(225, 47), (206, 173), (103, 76)], (124, 229, 110, 46))
([(5, 121), (15, 117), (171, 60), (163, 99), (161, 96), (172, 9)], (2, 86, 64, 99))
([(184, 37), (192, 0), (57, 103)], (76, 101, 88, 49))
([(98, 38), (19, 30), (90, 69), (223, 142), (31, 162), (121, 99), (195, 27)], (35, 89, 110, 77))
([(104, 99), (216, 40), (73, 57)], (24, 72, 97, 82))
([(46, 129), (122, 10), (222, 83)], (147, 88, 252, 102))
([(28, 167), (87, 33), (61, 127)], (253, 34, 25, 127))
