([(203, 89), (145, 5), (158, 95), (64, 156)], (202, 242, 88, 119))
([(189, 13), (192, 82), (196, 175), (212, 100)], (7, 29, 49, 244))
([(42, 101), (184, 32), (198, 29), (236, 21), (89, 101), (23, 137)], (214, 241, 9, 199))
([(187, 177), (163, 146), (159, 120), (154, 87), (148, 48)], (39, 103, 16, 65))
([(8, 47), (4, 147), (171, 11), (3, 65)], (74, 6, 100, 219))
([(182, 129), (132, 152), (126, 155), (53, 179)], (70, 209, 132, 115))
([(239, 127), (202, 89), (42, 137)], (138, 174, 94, 148))
([(166, 168), (151, 53), (64, 147), (147, 46)], (178, 39, 245, 62))
([(93, 172), (113, 167), (173, 93), (120, 164), (121, 164), (122, 164)], (222, 137, 71, 1))
([(169, 49), (104, 19), (46, 157), (145, 100)], (72, 128, 22, 225))
([(226, 171), (76, 105), (99, 80), (185, 177)], (199, 189, 242, 44))
([(113, 97), (106, 73), (86, 94), (105, 157)], (5, 148, 183, 131))
([(37, 141), (95, 41), (16, 27), (162, 109)], (201, 135, 161, 57))
([(28, 82), (1, 47), (49, 50), (107, 145)], (97, 51, 100, 196))
([(175, 23), (76, 50), (85, 47), (98, 19), (95, 18)], (60, 125, 33, 25))
([(31, 53), (215, 45), (225, 23)], (114, 172, 176, 83))
([(22, 171), (199, 157), (239, 91)], (244, 38, 62, 71))
([(117, 133), (82, 3), (64, 84)], (236, 42, 32, 42))
([(19, 22), (239, 146), (232, 58)], (150, 231, 125, 84))
([(201, 40), (198, 143), (64, 137), (70, 107), (56, 115)], (208, 15, 203, 123))
([(31, 113), (23, 123), (197, 77), (51, 135), (135, 171)], (242, 119, 150, 61))
([(24, 4), (213, 159), (223, 167), (46, 25)], (216, 33, 251, 142))
([(125, 175), (47, 104), (0, 102), (150, 58)], (2, 106, 200, 105))
([(30, 2), (10, 20), (236, 122), (239, 1)], (159, 171, 60, 173))
([(197, 128), (164, 124), (128, 120), (115, 84), (70, 113), (27, 108)], (242, 205, 122, 145))
([(103, 139), (72, 169), (90, 156)], (101, 2, 252, 6))
([(175, 110), (213, 100), (22, 60)], (138, 177, 77, 68))
([(120, 15), (186, 96), (101, 126)], (45, 135, 201, 51))
([(188, 19), (182, 27), (115, 119), (144, 114)], (59, 142, 80, 53))
([(206, 118), (93, 19), (169, 9), (208, 60), (31, 90)], (111, 145, 117, 12))
([(43, 22), (44, 130), (148, 102)], (194, 215, 94, 123))
([(175, 148), (206, 145), (132, 72)], (216, 38, 171, 49))
([(189, 89), (141, 10), (179, 21), (193, 11), (30, 138)], (16, 221, 248, 130))
([(214, 173), (181, 8), (40, 6)], (255, 54, 28, 63))
([(47, 50), (49, 90), (52, 151)], (147, 218, 100, 84))
([(32, 41), (72, 3), (41, 52)], (139, 245, 26, 84))
([(131, 27), (75, 96), (87, 62), (96, 67), (85, 125), (84, 130)], (241, 16, 248, 160))
([(39, 145), (15, 1), (135, 101)], (64, 95, 11, 220))
([(237, 99), (161, 136), (187, 91)], (34, 43, 206, 119))
([(32, 96), (40, 21), (101, 166)], (205, 213, 164, 85))
([(62, 36), (40, 103), (57, 110), (130, 138)], (67, 44, 42, 182))
([(6, 0), (239, 52), (234, 15), (233, 8)], (73, 238, 236, 145))
([(233, 164), (151, 65), (86, 7)], (227, 20, 63, 29))
([(12, 74), (160, 12), (95, 10), (3, 7)], (152, 146, 118, 247))
([(173, 141), (167, 39), (189, 129)], (116, 111, 31, 49))
([(125, 38), (95, 144), (119, 148), (122, 149)], (160, 55, 112, 108))
([(183, 160), (107, 115), (39, 162), (8, 151)], (195, 225, 81, 77))
([(16, 65), (76, 106), (215, 36)], (14, 188, 142, 105))
([(57, 166), (62, 104), (62, 104), (70, 117)], (157, 81, 199, 139))
([(32, 62), (23, 24), (32, 53)], (153, 163, 111, 41))
([(116, 81), (56, 13), (211, 154)], (145, 40, 69, 35))
([(106, 146), (142, 58), (114, 52), (25, 31), (218, 19)], (42, 222, 248, 133))
([(73, 67), (188, 125), (68, 47)], (106, 31, 179, 61))
([(125, 163), (202, 92), (162, 75), (161, 75), (226, 25)], (143, 19, 254, 4))
([(173, 149), (0, 133), (192, 111)], (93, 206, 44, 43))
([(81, 59), (143, 135), (212, 2)], (12, 47, 187, 178))
([(116, 42), (189, 1), (180, 70)], (104, 121, 154, 161))
([(9, 66), (112, 19), (41, 136)], (159, 47, 208, 35))
([(235, 138), (69, 76), (197, 48)], (114, 190, 243, 16))
([(206, 131), (133, 95), (43, 1)], (161, 248, 65, 81))
([(12, 98), (105, 67), (94, 43), (159, 37)], (241, 140, 70, 16))
([(145, 64), (46, 59), (92, 165), (98, 179), (98, 179)], (124, 98, 125, 4))
([(172, 93), (192, 0), (57, 103)], (76, 129, 88, 49))
([(231, 15), (8, 116), (187, 24), (27, 21)], (158, 233, 90, 172))
([(141, 22), (129, 78), (188, 26), (169, 115), (146, 61)], (137, 142, 179, 225))
([(155, 26), (97, 106), (187, 53), (239, 107), (17, 78), (28, 150), (75, 88), (165, 163)], (35, 68, 141, 197))
([(65, 66), (91, 163), (59, 16)], (96, 20, 226, 89))
([(73, 97), (205, 69), (223, 3)], (151, 163, 67, 176))
([(177, 91), (153, 70), (139, 57), (120, 115)], (244, 232, 138, 81))
([(141, 171), (219, 14), (131, 30)], (221, 191, 233, 170))
([(230, 53), (76, 73), (67, 55), (80, 155), (16, 132), (23, 42)], (79, 234, 111, 128))
([(83, 55), (88, 36), (31, 134), (238, 108), (233, 112), (171, 82)], (214, 76, 145, 155))
([(128, 156), (163, 11), (176, 66)], (237, 26, 251, 203))
([(195, 134), (229, 73), (117, 30), (4, 82)], (38, 46, 196, 193))
([(75, 128), (54, 12), (137, 143)], (78, 73, 133, 50))
([(224, 169), (224, 169), (220, 164)], (224, 145, 49, 115))
([(226, 139), (223, 67), (238, 171)], (104, 151, 113, 243))
([(121, 147), (59, 13), (143, 107), (180, 148), (14, 59)], (167, 54, 59, 254))
([(111, 129), (176, 10), (140, 49), (176, 44), (239, 35)], (67, 241, 66, 7))
([(237, 80), (206, 92), (183, 101), (8, 167)], (128, 67, 192, 178))
([(62, 108), (67, 116), (72, 124), (199, 25)], (60, 255, 31, 166))
([(37, 148), (31, 152), (16, 162), (223, 72), (22, 97), (17, 98), (122, 133)], (59, 166, 227, 222))
([(107, 69), (83, 64), (53, 115), (57, 53)], (147, 197, 254, 64))
([(76, 120), (19, 9), (87, 120)], (204, 168, 142, 213))
([(126, 24), (131, 41), (116, 156)], (245, 39, 184, 241))
([(99, 92), (155, 110), (146, 2)], (17, 196, 227, 181))
([(133, 40), (42, 131), (65, 28)], (190, 111, 88, 31))
([(22, 22), (127, 74), (60, 99)], (228, 176, 95, 48))
([(99, 72), (4, 152), (102, 55)], (107, 42, 242, 136))
([(47, 169), (185, 78), (46, 17), (110, 79), (65, 130)], (146, 233, 78, 22))
([(206, 141), (239, 72), (195, 42), (215, 158)], (155, 244, 36, 103))
([(49, 48), (157, 178), (115, 169)], (165, 63, 135, 128))
([(178, 1), (83, 0), (25, 93)], (120, 41, 168, 222))
([(14, 28), (156, 74), (172, 48), (232, 137)], (77, 223, 219, 8))
([(3, 90), (90, 40), (117, 26)], (153, 149, 10, 151))
([(58, 163), (46, 136), (28, 96), (130, 41), (176, 78)], (210, 151, 53, 75))
([(150, 140), (227, 111), (201, 109), (50, 98), (143, 122)], (51, 202, 86, 200))
([(140, 35), (168, 132), (130, 166), (144, 119)], (78, 80, 108, 154))
([(17, 156), (180, 60), (122, 141), (150, 75), (46, 12)], (81, 131, 145, 171))
([(64, 15), (181, 29), (113, 69)], (117, 34, 246, 123))
([(135, 25), (7, 86), (49, 27), (60, 12)], (135, 64, 84, 187))
([(163, 36), (85, 142), (13, 59)], (42, 53, 245, 122))
([(119, 78), (119, 78), (86, 126)], (21, 53, 49, 141))
([(1, 106), (40, 93), (192, 71)], (39, 172, 143, 240))
([(160, 176), (136, 88), (119, 93), (2, 128)], (15, 173, 97, 171))
([(160, 94), (3, 170), (64, 46)], (217, 159, 198, 17))
([(25, 112), (4, 113), (50, 88), (88, 67)], (88, 80, 194, 153))
([(61, 139), (101, 168), (231, 96)], (79, 49, 53, 115))
([(124, 115), (110, 133), (73, 34), (238, 1)], (106, 229, 164, 113))
([(55, 125), (108, 92), (120, 85), (151, 66)], (27, 3, 137, 5))
([(48, 106), (177, 43), (84, 132)], (174, 110, 145, 198))
([(181, 157), (100, 6), (11, 52)], (165, 226, 178, 66))
([(233, 139), (214, 24), (118, 100), (198, 20)], (46, 168, 173, 175))
([(120, 140), (219, 111), (236, 13), (108, 23), (144, 147)], (206, 134, 57, 178))
([(230, 78), (72, 90), (32, 139), (81, 77), (63, 60), (42, 40)], (200, 149, 150, 53))
([(94, 107), (210, 113), (34, 27)], (69, 74, 127, 28))
([(116, 29), (36, 11), (81, 173)], (39, 52, 172, 106))
([(41, 24), (101, 85), (101, 85), (102, 86), (59, 35), (170, 100)], (150, 8, 173, 226))
([(43, 56), (194, 122), (115, 57)], (226, 222, 255, 149))
([(81, 51), (139, 42), (156, 95)], (253, 42, 75, 221))
([(14, 22), (20, 72), (201, 47)], (94, 42, 197, 189))
([(226, 143), (216, 131), (131, 27), (31, 8)], (161, 49, 131, 131))
([(75, 34), (226, 22), (10, 12)], (97, 17, 84, 52))
([(160, 27), (84, 170), (53, 28)], (70, 223, 54, 65))
([(32, 99), (123, 100), (154, 145), (196, 92)], (59, 91, 204, 225))
([(13, 107), (3, 28), (2, 109)], (116, 225, 103, 159))
([(136, 124), (234, 180), (20, 22)], (33, 243, 44, 150))
([(192, 140), (84, 69), (59, 53), (9, 20), (2, 88)], (101, 218, 174, 42))
([(27, 112), (77, 105), (118, 127), (202, 173), (188, 144)], (12, 21, 75, 192))
([(174, 28), (158, 69), (151, 87)], (151, 176, 63, 102))
([(158, 18), (139, 175), (106, 139), (20, 44)], (165, 46, 47, 5))
([(112, 115), (172, 34), (18, 15), (150, 22), (40, 89), (154, 147)], (144, 155, 209, 203))
([(224, 72), (95, 124), (37, 89)], (19, 251, 74, 224))
([(83, 52), (101, 72), (118, 90), (2, 137)], (202, 100, 158, 54))
([(153, 107), (126, 67), (75, 34)], (198, 60, 182, 194))
([(24, 135), (197, 43), (223, 77)], (196, 9, 252, 157))
([(70, 13), (219, 9), (65, 110)], (163, 30, 186, 133))
([(170, 174), (209, 127), (150, 8)], (232, 240, 113, 63))
([(223, 44), (176, 167), (144, 31)], (191, 237, 61, 29))
([(4, 91), (60, 105), (20, 157)], (81, 62, 75, 138))
([(234, 52), (201, 119), (167, 27), (161, 57), (150, 112)], (121, 81, 60, 208))
([(193, 139), (204, 25), (202, 136)], (102, 238, 125, 189))
([(48, 56), (183, 115), (135, 98)], (255, 137, 131, 89))
([(49, 104), (75, 57), (105, 2)], (83, 111, 164, 94))
([(152, 8), (113, 37), (103, 45), (194, 70)], (22, 57, 197, 109))
([(230, 26), (228, 32), (51, 109)], (209, 171, 225, 53))
([(166, 177), (94, 150), (80, 145), (55, 135), (1, 115), (240, 161)], (28, 246, 35, 17))
([(118, 13), (127, 18), (147, 28), (156, 11)], (239, 68, 53, 25))
([(237, 50), (25, 64), (227, 163)], (91, 189, 32, 107))
([(177, 13), (71, 155), (188, 12)], (185, 76, 253, 151))
([(185, 49), (223, 45), (133, 116), (49, 153), (137, 117), (113, 47)], (213, 208, 108, 222))
([(152, 46), (140, 92), (179, 63), (97, 93), (65, 105), (47, 112), (209, 104), (194, 143)], (39, 132, 160, 129))
([(71, 129), (57, 32), (163, 144)], (237, 205, 76, 136))
([(67, 176), (48, 33), (101, 97), (115, 178)], (49, 41, 25, 158))
([(75, 103), (73, 104), (73, 104), (73, 104), (32, 120), (136, 37)], (139, 3, 70, 154))
([(128, 16), (3, 165), (64, 139), (37, 6)], (15, 89, 32, 9))
([(227, 67), (23, 32), (107, 110), (193, 69)], (61, 98, 220, 252))
([(144, 15), (137, 23), (129, 32), (57, 112), (131, 168)], (105, 104, 63, 49))
([(136, 22), (83, 70), (49, 100), (198, 77)], (208, 209, 61, 96))
([(190, 151), (12, 157), (226, 99)], (20, 167, 15, 243))
([(93, 11), (147, 158), (26, 123)], (4, 67, 209, 183))
([(38, 87), (154, 67), (28, 116), (113, 92), (171, 153), (88, 49), (77, 35)], (103, 71, 94, 55))
([(216, 65), (199, 60), (56, 22), (91, 30), (128, 39), (104, 112), (190, 152)], (128, 97, 135, 74))
([(104, 55), (113, 67), (127, 85), (78, 83), (176, 147), (201, 30)], (71, 39, 223, 117))
([(235, 118), (219, 98), (140, 0), (146, 35)], (183, 139, 37, 21))
([(133, 46), (62, 99), (155, 173), (121, 64)], (59, 113, 37, 250))
([(133, 52), (53, 47), (51, 65)], (223, 164, 224, 27))
([(50, 5), (110, 1), (76, 20)], (81, 176, 112, 86))
([(0, 149), (26, 104), (62, 137), (2, 61)], (138, 47, 141, 148))
([(210, 72), (183, 54), (127, 69), (40, 92)], (33, 202, 47, 87))
([(50, 70), (123, 81), (79, 70), (2, 61)], (86, 114, 190, 207))
([(73, 72), (80, 77), (88, 83), (151, 131)], (183, 49, 218, 244))
([(135, 25), (151, 123), (121, 154)], (119, 243, 94, 179))
([(205, 86), (29, 81), (48, 89), (131, 126), (0, 131), (235, 143)], (199, 38, 167, 168))
([(14, 93), (1, 9), (180, 68), (93, 60)], (49, 247, 170, 14))
([(115, 108), (84, 2), (44, 35), (145, 77), (27, 36)], (29, 236, 2, 197))
([(198, 178), (153, 153), (147, 9), (146, 17), (36, 69)], (186, 236, 77, 84))
([(152, 144), (44, 144), (60, 24)], (106, 77, 96, 136))
([(183, 139), (127, 13), (130, 22)], (6, 234, 0, 77))
([(9, 5), (179, 125), (12, 86), (78, 69), (57, 154), (217, 75), (30, 95), (53, 131)], (7, 18, 81, 210))
([(109, 24), (154, 41), (108, 64), (83, 76), (180, 11)], (213, 149, 146, 77))
([(1, 70), (74, 88), (87, 69), (118, 24)], (70, 128, 243, 107))
([(23, 19), (34, 27), (62, 180)], (156, 224, 111, 60))
([(168, 105), (183, 80), (181, 11), (152, 135), (113, 113), (6, 44)], (193, 17, 221, 36))
([(155, 92), (121, 128), (67, 80)], (230, 231, 126, 173))
([(132, 49), (39, 16), (211, 99)], (202, 58, 3, 149))
([(216, 76), (30, 60), (21, 52)], (212, 214, 124, 116))
([(63, 125), (44, 22), (137, 115)], (50, 134, 6, 165))
([(52, 60), (1, 141), (83, 63)], (80, 144, 141, 112))
([(209, 7), (93, 132), (69, 145), (13, 174)], (210, 17, 89, 41))
([(156, 21), (120, 38), (77, 120), (72, 129), (46, 179)], (72, 42, 41, 255))
([(9, 16), (10, 22), (27, 118), (239, 120)], (48, 60, 123, 59))
([(190, 94), (160, 143), (157, 143), (90, 141)], (143, 10, 139, 171))
([(126, 131), (59, 96), (86, 53), (221, 60)], (80, 176, 81, 147))
([(169, 98), (169, 98), (140, 143), (105, 84), (104, 89)], (189, 53, 164, 82))
([(140, 100), (179, 53), (145, 91), (94, 148)], (144, 4, 6, 142))
([(222, 10), (10, 14), (161, 98)], (2, 169, 108, 86))
([(119, 166), (19, 152), (192, 177)], (163, 20, 149, 117))
([(155, 97), (214, 2), (182, 154), (79, 135), (122, 126)], (73, 111, 153, 164))
([(189, 95), (133, 73), (26, 165)], (16, 0, 6, 52))
([(221, 25), (0, 111), (184, 44)], (60, 252, 151, 189))
([(164, 12), (172, 21), (212, 18), (240, 118), (206, 69)], (136, 157, 221, 122))
([(90, 135), (237, 78), (50, 98), (73, 38)], (82, 248, 214, 232))
([(138, 150), (89, 101), (54, 66), (228, 93), (82, 167), (83, 169)], (164, 247, 170, 56))
([(198, 134), (209, 154), (140, 82), (14, 175)], (61, 40, 21, 116))
([(11, 92), (37, 92), (56, 92), (118, 53), (124, 49), (136, 42), (3, 85), (88, 4)], (26, 81, 243, 36))
([(103, 21), (61, 97), (145, 135), (230, 173), (13, 98), (92, 51), (170, 126)], (141, 152, 123, 29))
([(107, 108), (126, 121), (145, 85), (180, 20)], (245, 247, 112, 25))
([(111, 156), (79, 23), (104, 3)], (140, 200, 109, 66))
([(0, 136), (188, 60), (77, 139)], (1, 99, 224, 243))
([(93, 149), (7, 159), (234, 172)], (33, 48, 167, 88))
([(33, 20), (37, 36), (55, 57), (9, 174)], (85, 57, 247, 62))
([(8, 175), (79, 61), (78, 77), (78, 77)], (92, 24, 46, 49))
([(39, 41), (54, 5), (181, 35)], (9, 37, 212, 19))
([(222, 170), (193, 138), (179, 122), (78, 150), (43, 120)], (50, 27, 152, 179))
([(49, 51), (217, 135), (199, 178)], (57, 176, 110, 59))
([(111, 67), (77, 179), (72, 153), (106, 31), (84, 152), (172, 26)], (54, 80, 231, 36))
([(218, 49), (109, 145), (228, 174)], (35, 83, 160, 103))
([(182, 149), (188, 76), (166, 16), (54, 178), (115, 92), (224, 31)], (159, 201, 125, 42))
([(39, 127), (59, 47), (60, 72)], (30, 229, 15, 235))
([(7, 82), (210, 171), (220, 175), (119, 17), (206, 10)], (152, 25, 17, 82))
([(61, 158), (97, 165), (186, 30), (165, 28), (47, 19)], (99, 44, 44, 219))
([(29, 130), (9, 33), (35, 1), (185, 14), (237, 8)], (81, 59, 19, 19))
([(143, 160), (16, 136), (165, 139)], (173, 161, 67, 66))
([(42, 74), (81, 53), (15, 88), (47, 16)], (75, 191, 187, 66))
([(28, 3), (239, 154), (104, 22)], (54, 135, 220, 85))
([(105, 170), (198, 176), (190, 168), (31, 8), (88, 81), (177, 20)], (120, 32, 24, 138))
([(70, 128), (168, 70), (182, 110)], (107, 164, 53, 173))
([(66, 18), (119, 14), (178, 108), (33, 79)], (30, 60, 107, 18))
([(98, 113), (210, 131), (34, 50), (231, 101), (116, 81)], (158, 57, 122, 185))
([(34, 4), (126, 104), (131, 109), (156, 125), (174, 136), (171, 135), (102, 114), (59, 145)], (48, 122, 72, 139))
([(47, 39), (115, 124), (212, 29)], (107, 142, 48, 113))
([(154, 164), (66, 143), (131, 139)], (17, 43, 13, 93))
([(178, 49), (167, 55), (38, 127), (210, 145), (228, 172), (209, 168), (135, 150)], (61, 67, 112, 90))
([(219, 19), (184, 62), (148, 106), (10, 68)], (100, 152, 166, 121))
([(52, 146), (15, 123), (21, 38)], (188, 141, 195, 40))
([(11, 70), (17, 92), (25, 121), (152, 4)], (85, 70, 12, 27))
([(196, 84), (224, 0), (0, 15)], (100, 169, 70, 4))
([(77, 179), (36, 115), (45, 104), (50, 98), (70, 74)], (99, 50, 87, 51))
([(151, 165), (235, 100), (104, 55)], (40, 95, 70, 163))
([(191, 159), (167, 124), (149, 97), (234, 47)], (107, 83, 202, 86))
([(190, 152), (60, 150), (53, 150), (37, 149), (26, 149), (35, 138), (44, 128)], (64, 9, 40, 211))
([(65, 36), (83, 72), (18, 48)], (51, 130, 124, 210))
([(225, 47), (206, 173), (103, 76)], (124, 229, 110, 46))
([(5, 121), (171, 60), (163, 99), (161, 96), (172, 9), (23, 55)], (2, 78, 64, 99))
([(54, 27), (115, 134), (167, 25)], (41, 180, 253, 134))
([(98, 38), (19, 30), (90, 69), (223, 142), (31, 162), (121, 99), (195, 27)], (35, 89, 110, 77))
([(139, 79), (216, 40), (73, 57)], (24, 72, 97, 82))
([(46, 129), (122, 10), (222, 83)], (147, 88, 252, 102))
([(28, 167), (87, 33), (61, 127)], (253, 34, 25, 127))
