([(166, 73), (220, 175), (119, 17), (206, 10)], (152, 25, 17, 82))
([(116, 33), (162, 136), (181, 29), (113, 69)], (117, 213, 246, 136))
([(189, 13), (196, 175), (205, 172)], (7, 215, 219, 244))
([(182, 149), (188, 76), (166, 16), (54, 178), (224, 31)], (159, 201, 125, 42))
([(8, 47), (4, 147), (171, 11), (3, 65)], (27, 6, 100, 103))
([(145, 64), (46, 59), (98, 179)], (124, 98, 125, 24))
([(60, 35), (239, 127), (202, 89), (42, 137)], (236, 174, 94, 181))
([(166, 168), (151, 53), (202, 6), (11, 50), (163, 64)], (178, 39, 227, 203))
([(206, 84), (46, 151), (84, 170), (53, 28)], (70, 223, 54, 65))
([(93, 172), (122, 164), (88, 8)], (20, 137, 76, 73))
([(73, 67), (188, 125), (19, 44)], (106, 31, 179, 61))
([(79, 135), (204, 28), (105, 157), (186, 46)], (5, 148, 183, 131))
([(52, 146), (15, 123), (21, 38), (192, 48)], (232, 141, 195, 8))
([(166, 123), (48, 106), (177, 43), (84, 132), (46, 2)], (174, 110, 20, 198))
([(63, 63), (152, 144), (44, 144), (60, 24)], (233, 21, 111, 217))
([(99, 92), (155, 110), (146, 2), (84, 169)], (24, 196, 227, 181))
([(28, 82), (1, 47), (47, 56), (189, 23)], (97, 51, 100, 196))
([(175, 23), (76, 50), (85, 47), (144, 36), (73, 10)], (172, 52, 97, 25))
([(31, 53), (215, 45), (225, 23)], (114, 172, 9, 83))
([(206, 26), (27, 112), (77, 105), (52, 48), (188, 144), (153, 39)], (12, 21, 75, 192))
([(195, 134), (93, 61), (117, 30), (98, 154)], (38, 46, 196, 103))
([(125, 175), (75, 174), (224, 125)], (2, 106, 200, 105))
([(103, 139), (72, 169), (90, 156)], (101, 2, 252, 41))
([(216, 63), (175, 110), (44, 131), (82, 66), (22, 60)], (138, 177, 246, 141))
([(56, 105), (120, 15), (186, 96), (26, 166)], (171, 135, 201, 218))
([(188, 19), (124, 44), (144, 114)], (191, 142, 80, 74))
([(175, 148), (206, 145), (132, 72)], (216, 151, 171, 206))
([(214, 173), (181, 8), (40, 6)], (255, 54, 28, 63))
([(119, 169), (32, 107), (8, 167), (84, 117)], (128, 67, 192, 178))
([(34, 4), (131, 109), (174, 136), (102, 114), (59, 145)], (48, 122, 72, 244))
([(162, 173), (237, 99), (161, 136), (187, 91)], (228, 43, 206, 119))
([(32, 96), (42, 2), (233, 153), (101, 166)], (205, 213, 255, 85))
([(12, 74), (132, 179), (3, 7)], (152, 146, 118, 247))
([(45, 168), (167, 39), (189, 129)], (116, 97, 31, 229))
([(228, 69), (32, 62), (23, 24), (59, 170)], (153, 163, 111, 41))
([(14, 22), (20, 72), (201, 47), (124, 117)], (94, 42, 197, 189))
([(210, 72), (183, 54), (40, 92)], (33, 224, 47, 175))
([(115, 13), (72, 90), (32, 139), (49, 148), (42, 40)], (200, 149, 150, 53))
([(106, 146), (187, 137), (142, 58), (25, 31), (218, 19)], (42, 166, 248, 133))
([(16, 8), (110, 1), (76, 20)], (81, 176, 112, 86))
([(118, 86), (143, 135), (47, 10)], (117, 47, 187, 226))
([(15, 64), (62, 36), (40, 103), (130, 138)], (67, 44, 42, 103))
([(0, 136), (188, 60), (77, 139)], (1, 99, 224, 243))
([(183, 28), (99, 53), (9, 66), (112, 19), (41, 136)], (159, 47, 208, 35))
([(12, 98), (154, 106), (182, 60), (159, 37)], (241, 140, 2, 16))
([(231, 15), (96, 138), (187, 24), (27, 21)], (158, 233, 59, 53))
([(32, 41), (72, 3), (41, 52)], (139, 245, 26, 84))
([(57, 166), (62, 104), (70, 117)], (157, 81, 199, 144))
([(212, 173), (232, 158), (70, 125), (162, 146), (86, 22)], (245, 39, 184, 241))
([(225, 47), (206, 173), (77, 51), (197, 57)], (124, 229, 39, 46))
([(56, 142), (188, 26), (169, 115), (146, 61)], (137, 9, 179, 103))
([(193, 139), (177, 48), (163, 43), (204, 25), (202, 136)], (102, 238, 125, 237))
([(154, 164), (66, 143), (131, 139)], (17, 43, 13, 22))
([(155, 26), (97, 106), (187, 53), (17, 78), (28, 150), (75, 88), (165, 163)], (35, 68, 141, 197))
([(47, 169), (185, 78), (137, 138), (104, 134), (110, 79), (180, 171)], (146, 233, 110, 34))
([(28, 3), (239, 154), (85, 162)], (54, 135, 220, 85))
([(98, 82), (73, 97), (30, 168), (141, 69), (67, 46)], (151, 163, 67, 176))
([(230, 53), (76, 73), (67, 55), (80, 155), (56, 132), (23, 42)], (79, 234, 111, 128))
([(197, 7), (181, 12), (163, 99), (23, 55)], (2, 78, 64, 99))
([(234, 52), (201, 119), (167, 27), (209, 93)], (121, 81, 60, 208))
([(1, 106), (40, 93), (192, 71)], (39, 172, 143, 119))
([(129, 117), (36, 11), (81, 173)], (39, 52, 172, 130))
([(88, 176), (54, 12), (111, 88), (173, 98)], (78, 73, 138, 50))
([(133, 13), (108, 120), (173, 149), (0, 133), (192, 111)], (93, 206, 44, 43))
([(182, 129), (213, 52), (53, 179)], (70, 209, 132, 115))
([(204, 68), (236, 105), (148, 180), (237, 81)], (104, 151, 113, 243))
([(111, 129), (176, 10), (140, 49), (193, 38)], (67, 241, 210, 7))
([(47, 50), (183, 126), (110, 176)], (147, 218, 209, 101))
([(76, 120), (19, 9), (97, 173)], (204, 168, 147, 213))
([(175, 57), (168, 154), (65, 28)], (190, 84, 152, 31))
([(22, 22), (127, 74), (60, 99)], (228, 176, 95, 48))
([(10, 89), (55, 88), (165, 130), (4, 152), (102, 55)], (107, 42, 242, 136))
([(159, 0), (81, 109), (163, 11), (176, 66)], (237, 26, 251, 203))
([(25, 149), (206, 141), (239, 72), (167, 23)], (54, 244, 36, 103))
([(1, 70), (138, 103), (118, 24)], (250, 56, 89, 107))
([(49, 48), (157, 178), (115, 169)], (165, 63, 243, 128))
([(231, 83), (190, 151), (12, 157), (226, 99)], (20, 167, 15, 243))
([(14, 28), (156, 74), (172, 48), (232, 137)], (77, 99, 219, 8))
([(58, 163), (28, 96), (130, 41), (202, 69), (203, 135), (93, 157), (176, 78)], (210, 151, 53, 227))
([(140, 35), (168, 132), (177, 115), (144, 119)], (78, 80, 37, 180))
([(135, 25), (7, 86), (5, 27)], (251, 64, 84, 187))
([(73, 72), (160, 138), (27, 146)], (154, 11, 218, 84))
([(130, 32), (52, 60), (167, 33)], (201, 144, 141, 112))
([(163, 36), (85, 142), (13, 59)], (42, 123, 245, 122))
([(19, 22), (111, 178), (159, 77), (239, 146), (154, 161), (44, 55)], (150, 231, 125, 84))
([(37, 148), (16, 162), (223, 72), (17, 98), (192, 73)], (59, 185, 227, 222))
([(35, 112), (4, 113), (88, 67)], (88, 80, 194, 153))
([(116, 42), (59, 128), (115, 14), (180, 70)], (208, 151, 81, 161))
([(115, 108), (84, 2), (44, 35), (145, 77), (27, 36)], (29, 236, 2, 197))
([(35, 65), (177, 170), (72, 124), (199, 25)], (135, 246, 34, 223))
([(55, 125), (151, 66), (144, 162), (74, 118), (170, 89)], (255, 3, 52, 241))
([(181, 157), (100, 6), (11, 52)], (165, 226, 180, 66))
([(144, 15), (57, 112), (148, 14)], (167, 104, 112, 49))
([(233, 139), (214, 24), (16, 22), (198, 20)], (46, 143, 173, 6))
([(75, 34), (226, 22), (170, 36), (10, 12)], (97, 17, 84, 52))
([(202, 23), (71, 51), (43, 1)], (161, 248, 65, 81))
([(170, 101), (219, 111), (236, 13), (108, 23), (182, 148)], (206, 134, 57, 250))
([(235, 138), (118, 162), (177, 131)], (114, 190, 243, 181))
([(218, 58), (126, 114), (49, 100), (136, 20), (198, 77)], (208, 209, 61, 142))
([(164, 12), (172, 21), (96, 55), (212, 18), (240, 118), (206, 69)], (136, 157, 221, 122))
([(233, 164), (142, 54), (86, 7)], (85, 20, 63, 29))
([(176, 92), (53, 47), (45, 133), (190, 35)], (223, 164, 224, 213))
([(38, 87), (151, 89), (28, 116), (113, 92), (171, 153), (77, 35)], (103, 71, 94, 55))
([(172, 93), (111, 19), (57, 103), (56, 177)], (74, 129, 88, 49))
([(178, 84), (11, 155), (25, 64), (227, 163)], (91, 9, 75, 107))
([(43, 166), (58, 3), (156, 95)], (253, 42, 75, 221))
([(9, 16), (27, 118), (239, 120)], (48, 49, 123, 59))
([(198, 134), (209, 154), (14, 175)], (61, 40, 249, 116))
([(93, 149), (7, 159), (172, 105)], (33, 189, 167, 88))
([(125, 163), (202, 92), (45, 70)], (143, 19, 254, 4))
([(9, 5), (179, 125), (12, 86), (78, 69), (57, 154), (217, 75), (53, 131)], (7, 18, 81, 210))
([(226, 143), (192, 39), (31, 8)], (161, 49, 131, 131))
([(125, 38), (95, 144), (33, 159), (189, 18)], (160, 55, 112, 66))
([(157, 120), (121, 6), (23, 123), (135, 171)], (242, 119, 150, 61))
([(32, 99), (123, 100), (154, 145), (205, 18), (196, 92)], (59, 91, 204, 234))
([(42, 74), (81, 53), (15, 88), (47, 16)], (75, 191, 157, 66))
([(116, 81), (56, 13), (211, 154)], (165, 40, 69, 45))
([(0, 163), (3, 28), (2, 109), (220, 60)], (245, 225, 103, 39))
([(24, 135), (197, 43), (99, 73)], (196, 9, 252, 157))
([(32, 117), (136, 124), (180, 8), (234, 180), (20, 22)], (151, 243, 44, 150))
([(192, 140), (127, 28), (166, 42), (2, 88)], (169, 47, 27, 42))
([(46, 129), (122, 10), (150, 53), (222, 83), (197, 76)], (147, 88, 252, 102))
([(140, 90), (174, 28), (151, 87), (183, 68)], (151, 176, 63, 102))
([(111, 156), (68, 141), (104, 3)], (140, 200, 235, 66))
([(224, 72), (95, 124), (37, 89)], (19, 251, 74, 150))
([(83, 52), (118, 90), (2, 137)], (202, 100, 158, 91))
([(50, 70), (24, 161), (79, 70), (2, 61)], (68, 114, 60, 207))
([(28, 77), (50, 59), (34, 44), (95, 41), (16, 27), (21, 24)], (201, 135, 95, 97))
([(43, 56), (226, 16), (115, 57)], (220, 222, 149, 97))
([(98, 38), (19, 30), (223, 142), (59, 160), (195, 27)], (35, 89, 136, 77))
([(193, 9), (219, 9), (65, 110)], (163, 30, 186, 73))
([(110, 172), (226, 46), (139, 57), (55, 79)], (244, 146, 155, 153))
([(122, 97), (44, 130), (148, 102)], (255, 215, 94, 27))
([(41, 24), (102, 86), (59, 35), (170, 100)], (150, 8, 222, 226))
([(49, 51), (217, 135), (53, 22), (199, 178)], (57, 176, 110, 59))
([(4, 91), (64, 106), (214, 3)], (81, 62, 75, 179))
([(139, 43), (150, 121), (81, 147)], (41, 63, 253, 134))
([(25, 92), (49, 104), (105, 2)], (83, 111, 164, 94))
([(189, 95), (71, 127), (87, 35), (93, 30), (66, 146)], (16, 0, 6, 2))
([(212, 173), (45, 24), (64, 46)], (217, 112, 198, 126))
([(151, 96), (183, 160), (107, 115), (39, 162), (8, 151), (88, 50)], (195, 225, 81, 77))
([(45, 4), (103, 45), (124, 141), (194, 70), (30, 180)], (22, 214, 197, 109))
([(77, 78), (76, 105), (99, 80), (185, 177)], (199, 189, 242, 44))
([(46, 100), (230, 26), (190, 153)], (209, 171, 225, 53))
([(143, 32), (76, 128), (1, 115), (119, 153)], (28, 246, 35, 17))
([(140, 104), (72, 81), (207, 55), (156, 11)], (239, 68, 53, 25))
([(90, 135), (237, 78), (50, 98), (141, 25), (73, 38)], (76, 248, 214, 232))
([(37, 121), (71, 155), (46, 161)], (185, 76, 253, 174))
([(189, 89), (141, 10), (160, 176), (169, 29), (36, 90), (193, 11), (32, 135), (30, 138)], (16, 221, 248, 214))
([(185, 49), (185, 18), (133, 116), (49, 153), (137, 117), (113, 47)], (235, 208, 108, 222))
([(155, 97), (214, 2), (182, 154), (56, 54), (122, 126), (185, 84)], (73, 111, 153, 143))
([(152, 46), (127, 46), (140, 92), (179, 63), (56, 96), (209, 104), (194, 143)], (39, 132, 160, 129))
([(67, 176), (99, 85), (115, 178)], (49, 41, 25, 23))
([(178, 1), (83, 0), (25, 93)], (120, 41, 168, 222))
([(106, 19), (6, 51), (65, 159), (2, 61), (217, 133)], (165, 47, 141, 148))
([(54, 99), (191, 159), (149, 97), (234, 47)], (18, 83, 202, 86))
([(75, 103), (32, 120), (136, 37)], (170, 156, 178, 186))
([(94, 107), (228, 142), (34, 27)], (69, 74, 127, 187))
([(22, 171), (199, 157), (239, 91)], (244, 38, 62, 105))
([(13, 136), (64, 139), (126, 54)], (15, 216, 32, 9))
([(121, 147), (59, 13), (88, 145), (14, 59)], (167, 54, 59, 218))
([(132, 119), (53, 115), (57, 53), (166, 169)], (147, 122, 138, 179))
([(227, 67), (23, 32), (106, 103), (193, 69)], (158, 98, 220, 252))
([(216, 65), (56, 22), (167, 171), (211, 28)], (154, 97, 154, 74))
([(93, 11), (147, 158), (26, 123)], (4, 67, 209, 183))
([(98, 25), (93, 19), (169, 9), (208, 60), (31, 90)], (214, 145, 117, 44))
([(23, 120), (80, 180), (141, 121)], (79, 49, 152, 115))
([(23, 19), (139, 100), (122, 143)], (156, 224, 91, 60))
([(177, 87), (78, 83), (30, 77), (201, 30)], (71, 162, 196, 61))
([(235, 118), (140, 0), (146, 35)], (208, 139, 166, 157))
([(65, 24), (67, 85), (22, 67), (155, 173), (141, 131)], (59, 113, 37, 250))
([(9, 67), (10, 20), (236, 122), (201, 61), (91, 180)], (159, 171, 60, 173))
([(111, 67), (77, 179), (72, 153), (106, 31), (226, 160), (172, 26)], (54, 80, 231, 36))
([(42, 101), (184, 32), (13, 83), (236, 21), (23, 137)], (214, 241, 9, 194))
([(160, 176), (136, 88), (197, 54), (222, 0)], (177, 173, 97, 236))
([(150, 140), (223, 72), (50, 98), (143, 122)], (51, 202, 86, 200))
([(117, 133), (82, 3), (64, 84)], (71, 42, 60, 42))
([(178, 49), (38, 127), (210, 145), (107, 11), (228, 172), (135, 150)], (139, 67, 112, 90))
([(175, 24), (83, 55), (163, 74), (31, 134), (238, 108), (233, 112), (171, 82)], (214, 76, 145, 184))
([(198, 178), (153, 153), (147, 9), (146, 17), (36, 69)], (186, 236, 77, 84))
([(123, 143), (119, 78), (86, 126)], (231, 53, 49, 141))
([(45, 122), (15, 1), (25, 177), (37, 170)], (64, 29, 11, 220))
([(135, 25), (162, 111), (121, 154)], (64, 243, 94, 179))
([(205, 86), (29, 81), (179, 4), (205, 169), (0, 131), (235, 143)], (199, 38, 167, 168))
([(3, 90), (105, 113), (90, 40), (23, 27)], (252, 149, 10, 151))
([(62, 7), (154, 41), (83, 76), (180, 11)], (213, 149, 67, 126))
([(65, 66), (91, 163), (59, 16), (123, 36)], (151, 20, 226, 188))
([(190, 152), (26, 149), (161, 7), (44, 128)], (64, 112, 40, 83))
([(143, 100), (137, 76), (43, 120)], (50, 27, 152, 179))
([(73, 1), (79, 61), (78, 77)], (92, 24, 70, 49))
([(168, 105), (183, 80), (181, 11), (170, 89), (113, 113), (85, 19)], (193, 17, 221, 36))
([(203, 89), (145, 5), (162, 8), (158, 95), (64, 156)], (202, 207, 88, 119))
([(155, 92), (221, 119), (121, 128), (67, 80)], (230, 17, 126, 173))
([(117, 12), (118, 17), (176, 167), (144, 31), (144, 121)], (191, 237, 61, 29))
([(119, 99), (167, 138), (145, 0), (39, 16), (211, 99)], (202, 58, 3, 149))
([(63, 125), (44, 22), (121, 33)], (50, 134, 6, 48))
([(112, 115), (172, 34), (18, 15), (46, 176), (58, 37), (154, 147), (208, 74)], (231, 171, 209, 203))
([(180, 160), (190, 123), (56, 34), (142, 70)], (255, 137, 131, 12))
([(124, 115), (110, 133), (73, 34), (138, 103), (238, 1)], (106, 229, 164, 113))
([(11, 92), (56, 92), (136, 42), (3, 85), (88, 4)], (26, 68, 243, 36))
([(190, 94), (160, 143), (90, 141), (117, 11)], (143, 10, 139, 171))
([(12, 171), (86, 53), (151, 82), (221, 60)], (80, 176, 81, 13))
([(169, 98), (5, 139), (179, 173), (215, 161), (104, 89)], (189, 187, 252, 190))
([(170, 174), (209, 127), (166, 169), (147, 54), (113, 73)], (232, 240, 246, 185))
([(209, 7), (207, 127), (13, 174)], (210, 17, 118, 247))
([(24, 4), (223, 167), (46, 25)], (216, 33, 251, 142))
([(6, 0), (166, 47), (233, 8)], (73, 238, 236, 145))
([(197, 128), (27, 108), (90, 156)], (242, 205, 122, 145))
([(222, 10), (10, 14), (6, 9)], (2, 169, 108, 189))
([(140, 100), (179, 53), (94, 148)], (144, 4, 6, 142))
([(98, 113), (210, 131), (210, 28), (231, 101), (116, 81)], (158, 57, 122, 185))
([(138, 150), (54, 66), (142, 25), (82, 167), (83, 169)], (164, 247, 170, 56))
([(103, 21), (61, 97), (230, 173), (98, 166), (13, 98), (92, 51), (170, 126)], (141, 152, 221, 29))
([(107, 108), (126, 121), (180, 20)], (245, 247, 200, 25))
([(46, 178), (87, 62), (42, 110), (101, 70)], (241, 16, 248, 160))
([(158, 18), (203, 65), (20, 44)], (165, 46, 47, 5))
([(119, 166), (135, 13), (192, 177)], (163, 20, 149, 117))
([(33, 20), (37, 36), (150, 168), (9, 174)], (85, 28, 247, 76))
([(91, 30), (39, 41), (54, 5), (181, 35)], (9, 37, 212, 19))
([(218, 49), (164, 95), (228, 174)], (35, 71, 160, 248))
([(39, 127), (75, 30), (60, 72)], (30, 229, 15, 160))
([(61, 158), (186, 30), (47, 19)], (99, 44, 44, 219))
([(161, 162), (7, 36), (35, 1), (185, 14), (237, 8)], (81, 158, 19, 19))
([(143, 160), (16, 136), (118, 59), (165, 139)], (173, 161, 67, 66))
([(224, 169), (220, 164), (10, 35)], (224, 145, 97, 115))
([(181, 36), (163, 146), (238, 50), (44, 84)], (39, 103, 16, 65))
([(221, 25), (32, 175), (184, 44)], (60, 252, 151, 189))
([(105, 170), (5, 83), (198, 176), (31, 8), (88, 81), (177, 20)], (120, 26, 216, 138))
([(201, 40), (221, 118), (16, 8), (71, 156), (13, 93), (70, 107), (125, 176)], (208, 151, 203, 123))
([(141, 171), (219, 14), (131, 30)], (221, 191, 233, 170))
([(70, 128), (24, 179), (47, 78), (140, 70)], (235, 164, 53, 139))
([(173, 91), (216, 76), (142, 153), (21, 52)], (225, 214, 124, 116))
([(191, 84), (76, 106), (215, 36)], (34, 188, 142, 105))
([(183, 139), (127, 13), (130, 22)], (6, 234, 0, 152))
([(66, 18), (119, 14), (68, 58)], (68, 60, 107, 18))
([(47, 39), (166, 108), (212, 29), (195, 153)], (107, 142, 48, 113))
([(219, 19), (148, 106), (57, 105), (10, 68)], (100, 152, 166, 28))
([(214, 80), (31, 57), (120, 38), (46, 179)], (242, 42, 41, 255))
([(11, 70), (25, 121), (152, 4)], (99, 70, 12, 27))
([(196, 84), (224, 0), (234, 17)], (100, 169, 70, 4))
([(77, 179), (36, 115), (70, 74)], (99, 50, 87, 51))
([(129, 66), (17, 156), (180, 60), (72, 4), (150, 75), (122, 30), (46, 12)], (158, 131, 145, 171))
([(71, 129), (206, 156), (54, 64)], (237, 205, 135, 136))
([(14, 93), (180, 68), (93, 60)], (221, 247, 170, 14))
([(151, 165), (235, 100), (104, 55)], (40, 95, 70, 163))
([(65, 36), (83, 72), (18, 48)], (51, 130, 124, 210))
([(82, 100), (72, 4), (46, 157), (145, 100)], (72, 128, 19, 225))
([(153, 107), (126, 67), (75, 34)], (198, 60, 182, 194))
([(139, 79), (216, 40), (73, 57)], (24, 72, 97, 82))
([(28, 167), (87, 33), (150, 97)], (253, 34, 174, 127))
