([(157, 102), (3, 149), (18, 93), (232, 120)], (23, 176, 247, 31))
([(230, 79), (87, 93), (212, 179)], (97, 171, 119, 92))
([(240, 38), (236, 21), (197, 65), (195, 67), (136, 160)], (214, 241, 191, 199))
([(9, 126), (14, 41), (0, 53)], (178, 39, 245, 177))
([(38, 70), (4, 147), (219, 87)], (21, 6, 100, 107))
([(16, 70), (88, 106), (199, 98)], (149, 243, 185, 159))
([(56, 22), (3, 169), (64, 84), (224, 15)], (73, 97, 184, 9))
([(132, 137), (80, 101), (237, 13)], (203, 9, 81, 248))
([(131, 160), (179, 21), (30, 138)], (241, 230, 248, 253))
([(24, 42), (76, 30), (86, 7)], (227, 20, 222, 68))
([(0, 121), (59, 15), (11, 54)], (187, 124, 211, 183))
([(239, 36), (183, 65), (238, 67)], (234, 208, 199, 143))
([(233, 140), (239, 52), (234, 15), (20, 79)], (116, 171, 236, 136))
([(141, 57), (99, 77), (169, 107)], (47, 236, 97, 191))
([(47, 156), (150, 171), (160, 172), (192, 177)], (73, 163, 149, 87))
([(118, 44), (174, 136), (0, 116)], (254, 225, 163, 141))
([(37, 141), (95, 41), (1, 137)], (201, 135, 236, 57))
([(237, 19), (107, 39), (55, 98), (239, 161), (240, 161)], (173, 246, 146, 45))
([(239, 127), (236, 124), (146, 153)], (135, 75, 252, 148))
([(90, 5), (80, 139), (20, 22)], (38, 243, 44, 251))
([(164, 12), (165, 114), (84, 156), (240, 118)], (42, 54, 221, 122))
([(78, 103), (156, 156), (171, 141), (178, 134)], (237, 114, 190, 121))
([(3, 63), (7, 61), (141, 139)], (232, 166, 102, 238))
([(117, 128), (149, 168), (94, 140), (146, 176), (192, 11)], (165, 63, 188, 71))
([(125, 38), (222, 52), (171, 113)], (62, 221, 209, 255))
([(88, 42), (1, 44), (145, 93)], (94, 53, 151, 144))
([(31, 131), (142, 113), (122, 122), (9, 175)], (109, 160, 84, 30))
([(23, 19), (124, 10), (153, 7), (91, 29)], (18, 224, 111, 60))
([(75, 55), (201, 28), (78, 80), (30, 100)], (202, 90, 188, 142))
([(21, 38), (17, 20), (87, 136)], (122, 162, 45, 185))
([(231, 15), (229, 16), (162, 46), (187, 24)], (158, 237, 203, 95))
([(29, 81), (131, 126), (0, 131), (6, 131), (139, 117)], (199, 184, 167, 112))
([(221, 43), (154, 149), (41, 129)], (111, 89, 227, 1))
([(226, 171), (112, 109), (185, 177)], (225, 189, 242, 58))
([(222, 10), (96, 61), (137, 84)], (132, 169, 108, 128))
([(26, 176), (18, 160), (32, 18), (165, 93)], (7, 38, 62, 84))
([(111, 120), (91, 128), (124, 55)], (118, 78, 211, 139))
([(169, 178), (145, 179), (140, 165)], (151, 109, 63, 102))
([(30, 2), (10, 20), (237, 122), (239, 1), (239, 1), (198, 90), (239, 1)], (159, 146, 128, 173))
([(0, 118), (163, 11), (171, 45)], (171, 205, 251, 161))
([(69, 159), (75, 138), (111, 15), (142, 137), (3, 28), (2, 109)], (116, 225, 237, 159))
([(192, 161), (170, 119), (122, 144)], (154, 177, 198, 149))
([(99, 169), (98, 179), (98, 179), (16, 21), (101, 179), (33, 178)], (204, 237, 166, 32))
([(115, 49), (162, 61), (164, 60)], (224, 255, 195, 244))
([(82, 117), (145, 166), (137, 65)], (70, 159, 226, 92))
([(156, 51), (131, 165), (237, 105)], (20, 57, 122, 225))
([(13, 56), (150, 68), (197, 14)], (89, 54, 25, 141))
([(213, 0), (4, 134), (3, 105), (1, 47), (135, 9), (152, 146), (153, 147), (202, 179)], (97, 132, 100, 196))
([(9, 66), (112, 19), (85, 63), (41, 136)], (159, 4, 8, 230))
([(41, 24), (13, 94), (120, 58), (59, 35), (224, 92), (65, 29)], (76, 8, 222, 226))
([(146, 76), (135, 144), (185, 126), (29, 133)], (92, 24, 46, 139))
([(38, 4), (15, 1), (135, 101)], (67, 154, 81, 220))
([(86, 141), (1, 30), (4, 24), (18, 71), (10, 12)], (175, 121, 127, 99))
([(235, 1), (78, 104), (88, 152)], (29, 2, 252, 77))
([(208, 129), (212, 131), (239, 146), (197, 85), (239, 146), (232, 58)], (117, 129, 125, 84))
([(202, 162), (181, 141), (112, 73), (62, 145)], (141, 7, 49, 195))
([(54, 145), (3, 170), (184, 176), (230, 177)], (60, 159, 198, 34))
([(14, 22), (18, 55), (88, 140), (181, 25)], (94, 42, 197, 91))
([(52, 55), (56, 109), (47, 79)], (114, 190, 243, 197))
([(39, 127), (65, 114), (11, 57)], (122, 229, 15, 214))
([(202, 64), (2, 125), (12, 55)], (161, 248, 65, 100))
([(95, 112), (8, 34), (0, 133)], (106, 206, 132, 108))
([(224, 53), (55, 63), (38, 59), (136, 160)], (182, 182, 111, 186))
([(92, 88), (40, 65), (39, 65), (4, 82)], (38, 243, 196, 108))
([(47, 145), (154, 55), (36, 122)], (15, 207, 166, 199))
([(198, 40), (224, 72), (93, 130)], (19, 162, 231, 194))
([(31, 53), (158, 122), (225, 23)], (114, 237, 176, 227))
([(205, 81), (84, 116), (238, 171)], (104, 91, 91, 179))
([(76, 129), (198, 45), (206, 92)], (161, 131, 192, 252))
([(76, 58), (83, 103), (83, 14)], (93, 31, 176, 173))
([(140, 103), (17, 98), (122, 133)], (59, 106, 227, 226))
([(93, 66), (137, 137), (56, 20)], (248, 223, 242, 133))
([(12, 74), (95, 10), (22, 8), (7, 7), (3, 7)], (81, 75, 118, 131))
([(155, 26), (162, 33), (239, 107), (228, 117), (111, 89)], (35, 34, 141, 233))
([(0, 136), (130, 106), (189, 93), (238, 74), (77, 139)], (105, 225, 224, 99))
([(14, 28), (7, 124), (3, 179), (57, 169), (65, 112)], (134, 223, 219, 42))
([(219, 14), (154, 26), (116, 53), (137, 78), (182, 131)], (213, 191, 24, 237))
([(170, 71), (176, 117), (21, 43)], (118, 17, 61, 163))
([(38, 129), (54, 12), (149, 3), (184, 0), (124, 166)], (78, 20, 133, 184))
([(1, 102), (170, 143), (15, 103)], (185, 33, 52, 137))
([(5, 110), (152, 50), (190, 122)], (81, 62, 75, 166))
([(104, 96), (80, 26), (88, 16), (104, 3)], (108, 155, 86, 202))
([(153, 89), (138, 82), (91, 60)], (195, 68, 61, 43))
([(147, 161), (57, 87), (74, 64)], (103, 118, 250, 216))
([(125, 175), (184, 133), (122, 87), (0, 102)], (65, 157, 200, 105))
([(163, 132), (55, 16), (88, 31), (236, 101), (79, 96)], (65, 50, 87, 61))
([(239, 42), (161, 69), (29, 115), (236, 138)], (13, 87, 127, 28))
([(84, 2), (85, 4), (93, 17), (93, 17), (31, 38)], (132, 236, 90, 242))
([(89, 69), (31, 134), (72, 0), (107, 24)], (66, 76, 145, 198))
([(234, 7), (60, 28), (205, 12)], (22, 108, 197, 91))
([(232, 48), (216, 57), (161, 87), (48, 148), (134, 27)], (241, 219, 176, 93))
([(93, 129), (167, 27), (165, 37), (162, 52)], (121, 153, 241, 178))
([(81, 59), (125, 2), (189, 46), (212, 2)], (12, 62, 187, 142))
([(239, 77), (181, 51), (202, 136)], (179, 238, 195, 157))
([(50, 99), (83, 105), (45, 3)], (9, 29, 192, 224))
([(24, 3), (50, 48), (9, 3)], (121, 139, 179, 163))
([(215, 67), (198, 167), (226, 174), (228, 174)], (35, 83, 61, 151))
([(178, 1), (105, 0), (91, 0), (67, 1), (75, 13)], (120, 63, 168, 125))
([(106, 123), (48, 36), (139, 118)], (240, 115, 46, 79))
([(197, 43), (134, 72), (136, 74), (76, 76), (219, 74)], (11, 9, 85, 250))
([(39, 132), (49, 28), (233, 68)], (28, 36, 19, 242))
([(24, 4), (73, 45), (178, 95)], (216, 174, 142, 96))
([(36, 22), (32, 120), (91, 73), (88, 65), (84, 55), (71, 22)], (239, 162, 78, 97))
([(111, 149), (99, 82), (104, 87), (171, 152)], (245, 206, 10, 173))
([(112, 115), (137, 81), (172, 34), (137, 55), (37, 115), (78, 2)], (143, 155, 209, 140))
([(106, 147), (230, 68), (163, 24), (238, 107)], (1, 1, 31, 198))
([(25, 112), (235, 77), (25, 101)], (88, 141, 154, 155))
([(231, 82), (126, 45), (218, 98)], (231, 218, 112, 181))
([(107, 55), (151, 141), (199, 81), (237, 33), (237, 33)], (180, 165, 52, 75))
([(25, 80), (114, 145), (199, 148)], (224, 133, 109, 39))
([(195, 7), (72, 30), (178, 164)], (106, 60, 96, 18))
([(145, 6), (240, 8), (110, 1), (76, 20)], (13, 176, 97, 66))
([(10, 133), (0, 17), (238, 161), (25, 85)], (88, 42, 218, 80))
([(79, 89), (36, 125), (12, 145), (95, 115), (61, 68), (6, 42)], (107, 152, 114, 49))
([(202, 1), (195, 31), (174, 25), (96, 4)], (73, 109, 171, 103))
([(94, 92), (197, 42), (157, 48), (43, 12)], (72, 31, 13, 225))
([(81, 61), (85, 57), (117, 24), (189, 76)], (74, 138, 191, 64))
([(179, 37), (235, 158), (169, 30)], (116, 151, 158, 86))
([(156, 80), (54, 126), (113, 113)], (21, 21, 238, 46))
([(35, 150), (89, 34), (54, 21), (39, 16)], (80, 58, 3, 229))
([(14, 93), (1, 9), (139, 114)], (49, 225, 135, 33))
([(181, 157), (60, 126), (175, 146), (100, 6), (34, 40), (11, 52)], (218, 226, 178, 90))
([(73, 97), (162, 51), (218, 21), (223, 3)], (166, 163, 67, 89))
([(216, 53), (110, 133), (202, 8), (221, 5), (226, 4), (238, 1)], (165, 229, 164, 113))
([(231, 93), (198, 137), (150, 43), (148, 39), (144, 31)], (191, 237, 197, 203))
([(233, 30), (207, 16), (164, 159)], (206, 134, 83, 141))
([(183, 169), (196, 116), (203, 88), (96, 65)], (117, 135, 91, 151))
([(100, 99), (97, 93), (93, 78)], (180, 72, 187, 28))
([(167, 121), (84, 120), (160, 30)], (27, 241, 126, 37))
([(148, 95), (137, 62), (127, 153)], (168, 98, 214, 240))
([(116, 29), (36, 11), (15, 24)], (5, 52, 237, 149))
([(17, 156), (107, 173), (142, 179), (150, 75)], (75, 79, 106, 108))
([(0, 149), (0, 149), (2, 146), (26, 104), (2, 61)], (98, 79, 141, 180))
([(16, 26), (192, 156), (139, 153)], (88, 95, 237, 134))
([(131, 98), (95, 11), (46, 65)], (105, 81, 148, 120))
([(116, 42), (193, 14), (195, 38), (239, 158), (239, 158), (116, 104)], (104, 121, 154, 142))
([(145, 79), (55, 67), (59, 29)], (43, 206, 28, 206))
([(161, 120), (84, 69), (9, 86), (2, 88)], (147, 218, 208, 51))
([(216, 57), (66, 95), (81, 120)], (60, 203, 238, 173))
([(67, 176), (101, 97), (114, 172), (115, 178)], (29, 41, 32, 140))
([(147, 28), (78, 150), (165, 82)], (50, 27, 146, 148))
([(59, 64), (209, 179), (169, 38)], (71, 107, 17, 211))
([(197, 1), (197, 1), (178, 73), (105, 25)], (58, 78, 179, 70))
([(49, 51), (217, 135), (199, 178)], (57, 20, 110, 120))
([(179, 86), (44, 158), (239, 177)], (209, 17, 64, 41))
([(37, 82), (71, 118), (92, 140), (68, 48)], (14, 68, 25, 156))
([(43, 151), (15, 123), (18, 80), (21, 38)], (188, 245, 195, 40))
([(27, 112), (33, 108), (89, 74), (93, 72), (216, 54), (114, 160)], (12, 21, 75, 91))
([(180, 79), (129, 39), (137, 28)], (169, 106, 18, 228))
([(30, 18), (86, 23), (131, 27), (31, 8)], (112, 12, 131, 83))
([(212, 133), (148, 138), (108, 16)], (11, 134, 226, 112))
([(87, 91), (15, 97), (227, 10)], (112, 182, 215, 29))
([(237, 50), (126, 57), (25, 64), (227, 163)], (91, 130, 79, 38))
([(206, 141), (212, 128), (239, 72), (205, 49), (215, 158)], (155, 150, 182, 104))
([(107, 148), (164, 82), (130, 22)], (75, 234, 0, 203))
([(225, 177), (237, 178), (47, 19)], (99, 241, 18, 22))
([(189, 178), (164, 170), (137, 162), (39, 131), (14, 175)], (61, 40, 21, 116))
([(75, 65), (190, 66), (150, 8)], (169, 240, 178, 170))
([(160, 27), (133, 50), (137, 79)], (60, 223, 54, 244))
([(118, 110), (148, 30), (192, 17), (219, 9)], (183, 30, 212, 9))
([(48, 66), (35, 1), (188, 13), (191, 18), (191, 13), (191, 13)], (81, 59, 28, 19))
([(104, 24), (155, 160), (171, 154), (227, 135), (216, 116), (142, 27), (3, 85), (88, 4)], (26, 81, 243, 36))
([(143, 160), (16, 136), (47, 137)], (61, 161, 246, 66))
([(147, 150), (146, 171), (116, 101), (121, 109), (94, 49), (37, 33), (69, 46), (76, 49), (209, 104)], (39, 38, 164, 53))
([(7, 82), (17, 86), (130, 137), (220, 175), (119, 17)], (152, 76, 17, 39))
([(187, 177), (49, 61), (181, 180)], (23, 145, 163, 56))
([(69, 127), (35, 54), (32, 53)], (207, 167, 235, 254))
([(190, 141), (163, 136), (111, 127), (70, 63), (44, 22), (42, 164)], (15, 5, 6, 244))
([(190, 151), (180, 120), (203, 109), (226, 99)], (20, 167, 15, 87))
([(237, 99), (161, 136), (79, 81)], (29, 39, 87, 255))
([(232, 151), (211, 118), (211, 118), (213, 119)], (91, 19, 220, 9))
([(234, 179), (203, 151), (184, 134), (140, 171)], (20, 65, 94, 115))
([(105, 170), (198, 176), (198, 117), (88, 81), (177, 20)], (48, 32, 24, 44))
([(199, 88), (131, 134), (142, 122)], (174, 226, 145, 135))
([(3, 90), (2, 109), (121, 103), (35, 95)], (2, 9, 44, 41))
([(121, 51), (168, 132), (136, 161)], (78, 80, 85, 74))
([(2, 76), (1, 94), (0, 111), (0, 111), (2, 43)], (175, 252, 175, 114))
([(164, 126), (199, 72), (213, 100)], (169, 177, 243, 184))
([(227, 67), (65, 26), (77, 129)], (61, 50, 140, 252))
([(113, 67), (223, 133), (78, 83), (92, 92), (105, 101), (163, 139), (176, 147), (201, 30)], (55, 80, 223, 60))
([(66, 100), (134, 67), (176, 103)], (195, 249, 145, 226))
([(166, 132), (94, 129), (73, 128), (139, 111)], (112, 140, 218, 244))
([(61, 139), (122, 29), (101, 168), (228, 98), (231, 96)], (62, 6, 53, 133))
([(147, 32), (153, 152), (79, 117), (108, 148), (169, 29)], (11, 28, 41, 137))
([(188, 19), (116, 29), (114, 29), (36, 40), (142, 73)], (31, 104, 158, 134))
([(68, 85), (125, 113), (135, 102), (178, 53), (179, 53)], (25, 4, 22, 225))
([(210, 72), (183, 54), (137, 56), (40, 92)], (33, 202, 48, 87))
([(220, 146), (100, 13), (96, 12), (71, 5)], (154, 167, 63, 49))
([(178, 49), (167, 55), (108, 139), (210, 145), (228, 172), (135, 150)], (39, 67, 106, 85))
([(39, 41), (68, 104), (54, 5), (149, 27), (181, 35)], (9, 37, 135, 19))
([(47, 73), (128, 81), (148, 39)], (229, 246, 207, 161))
([(47, 39), (171, 70), (218, 82), (193, 91), (149, 99), (123, 116)], (107, 142, 48, 186))
([(131, 27), (126, 29), (80, 48), (73, 51), (59, 57), (87, 62)], (245, 173, 176, 124))
([(147, 9), (146, 17), (146, 17), (146, 17), (105, 36), (36, 69)], (186, 236, 77, 67))
([(109, 24), (154, 41), (88, 153)], (238, 146, 70, 77))
([(43, 56), (128, 80), (56, 16)], (226, 129, 227, 136))
([(32, 41), (63, 74), (69, 81), (110, 125), (216, 98)], (218, 245, 192, 236))
([(1, 70), (74, 88), (118, 24)], (198, 222, 194, 87))
([(216, 76), (196, 129), (21, 52)], (212, 214, 177, 116))
([(33, 20), (55, 57), (34, 42), (22, 33)], (69, 11, 207, 239))
([(9, 16), (10, 22), (26, 139), (230, 121), (239, 120)], (33, 9, 123, 66))
([(118, 13), (146, 29), (143, 32)], (94, 180, 53, 8))
([(107, 34), (46, 70), (43, 69)], (87, 119, 212, 31))
([(150, 86), (79, 56), (108, 99)], (2, 129, 210, 39))
([(5, 7), (118, 108), (86, 133)], (85, 91, 156, 205))
([(81, 29), (173, 29), (147, 32)], (19, 12, 173, 95))
([(189, 95), (135, 60), (46, 3), (35, 145)], (16, 0, 6, 85))
([(139, 41), (99, 66), (27, 11), (166, 35), (144, 31), (19, 9), (87, 120)], (168, 162, 142, 82))
([(8, 7), (59, 89), (81, 125), (103, 128), (234, 135)], (139, 100, 158, 54))
([(60, 98), (101, 150), (73, 38)], (98, 132, 214, 158))
([(115, 92), (84, 95), (119, 124), (73, 85)], (230, 231, 240, 228))
([(71, 83), (192, 87), (84, 17), (82, 167), (83, 169)], (164, 247, 136, 56))
([(120, 15), (116, 55), (101, 126)], (45, 135, 22, 51))
([(160, 118), (171, 85), (158, 74)], (224, 232, 208, 125))
([(47, 169), (150, 177), (150, 177), (148, 176)], (103, 233, 77, 37))
([(154, 67), (52, 89), (88, 49)], (64, 50, 146, 153))
([(183, 86), (193, 7), (171, 18), (103, 54)], (59, 75, 71, 14))
([(140, 145), (198, 93), (215, 128)], (33, 3, 163, 88))
([(28, 167), (59, 115), (95, 55), (111, 29), (175, 60), (61, 127)], (105, 77, 32, 16))
([(183, 115), (182, 115), (168, 110), (128, 70), (195, 101)], (251, 137, 211, 250))
([(175, 23), (236, 59), (117, 90)], (29, 232, 224, 25))
([(9, 5), (179, 125), (12, 86), (69, 105), (169, 99), (185, 91), (217, 75), (108, 19), (53, 131)], (12, 57, 81, 91))
([(28, 3), (38, 10), (75, 37), (239, 154), (178, 94), (104, 22)], (57, 135, 181, 54))
([(70, 128), (75, 73), (146, 98), (182, 110)], (238, 223, 56, 128))
([(184, 37), (192, 0), (54, 9)], (76, 76, 88, 59))
([(65, 36), (100, 98), (191, 123), (28, 52)], (119, 111, 132, 193))
([(105, 103), (209, 31), (159, 37)], (187, 126, 70, 27))
([(34, 4), (96, 149), (102, 129), (59, 145)], (9, 120, 72, 79))
([(203, 9), (83, 86), (239, 35)], (227, 241, 45, 7))
([(151, 165), (233, 102), (123, 62), (111, 58), (107, 56), (104, 55)], (40, 95, 70, 163))
([(133, 126), (57, 177), (128, 54)], (100, 169, 67, 4))
([(38, 11), (158, 111), (64, 42)], (15, 99, 50, 9))
([(154, 164), (17, 174), (56, 162), (60, 137), (131, 139)], (17, 43, 13, 111))
([(191, 159), (149, 97), (224, 53), (232, 71), (234, 47)], (115, 83, 202, 86))
([(175, 148), (79, 150), (132, 72)], (106, 38, 201, 49))
([(7, 165), (9, 138), (118, 41)], (141, 64, 107, 31))
([(126, 131), (92, 114), (91, 113), (84, 109), (59, 96), (145, 0)], (81, 176, 101, 79))
([(157, 24), (196, 33), (198, 33), (49, 27), (56, 17), (60, 12)], (37, 64, 121, 187))
([(183, 174), (178, 121), (24, 180)], (30, 60, 82, 45))
([(225, 47), (213, 127), (128, 88)], (124, 229, 110, 46))
([(190, 152), (110, 145), (53, 140), (44, 128)], (64, 19, 40, 137))
([(133, 52), (129, 52), (53, 47), (53, 47), (51, 65)], (152, 164, 224, 45))
([(5, 121), (15, 117), (148, 70), (172, 9)], (2, 86, 64, 40))
([(208, 114), (210, 100), (189, 98), (172, 97), (51, 61)], (188, 254, 125, 42))
([(19, 30), (222, 146), (218, 146), (31, 162), (62, 140), (121, 99), (216, 81)], (35, 89, 110, 77))
([(46, 129), (119, 15), (154, 33), (195, 63), (222, 83)], (123, 88, 252, 91))
([(180, 2), (56, 13), (105, 38), (105, 38), (136, 54)], (12, 40, 69, 35))
([(209, 86), (197, 71), (140, 0), (146, 35)], (183, 139, 37, 44))
([(206, 104), (81, 87), (115, 134), (129, 154)], (100, 152, 188, 43))
([(195, 166), (44, 25), (112, 39), (113, 34), (118, 11)], (135, 126, 47, 15))
