([(203, 89), (145, 5), (162, 8), (158, 95), (64, 156)], (202, 207, 88, 119))
([(30, 2), (10, 20), (236, 122), (239, 1), (58, 138)], (159, 171, 60, 173))
([(189, 13), (196, 175), (205, 172)], (7, 29, 219, 244))
([(42, 101), (184, 32), (198, 29), (236, 21), (23, 137)], (214, 241, 9, 194))
([(8, 47), (4, 147), (171, 11), (3, 65)], (27, 6, 100, 216))
([(60, 35), (239, 127), (202, 89), (42, 137)], (236, 174, 94, 181))
([(166, 168), (151, 53), (64, 147), (163, 64)], (178, 39, 227, 142))
([(46, 151), (84, 170), (53, 28)], (70, 223, 54, 65))
([(93, 172), (116, 166), (121, 164), (122, 164)], (20, 137, 71, 1))
([(113, 97), (98, 45), (105, 157)], (5, 148, 183, 131))
([(202, 104), (152, 144), (44, 144), (60, 24)], (130, 77, 96, 12))
([(99, 92), (155, 110), (146, 2), (84, 169)], (17, 196, 227, 181))
([(28, 82), (1, 47), (49, 50), (123, 134)], (97, 51, 100, 196))
([(175, 23), (76, 50), (85, 47), (144, 36), (98, 19), (95, 18), (73, 10)], (60, 125, 48, 25))
([(31, 53), (215, 45), (225, 23)], (114, 172, 176, 83))
([(201, 40), (221, 118), (16, 8), (64, 137), (71, 156), (13, 93), (70, 107), (56, 115)], (208, 15, 203, 123))
([(183, 139), (127, 13), (130, 22)], (6, 234, 0, 77))
([(121, 6), (31, 113), (23, 123), (51, 135), (135, 171)], (242, 119, 150, 61))
([(24, 4), (213, 159), (223, 167), (46, 25)], (216, 33, 251, 142))
([(195, 134), (229, 73), (117, 30), (98, 154)], (38, 46, 196, 193))
([(125, 175), (75, 174), (0, 102), (150, 58)], (2, 106, 200, 105))
([(103, 139), (72, 169), (90, 156)], (101, 2, 252, 41))
([(175, 110), (128, 153), (22, 60)], (138, 177, 246, 68))
([(120, 15), (186, 96), (26, 166)], (171, 135, 201, 218))
([(188, 19), (115, 119), (144, 114)], (62, 142, 80, 74))
([(175, 148), (206, 145), (132, 72)], (216, 38, 171, 49))
([(189, 89), (141, 10), (169, 29), (193, 11), (32, 135), (30, 138)], (16, 221, 248, 130))
([(214, 173), (181, 8), (40, 6)], (255, 54, 28, 63))
([(237, 80), (206, 92), (183, 101), (8, 167)], (128, 67, 192, 178))
([(162, 173), (237, 99), (161, 136), (187, 91)], (34, 43, 206, 119))
([(32, 96), (40, 21), (42, 2), (101, 166)], (205, 213, 164, 85))
([(62, 36), (40, 103), (130, 138)], (67, 44, 42, 103))
([(6, 0), (239, 52), (234, 15), (233, 8)], (73, 238, 236, 145))
([(12, 74), (160, 12), (3, 7)], (152, 146, 118, 247))
([(173, 141), (167, 39), (189, 129)], (116, 97, 31, 229))
([(228, 69), (32, 62), (23, 24), (109, 156)], (153, 163, 111, 41))
([(106, 146), (187, 137), (142, 58), (114, 52), (25, 31), (218, 19)], (42, 166, 248, 133))
([(73, 67), (188, 125), (68, 47)], (106, 31, 179, 61))
([(125, 163), (202, 92), (209, 72), (226, 25)], (143, 19, 254, 4))
([(118, 86), (143, 135), (47, 10)], (117, 47, 187, 226))
([(116, 42), (189, 1), (180, 70)], (104, 121, 81, 161))
([(183, 28), (9, 66), (112, 19), (41, 136)], (159, 47, 208, 35))
([(43, 22), (44, 130), (148, 102)], (255, 215, 94, 27))
([(235, 138), (69, 76), (177, 131)], (114, 190, 243, 16))
([(12, 98), (105, 67), (94, 43), (159, 37)], (241, 140, 70, 16))
([(145, 64), (46, 59), (98, 179)], (124, 98, 125, 24))
([(116, 81), (56, 13), (211, 154)], (165, 40, 69, 45))
([(231, 15), (8, 116), (187, 24), (27, 21)], (158, 233, 59, 172))
([(32, 41), (72, 3), (41, 52)], (139, 245, 26, 84))
([(57, 166), (62, 104), (70, 117)], (157, 81, 199, 144))
([(47, 50), (52, 151), (110, 176)], (147, 218, 100, 84))
([(141, 22), (129, 78), (188, 26), (169, 115), (146, 61)], (137, 142, 179, 103))
([(193, 139), (163, 43), (204, 25), (202, 136)], (102, 238, 125, 189))
([(155, 26), (97, 106), (187, 53), (87, 68), (17, 78), (28, 150), (75, 88), (165, 163)], (35, 68, 141, 197))
([(65, 66), (91, 163), (59, 16)], (151, 20, 226, 188))
([(73, 97), (51, 43), (141, 69), (223, 3)], (151, 163, 67, 176))
([(181, 12), (163, 99), (111, 18), (23, 55)], (2, 78, 64, 99))
([(141, 171), (219, 14), (131, 30)], (221, 191, 233, 170))
([(132, 119), (53, 115), (57, 53)], (147, 197, 138, 179))
([(230, 53), (76, 73), (67, 55), (80, 155), (56, 132), (23, 42)], (79, 234, 111, 128))
([(34, 4), (126, 104), (131, 109), (156, 125), (174, 136), (102, 114), (59, 145)], (48, 122, 72, 244))
([(1, 106), (40, 93), (192, 71)], (39, 172, 143, 119))
([(175, 24), (83, 55), (163, 74), (31, 134), (238, 108), (233, 112), (171, 82)], (214, 76, 145, 155))
([(128, 156), (163, 11), (176, 66)], (237, 26, 251, 203))
([(116, 29), (36, 11), (81, 173)], (39, 52, 172, 130))
([(88, 176), (54, 12), (137, 143), (173, 98)], (78, 73, 138, 50))
([(173, 149), (0, 133), (192, 111)], (93, 206, 44, 43))
([(182, 129), (126, 155), (53, 179)], (70, 209, 132, 115))
([(204, 68), (226, 139), (148, 180), (237, 81)], (104, 151, 113, 243))
([(121, 147), (59, 13), (143, 107), (180, 148), (14, 59)], (167, 54, 59, 121))
([(111, 129), (176, 10), (140, 49), (239, 35)], (67, 241, 66, 7))
([(37, 148), (16, 162), (223, 72), (22, 97), (17, 98), (122, 133)], (59, 166, 227, 222))
([(76, 120), (19, 9), (97, 173)], (204, 168, 142, 213))
([(126, 24), (131, 41), (86, 22)], (245, 39, 184, 241))
([(62, 93), (42, 131), (65, 28)], (190, 84, 152, 31))
([(22, 22), (127, 74), (60, 99)], (228, 176, 95, 48))
([(10, 89), (99, 72), (4, 152), (102, 55)], (107, 42, 242, 136))
([(47, 169), (185, 78), (137, 138), (46, 17), (110, 79), (65, 130)], (146, 233, 110, 22))
([(25, 149), (206, 141), (239, 72), (195, 42), (167, 23)], (155, 244, 36, 103))
([(49, 48), (157, 178), (115, 169)], (165, 63, 59, 128))
([(14, 28), (156, 74), (172, 48), (232, 137)], (77, 99, 219, 8))
([(58, 163), (28, 96), (130, 41), (202, 69), (93, 157), (176, 78)], (210, 151, 53, 227))
([(64, 15), (181, 29), (113, 69)], (117, 213, 246, 123))
([(140, 35), (168, 132), (114, 54), (144, 119)], (78, 80, 37, 180))
([(37, 141), (95, 41), (16, 27), (162, 109)], (201, 135, 95, 97))
([(210, 72), (183, 54), (40, 92)], (33, 224, 47, 87))
([(135, 25), (7, 86), (60, 12)], (135, 64, 84, 187))
([(163, 36), (85, 142), (13, 59)], (42, 53, 245, 122))
([(19, 22), (159, 77), (239, 146), (154, 161)], (150, 231, 125, 84))
([(27, 112), (77, 105), (202, 173), (196, 161), (188, 144)], (12, 21, 75, 192))
([(160, 176), (136, 88), (222, 0)], (15, 173, 97, 236))
([(160, 94), (45, 24), (64, 46)], (217, 112, 198, 17))
([(35, 112), (25, 112), (4, 113), (88, 67)], (88, 80, 194, 153))
([(206, 118), (93, 19), (169, 9), (208, 60), (31, 90)], (111, 145, 117, 44))
([(62, 108), (72, 124), (199, 25)], (135, 255, 31, 166))
([(55, 125), (108, 92), (151, 66), (144, 162)], (27, 3, 137, 129))
([(181, 157), (100, 6), (11, 52)], (165, 226, 180, 66))
([(144, 15), (137, 23), (129, 32), (57, 112), (137, 172)], (105, 104, 63, 49))
([(233, 139), (214, 24), (16, 22), (198, 20)], (46, 168, 173, 175))
([(75, 34), (226, 22), (10, 12)], (97, 17, 84, 52))
([(202, 23), (133, 95), (43, 1)], (161, 248, 65, 81))
([(48, 106), (177, 43), (84, 132)], (174, 110, 20, 198))
([(170, 101), (219, 111), (236, 13), (108, 23), (144, 147)], (206, 134, 57, 178))
([(218, 58), (126, 114), (49, 100), (136, 20), (198, 77)], (208, 209, 61, 142))
([(233, 164), (151, 65), (142, 54), (86, 7)], (85, 20, 63, 29))
([(230, 78), (72, 90), (32, 139), (49, 148), (42, 40)], (200, 149, 150, 53))
([(38, 87), (154, 67), (28, 116), (113, 92), (171, 153), (77, 35)], (103, 71, 94, 55))
([(176, 92), (53, 47), (45, 133)], (223, 164, 224, 213))
([(41, 24), (101, 85), (101, 85), (102, 86), (59, 35), (170, 100)], (150, 8, 222, 226))
([(73, 72), (80, 77), (88, 83), (151, 131), (160, 138)], (183, 20, 218, 84))
([(81, 51), (58, 3), (156, 95)], (253, 42, 75, 221))
([(198, 134), (209, 154), (80, 168), (14, 175)], (61, 40, 21, 116))
([(14, 22), (20, 72), (201, 47)], (94, 42, 197, 189))
([(226, 143), (216, 131), (131, 27), (31, 8)], (161, 49, 131, 131))
([(32, 99), (123, 100), (154, 145), (196, 92)], (59, 91, 204, 225))
([(42, 74), (81, 53), (70, 59), (15, 88), (47, 16)], (75, 191, 187, 66))
([(0, 163), (3, 28), (2, 109), (171, 9)], (116, 225, 103, 39))
([(39, 145), (15, 1), (37, 170)], (64, 95, 11, 220))
([(32, 117), (136, 124), (234, 180), (20, 22)], (33, 243, 44, 150))
([(192, 140), (9, 20), (2, 88)], (101, 47, 27, 42))
([(174, 28), (158, 69), (151, 87), (183, 68)], (151, 176, 63, 102))
([(112, 115), (172, 34), (18, 15), (46, 176), (58, 37), (154, 147), (208, 74)], (231, 171, 209, 203))
([(150, 140), (227, 111), (50, 98), (143, 122)], (51, 202, 86, 200))
([(124, 115), (110, 133), (73, 34), (238, 1)], (106, 229, 164, 113))
([(224, 72), (95, 124), (37, 89)], (19, 251, 74, 150))
([(83, 52), (118, 90), (2, 137)], (202, 100, 158, 54))
([(43, 56), (194, 122), (115, 57)], (226, 222, 255, 38))
([(98, 38), (19, 30), (223, 142), (59, 160), (195, 27)], (35, 89, 136, 77))
([(24, 135), (197, 43), (99, 73)], (196, 9, 252, 157))
([(70, 13), (219, 9), (65, 110)], (163, 30, 186, 133))
([(177, 91), (139, 57), (55, 79)], (244, 146, 155, 153))
([(49, 51), (217, 135), (53, 22), (199, 178)], (57, 176, 110, 59))
([(4, 91), (60, 105), (64, 106), (214, 3)], (81, 62, 75, 201))
([(234, 52), (201, 119), (167, 27), (150, 112)], (121, 81, 60, 208))
([(178, 84), (11, 155), (25, 64), (227, 163)], (91, 189, 32, 107))
([(48, 56), (183, 115), (142, 70)], (255, 137, 131, 89))
([(49, 104), (75, 57), (105, 2)], (83, 111, 164, 94))
([(151, 96), (183, 160), (107, 115), (39, 162), (8, 151)], (195, 225, 81, 77))
([(152, 8), (103, 45), (194, 70), (30, 180)], (22, 57, 197, 109))
([(46, 100), (230, 26), (228, 32), (190, 153)], (209, 171, 225, 53))
([(166, 177), (94, 150), (1, 115), (82, 119)], (28, 246, 35, 17))
([(187, 177), (163, 146), (44, 84)], (39, 103, 16, 65))
([(118, 13), (207, 55), (156, 11)], (239, 68, 53, 25))
([(177, 13), (71, 155), (74, 41)], (185, 76, 253, 174))
([(185, 49), (223, 45), (133, 116), (49, 153), (137, 117), (113, 47)], (235, 208, 108, 222))
([(152, 46), (127, 46), (140, 92), (179, 63), (56, 96), (209, 104), (194, 143)], (39, 132, 160, 129))
([(71, 129), (112, 136), (163, 144)], (237, 205, 135, 136))
([(9, 5), (179, 125), (12, 86), (78, 69), (57, 154), (217, 75), (208, 78), (206, 79), (53, 131)], (7, 18, 81, 210))
([(67, 176), (99, 85), (101, 97), (115, 178)], (49, 41, 25, 158))
([(216, 76), (30, 60), (21, 52)], (212, 214, 124, 116))
([(172, 93), (192, 0), (57, 103)], (76, 129, 88, 49))
([(77, 78), (76, 105), (76, 105), (99, 80), (185, 177)], (199, 189, 242, 44))
([(94, 107), (78, 53), (34, 27)], (69, 74, 127, 28))
([(75, 103), (73, 104), (32, 120), (136, 37)], (170, 156, 178, 186))
([(22, 171), (199, 157), (239, 91)], (244, 38, 62, 71))
([(13, 136), (46, 138), (64, 139), (37, 6)], (15, 216, 32, 9))
([(227, 67), (23, 32), (106, 103), (193, 69)], (158, 98, 220, 252))
([(231, 83), (190, 151), (12, 157), (226, 99)], (20, 167, 15, 243))
([(93, 11), (147, 158), (26, 123)], (4, 67, 209, 183))
([(61, 139), (80, 180), (231, 96)], (79, 49, 53, 115))
([(216, 65), (199, 60), (56, 22), (167, 171), (104, 112), (190, 152)], (128, 97, 135, 74))
([(177, 87), (164, 86), (127, 85), (78, 83), (176, 147), (201, 30)], (71, 162, 223, 117))
([(235, 118), (219, 98), (140, 0), (146, 35)], (183, 139, 37, 21))
([(65, 24), (133, 46), (62, 99), (155, 173), (221, 117)], (59, 113, 37, 250))
([(111, 67), (77, 179), (72, 153), (106, 31), (84, 152), (172, 26)], (54, 80, 231, 36))
([(16, 8), (110, 1), (76, 20)], (81, 176, 112, 86))
([(0, 149), (26, 104), (65, 159), (2, 61)], (138, 47, 141, 148))
([(50, 70), (123, 81), (79, 70), (2, 61)], (68, 114, 190, 207))
([(117, 133), (82, 3), (64, 84)], (236, 42, 60, 42))
([(135, 25), (162, 111), (121, 154)], (64, 243, 94, 179))
([(205, 86), (29, 81), (48, 89), (131, 126), (205, 169), (0, 131), (235, 143)], (199, 38, 167, 168))
([(3, 90), (90, 40), (117, 26)], (252, 149, 10, 151))
([(115, 108), (84, 2), (44, 35), (145, 77), (27, 36)], (29, 236, 2, 197))
([(198, 178), (153, 153), (147, 9), (146, 17), (36, 69)], (186, 236, 77, 84))
([(62, 7), (154, 41), (83, 76), (180, 11)], (213, 149, 67, 126))
([(1, 70), (74, 88), (138, 103), (118, 24)], (70, 128, 89, 107))
([(23, 19), (34, 27), (122, 143)], (156, 224, 91, 60))
([(8, 175), (79, 61), (78, 77), (78, 77)], (92, 24, 46, 49))
([(168, 105), (183, 80), (181, 11), (170, 89), (113, 113), (204, 123), (85, 19)], (193, 17, 221, 36))
([(155, 92), (121, 128), (67, 80)], (230, 231, 126, 173))
([(117, 12), (223, 44), (176, 167), (144, 31), (144, 121)], (191, 237, 61, 29))
([(108, 51), (132, 49), (145, 0), (39, 16), (211, 99)], (202, 58, 3, 149))
([(63, 125), (44, 22), (137, 115)], (50, 134, 6, 165))
([(52, 60), (1, 141), (83, 63)], (80, 144, 141, 112))
([(9, 16), (27, 118), (239, 120)], (48, 49, 123, 59))
([(11, 92), (37, 92), (56, 92), (136, 42), (3, 85), (88, 4)], (26, 68, 243, 36))
([(190, 94), (160, 143), (157, 143), (90, 141)], (143, 10, 139, 171))
([(12, 171), (86, 53), (221, 60)], (80, 176, 81, 147))
([(169, 98), (5, 139), (179, 173), (215, 161), (104, 89)], (189, 53, 252, 190))
([(178, 49), (167, 55), (38, 127), (210, 145), (107, 11), (228, 172), (135, 150)], (139, 67, 112, 90))
([(170, 174), (209, 127), (166, 169), (150, 8)], (232, 240, 113, 185))
([(209, 7), (207, 127), (13, 174)], (210, 17, 118, 215))
([(197, 128), (128, 120), (27, 108), (90, 156)], (242, 205, 122, 145))
([(222, 10), (10, 14), (161, 98)], (2, 169, 108, 189))
([(119, 166), (135, 13), (192, 177)], (163, 20, 149, 117))
([(140, 100), (179, 53), (94, 148)], (144, 4, 6, 142))
([(155, 97), (214, 2), (182, 154), (56, 54), (122, 126)], (73, 111, 153, 164))
([(189, 95), (71, 127), (133, 73), (26, 165)], (16, 0, 6, 2))
([(164, 12), (172, 21), (96, 55), (212, 18), (240, 118), (206, 69)], (136, 157, 221, 122))
([(90, 135), (237, 78), (50, 98), (141, 25), (73, 38)], (76, 248, 214, 232))
([(138, 150), (89, 101), (54, 66), (228, 93), (82, 167), (83, 169)], (164, 247, 170, 56))
([(103, 21), (61, 97), (145, 135), (230, 173), (98, 166), (13, 98), (92, 51), (170, 126)], (141, 152, 123, 29))
([(107, 108), (126, 121), (180, 20)], (245, 247, 200, 25))
([(131, 27), (75, 96), (87, 62), (87, 62), (96, 67), (84, 130)], (241, 16, 248, 160))
([(153, 107), (126, 67), (75, 34)], (198, 60, 182, 194))
([(111, 156), (79, 23), (104, 3)], (140, 200, 109, 66))
([(0, 136), (188, 60), (77, 139)], (1, 99, 224, 243))
([(158, 18), (139, 175), (20, 44)], (165, 46, 47, 5))
([(93, 149), (7, 159), (234, 172)], (33, 48, 167, 88))
([(33, 20), (37, 36), (55, 57), (150, 168), (9, 174)], (85, 28, 247, 62))
([(156, 31), (39, 41), (54, 5), (181, 35)], (9, 37, 212, 19))
([(222, 170), (179, 122), (137, 76), (110, 89), (43, 120)], (50, 27, 152, 179))
([(178, 1), (83, 0), (25, 93)], (120, 41, 168, 222))
([(218, 49), (164, 95), (228, 174)], (35, 83, 160, 103))
([(182, 149), (188, 76), (166, 16), (54, 178), (115, 92), (224, 31)], (159, 201, 125, 42))
([(39, 127), (59, 47), (60, 72)], (30, 229, 15, 160))
([(7, 82), (215, 166), (220, 175), (119, 17), (206, 10)], (152, 25, 17, 82))
([(125, 38), (95, 144), (122, 149), (189, 18)], (160, 55, 112, 66))
([(61, 158), (121, 97), (186, 30), (165, 28), (47, 19)], (99, 44, 44, 219))
([(161, 162), (7, 36), (35, 1), (185, 14), (237, 8)], (81, 158, 19, 19))
([(143, 160), (16, 136), (118, 59), (165, 139)], (173, 161, 67, 66))
([(28, 3), (239, 154), (85, 162)], (54, 135, 220, 85))
([(224, 169), (220, 164), (10, 35)], (224, 145, 49, 115))
([(221, 25), (0, 111), (184, 44)], (60, 252, 151, 189))
([(105, 170), (198, 176), (190, 168), (31, 8), (88, 81), (118, 60), (177, 20)], (120, 26, 24, 138))
([(70, 128), (24, 179), (47, 78)], (107, 164, 53, 139))
([(191, 84), (76, 106), (215, 36)], (14, 188, 142, 105))
([(66, 18), (119, 14), (77, 50), (68, 58)], (30, 60, 107, 18))
([(123, 143), (119, 78), (86, 126)], (21, 53, 49, 141))
([(98, 113), (210, 131), (210, 28), (231, 101), (116, 81)], (158, 57, 122, 185))
([(47, 39), (115, 124), (212, 29)], (107, 142, 48, 113))
([(154, 164), (66, 143), (131, 139)], (17, 43, 13, 93))
([(219, 19), (148, 106), (57, 105), (10, 68)], (100, 152, 166, 28))
([(156, 21), (120, 38), (72, 129), (46, 179)], (72, 42, 41, 255))
([(52, 146), (15, 123), (21, 38)], (188, 141, 195, 8))
([(11, 70), (25, 121), (152, 4)], (85, 70, 12, 27))
([(196, 84), (224, 0), (234, 17)], (100, 169, 70, 4))
([(77, 179), (36, 115), (50, 98), (70, 74)], (99, 50, 87, 51))
([(14, 93), (180, 68), (93, 60)], (49, 247, 170, 14))
([(151, 165), (235, 100), (104, 55)], (40, 95, 70, 163))
([(191, 159), (167, 124), (149, 97), (234, 47)], (107, 83, 202, 86))
([(190, 152), (60, 150), (26, 149), (44, 128)], (64, 9, 40, 211))
([(65, 36), (83, 72), (18, 48)], (51, 130, 124, 210))
([(225, 47), (206, 173), (77, 51)], (124, 229, 110, 46))
([(169, 49), (104, 19), (50, 91), (46, 157), (145, 100)], (72, 128, 22, 225))
([(54, 27), (115, 134), (167, 25)], (41, 180, 253, 134))
([(139, 79), (216, 40), (73, 57)], (24, 72, 97, 82))
([(46, 129), (122, 10), (222, 83), (197, 76)], (147, 88, 252, 102))
([(28, 167), (87, 33), (61, 127)], (253, 34, 174, 127))
([(17, 156), (180, 60), (72, 4), (150, 75), (46, 12)], (158, 131, 145, 171))
