([(168, 61), (119, 78), (86, 126)], (21, 53, 92, 29))
([(39, 145), (15, 1), (135, 101)], (67, 154, 11, 220))
([(158, 95), (149, 101), (6, 62)], (202, 242, 88, 119))
([(240, 38), (198, 29), (236, 21), (189, 47), (23, 137)], (214, 241, 9, 199))
([(11, 57), (14, 41), (51, 151)], (178, 39, 245, 177))
([(8, 47), (4, 147), (34, 127), (99, 84)], (74, 6, 100, 175))
([(30, 2), (10, 20), (236, 122), (237, 122), (239, 1)], (159, 171, 128, 173))
([(37, 141), (95, 41), (121, 58), (1, 137)], (201, 135, 161, 57))
([(109, 113), (108, 108), (8, 7), (118, 90), (42, 121), (2, 137)], (202, 100, 158, 54))
([(135, 25), (151, 123), (137, 137), (121, 154)], (248, 243, 198, 179))
([(39, 132), (40, 103), (33, 139)], (67, 44, 86, 102))
([(47, 169), (150, 177), (145, 174), (65, 130)], (146, 233, 77, 22))
([(202, 64), (197, 119), (121, 82)], (161, 248, 65, 81))
([(141, 10), (179, 21), (30, 138)], (241, 221, 248, 253))
([(31, 53), (215, 45), (225, 23)], (114, 172, 176, 83))
([(148, 95), (150, 68), (75, 31)], (253, 42, 27, 253))
([(1, 171), (20, 161), (46, 65), (72, 100)], (208, 23, 148, 123))
([(145, 19), (70, 24), (81, 25)], (56, 213, 48, 85))
([(152, 8), (113, 37), (60, 28), (205, 12)], (22, 57, 197, 109))
([(43, 17), (107, 150), (202, 136)], (102, 238, 195, 157))
([(188, 19), (36, 40), (115, 24)], (31, 142, 80, 251))
([(19, 22), (239, 146), (239, 146), (232, 58)], (150, 129, 125, 84))
([(206, 118), (180, 41), (9, 175)], (111, 145, 84, 12))
([(167, 39), (83, 126), (46, 25)], (116, 151, 2, 242))
([(13, 56), (12, 36), (40, 6)], (102, 54, 237, 49))
([(99, 92), (155, 110), (146, 2)], (17, 196, 227, 1))
([(155, 137), (79, 135), (122, 126)], (73, 77, 153, 103))
([(99, 169), (98, 179), (154, 175)], (204, 133, 125, 4))
([(131, 27), (25, 50), (59, 57), (87, 62), (85, 125)], (241, 16, 248, 227))
([(23, 19), (153, 7), (46, 45), (46, 45)], (18, 224, 111, 60))
([(233, 140), (239, 52), (234, 15), (200, 43), (62, 157)], (73, 238, 236, 136))
([(205, 83), (97, 162), (64, 84)], (236, 42, 32, 42))
([(233, 164), (151, 65), (86, 7)], (227, 20, 157, 58))
([(184, 17), (61, 71), (58, 88), (55, 105), (2, 61)], (86, 114, 190, 207))
([(12, 74), (95, 10), (3, 7)], (81, 75, 118, 116))
([(153, 107), (203, 124), (75, 34)], (198, 60, 182, 29))
([(39, 127), (78, 128), (207, 46), (60, 72)], (30, 229, 15, 235))
([(146, 89), (62, 104), (62, 104)], (169, 221, 199, 195))
([(164, 12), (172, 21), (192, 19), (212, 18), (240, 118), (206, 69)], (136, 157, 221, 122))
([(13, 107), (3, 28), (3, 28), (2, 109)], (116, 225, 103, 159))
([(49, 48), (149, 168), (157, 178), (146, 176), (192, 11)], (165, 63, 220, 71))
([(125, 38), (117, 148), (122, 149)], (160, 225, 236, 135))
([(16, 65), (76, 106), (20, 133)], (14, 188, 142, 207))
([(239, 42), (153, 154), (37, 30)], (69, 87, 127, 28))
([(36, 22), (32, 120), (136, 37)], (139, 3, 86, 154))
([(142, 58), (142, 47), (25, 31), (87, 140)], (42, 222, 248, 165))
([(125, 163), (202, 92), (69, 142)], (107, 19, 254, 4))
([(19, 152), (47, 156), (192, 177)], (163, 20, 149, 89))
([(22, 171), (130, 101), (165, 93)], (7, 38, 62, 71))
([(163, 85), (145, 179), (151, 87)], (151, 176, 63, 102))
([(103, 139), (72, 169), (90, 156)], (101, 2, 252, 6))
([(9, 66), (112, 19), (41, 136)], (159, 47, 208, 151))
([(224, 169), (224, 169), (125, 86)], (224, 145, 49, 115))
([(213, 0), (4, 134), (1, 47), (114, 44), (202, 179)], (97, 132, 100, 196))
([(189, 45), (134, 67), (21, 66)], (195, 225, 81, 161))
([(231, 15), (8, 116), (142, 47), (187, 24), (27, 21)], (158, 233, 157, 179))
([(197, 43), (207, 56), (219, 74)], (196, 9, 252, 122))
([(239, 127), (236, 124), (42, 137)], (138, 174, 94, 148))
([(235, 138), (62, 94), (38, 13), (197, 48)], (114, 190, 243, 69))
([(3, 90), (2, 109), (117, 26)], (2, 148, 10, 41))
([(104, 99), (166, 66), (167, 65), (216, 40), (73, 57)], (132, 239, 97, 82))
([(197, 1), (129, 78), (188, 26), (169, 115), (169, 115), (156, 84)], (58, 100, 179, 186))
([(166, 177), (94, 150), (55, 135), (189, 100), (240, 161)], (24, 246, 146, 24))
([(177, 126), (128, 120), (122, 103), (115, 84), (70, 113)], (242, 245, 126, 193))
([(177, 91), (164, 79), (158, 74), (158, 90), (158, 90)], (106, 232, 138, 118))
([(32, 99), (92, 78), (129, 89)], (59, 91, 224, 30))
([(84, 2), (145, 77), (27, 36)], (29, 236, 2, 197))
([(230, 78), (163, 83), (72, 90), (32, 139), (81, 77), (63, 60), (60, 57), (60, 57), (101, 110)], (200, 149, 150, 53))
([(155, 26), (239, 107), (215, 129), (28, 150), (165, 163)], (35, 68, 141, 233))
([(28, 167), (87, 33), (61, 127)], (160, 34, 25, 119))
([(169, 49), (104, 19), (43, 12)], (72, 128, 22, 225))
([(219, 14), (182, 21), (154, 26), (54, 65), (131, 30)], (213, 191, 233, 170))
([(75, 34), (1, 30), (10, 12)], (97, 17, 84, 52))
([(85, 88), (163, 11), (171, 45), (176, 66)], (101, 26, 251, 208))
([(195, 134), (229, 73), (117, 30), (40, 65), (4, 82)], (38, 243, 196, 193))
([(66, 139), (0, 133), (192, 111)], (106, 206, 44, 59))
([(220, 130), (147, 158), (26, 123)], (4, 67, 203, 183))
([(115, 57), (54, 12), (89, 125)], (78, 20, 133, 240))
([(52, 93), (55, 114), (202, 26)], (70, 209, 132, 115))
([(125, 175), (200, 121), (0, 102)], (2, 153, 200, 105))
([(31, 113), (114, 45), (79, 141)], (103, 119, 150, 61))
([(237, 80), (234, 81), (206, 92), (183, 101), (174, 104)], (128, 252, 192, 178))
([(11, 70), (17, 92), (25, 121)], (85, 70, 12, 27))
([(31, 152), (223, 72), (22, 97), (20, 97), (17, 98), (122, 133)], (59, 106, 227, 159))
([(72, 50), (167, 86), (205, 133)], (7, 29, 49, 244))
([(205, 86), (29, 81), (48, 89), (131, 126), (0, 131), (235, 143)], (199, 38, 167, 168))
([(43, 47), (83, 64), (96, 65), (217, 78), (118, 54)], (73, 25, 254, 190))
([(139, 41), (100, 31), (27, 11), (19, 9), (87, 120)], (204, 168, 142, 53))
([(126, 24), (229, 107), (131, 41)], (245, 39, 184, 201))
([(7, 165), (8, 151), (9, 138), (55, 48), (65, 28)], (98, 111, 107, 31))
([(231, 82), (33, 48), (210, 131)], (231, 218, 112, 84))
([(75, 57), (96, 72), (178, 130)], (83, 111, 164, 54))
([(226, 139), (223, 67), (238, 171)], (104, 151, 113, 179))
([(98, 113), (186, 127), (210, 131), (34, 50), (128, 74), (231, 101), (116, 81)], (58, 57, 122, 185))
([(83, 55), (31, 134), (72, 0), (233, 112), (171, 82)], (66, 76, 145, 155))
([(194, 80), (145, 85), (93, 103), (83, 107)], (85, 247, 120, 142))
([(206, 141), (239, 72), (205, 49), (195, 42), (215, 158)], (155, 244, 162, 103))
([(178, 1), (91, 0), (83, 0), (60, 37)], (120, 41, 168, 222))
([(0, 136), (167, 68), (188, 60), (77, 139)], (1, 225, 224, 99))
([(81, 59), (143, 135), (212, 2)], (12, 47, 187, 142))
([(84, 162), (73, 67), (67, 55), (80, 155), (16, 132), (22, 55), (22, 55), (23, 42)], (79, 234, 111, 243))
([(37, 82), (201, 109), (139, 27)], (51, 202, 86, 200))
([(140, 35), (168, 132), (130, 166)], (78, 80, 192, 154))
([(113, 97), (106, 73), (137, 28)], (159, 254, 74, 131))
([(46, 136), (41, 67), (151, 141), (237, 33)], (180, 165, 53, 75))
([(97, 104), (166, 82), (32, 53)], (153, 163, 111, 185))
([(73, 97), (205, 69), (223, 3)], (151, 163, 67, 176))
([(22, 45), (127, 74), (35, 29)], (228, 176, 107, 31))
([(64, 15), (140, 176), (140, 176)], (117, 34, 191, 123))
([(79, 89), (13, 144), (4, 152), (102, 55)], (107, 42, 242, 136))
([(67, 116), (111, 82), (169, 38)], (71, 255, 31, 183))
([(112, 115), (172, 34), (18, 15), (40, 89), (78, 2)], (143, 155, 209, 203))
([(214, 143), (225, 143), (200, 168)], (39, 172, 143, 131))
([(160, 94), (3, 170), (88, 173), (230, 177)], (217, 159, 198, 17))
([(221, 25), (0, 111), (184, 44)], (60, 252, 134, 76))
([(12, 98), (232, 73), (159, 37)], (187, 140, 70, 16))
([(85, 142), (22, 69), (13, 59)], (42, 42, 245, 122))
([(47, 39), (115, 124), (173, 67)], (107, 142, 48, 113))
([(113, 167), (173, 93), (120, 74), (121, 164), (122, 164)], (21, 137, 84, 104))
([(181, 157), (175, 146), (100, 6), (11, 52)], (165, 226, 178, 66))
([(17, 156), (72, 123), (180, 60), (150, 75), (148, 74), (46, 12)], (81, 36, 106, 171))
([(216, 53), (110, 133), (73, 34), (205, 8), (221, 5), (238, 1)], (106, 229, 164, 113))
([(219, 111), (236, 13), (178, 18), (144, 147)], (206, 134, 57, 141))
([(116, 29), (36, 11), (81, 173)], (5, 52, 43, 149))
([(14, 22), (18, 55), (51, 44), (181, 25)], (94, 42, 197, 189))
([(219, 153), (169, 98), (144, 93), (105, 84)], (189, 53, 164, 150))
([(136, 124), (234, 180), (20, 22)], (85, 243, 44, 150))
([(192, 140), (57, 95), (84, 69), (9, 20), (2, 88)], (101, 218, 208, 51))
([(27, 112), (50, 109), (77, 105), (201, 171), (114, 160)], (12, 21, 75, 192))
([(114, 160), (103, 87), (20, 44)], (165, 46, 47, 5))
([(233, 141), (72, 153), (84, 152), (172, 26)], (54, 9, 231, 36))
([(55, 125), (99, 98), (120, 85), (151, 66)], (27, 255, 137, 5))
([(160, 176), (136, 88), (16, 124), (2, 128)], (15, 173, 97, 107))
([(68, 64), (108, 60), (179, 53), (94, 148)], (25, 4, 22, 100))
([(237, 50), (25, 64), (227, 163)], (91, 130, 32, 107))
([(116, 42), (189, 1), (239, 158), (208, 138)], (104, 121, 154, 161))
([(41, 152), (200, 80), (150, 8)], (232, 240, 113, 63))
([(231, 93), (176, 167), (144, 31)], (191, 237, 126, 29))
([(160, 27), (154, 38), (53, 28)], (70, 223, 54, 244))
([(237, 99), (161, 136), (176, 110), (187, 91)], (34, 43, 174, 218))
([(49, 153), (164, 84), (113, 47)], (213, 78, 108, 222))
([(152, 46), (146, 171), (179, 63), (152, 84), (136, 97), (80, 103), (187, 97), (37, 33), (209, 104)], (39, 132, 160, 129))
([(5, 110), (60, 105), (20, 157)], (81, 62, 75, 138))
([(55, 111), (44, 144), (57, 46), (58, 39)], (106, 26, 96, 18))
([(177, 13), (71, 155), (151, 57), (221, 150)], (185, 76, 253, 151))
([(122, 144), (44, 22), (42, 164)], (50, 58, 6, 207))
([(233, 139), (18, 27), (81, 29), (147, 32)], (46, 168, 173, 95))
([(187, 177), (163, 146), (159, 120), (48, 61), (148, 48)], (23, 103, 163, 71))
([(105, 170), (198, 176), (193, 171), (190, 168), (27, 6), (88, 81), (177, 20)], (120, 32, 24, 138))
([(128, 16), (3, 165), (64, 139), (37, 6)], (15, 89, 32, 9))
([(43, 56), (151, 100), (56, 16)], (226, 129, 227, 138))
([(227, 67), (128, 50), (25, 32), (211, 105), (107, 110)], (61, 50, 140, 252))
([(216, 65), (199, 60), (56, 22), (91, 30), (104, 112), (80, 60)], (128, 97, 135, 122))
([(32, 41), (131, 41), (216, 98)], (218, 245, 26, 84))
([(61, 139), (96, 164), (101, 168), (231, 96)], (62, 49, 53, 115))
([(190, 151), (12, 157), (226, 99)], (20, 167, 15, 161))
([(155, 173), (129, 90), (121, 64)], (59, 113, 78, 14))
([(121, 147), (44, 75), (14, 59)], (167, 54, 59, 255))
([(41, 24), (102, 86), (59, 35)], (150, 8, 182, 226))
([(113, 67), (121, 77), (112, 78), (78, 83), (176, 147), (201, 30)], (55, 39, 223, 117))
([(186, 10), (128, 111), (115, 134), (167, 25)], (41, 180, 253, 134))
([(14, 28), (3, 179), (136, 155), (140, 154), (232, 137)], (77, 223, 219, 42))
([(166, 79), (201, 119), (167, 27), (150, 112)], (121, 81, 97, 178))
([(145, 6), (110, 1), (76, 20)], (13, 176, 112, 86))
([(188, 76), (166, 16), (115, 92)], (159, 201, 125, 42))
([(143, 160), (16, 136), (165, 139)], (39, 161, 149, 66))
([(164, 126), (213, 100), (22, 60)], (138, 177, 77, 243))
([(216, 131), (131, 27), (31, 8)], (112, 49, 131, 131))
([(156, 21), (147, 32), (131, 52), (79, 117), (77, 120), (72, 129), (46, 179)], (72, 42, 41, 137))
([(0, 149), (26, 104), (62, 137), (2, 61)], (98, 47, 141, 148))
([(230, 26), (228, 32), (216, 159)], (209, 171, 225, 53))
([(70, 13), (219, 9), (65, 110)], (163, 30, 186, 133))
([(235, 118), (233, 115), (233, 115), (219, 98), (209, 86), (197, 71), (140, 0), (146, 35), (146, 35)], (183, 139, 37, 21))
([(210, 72), (183, 54), (40, 92)], (33, 202, 47, 87))
([(48, 106), (225, 139), (43, 10)], (174, 19, 145, 89))
([(144, 15), (140, 15), (113, 16), (57, 112)], (105, 167, 63, 49))
([(87, 81), (156, 125), (185, 144), (151, 131)], (183, 49, 218, 244))
([(14, 93), (1, 9), (205, 164)], (49, 247, 170, 14))
([(147, 9), (146, 17), (146, 17), (36, 69)], (186, 236, 77, 84))
([(212, 133), (91, 163), (95, 141)], (11, 20, 226, 89))
([(73, 67), (9, 3), (124, 117)], (106, 31, 179, 41))
([(138, 68), (127, 13), (130, 22)], (6, 234, 0, 98))
([(154, 67), (28, 116), (88, 49), (73, 122)], (103, 50, 94, 45))
([(71, 129), (57, 32), (163, 144)], (232, 205, 76, 136))
([(24, 4), (54, 29), (190, 140), (212, 158), (213, 159), (223, 167)], (216, 33, 178, 96))
([(183, 115), (182, 115), (168, 110), (142, 101), (135, 98)], (255, 137, 131, 89))
([(175, 23), (85, 47), (236, 59), (95, 18)], (60, 125, 182, 25))
([(109, 24), (154, 41), (96, 70)], (238, 42, 182, 77))
([(25, 112), (4, 113), (29, 99), (77, 73), (88, 67)], (88, 141, 154, 153))
([(118, 13), (147, 28), (156, 11)], (239, 68, 53, 25))
([(1, 70), (74, 88), (75, 87), (91, 63), (118, 24)], (192, 232, 235, 107))
([(155, 92), (84, 95), (67, 80)], (230, 231, 240, 173))
([(132, 49), (89, 34), (39, 16), (86, 39)], (80, 58, 3, 113))
([(224, 72), (155, 103), (93, 130), (37, 89)], (19, 251, 74, 224))
([(216, 76), (152, 70), (30, 60), (21, 52)], (212, 214, 84, 116))
([(52, 60), (1, 141), (83, 63)], (80, 144, 141, 154))
([(211, 123), (147, 85), (198, 77)], (208, 208, 61, 96))
([(209, 7), (82, 132), (69, 145), (44, 158), (13, 174)], (210, 17, 98, 41))
([(9, 16), (10, 22), (27, 118), (239, 120)], (48, 9, 123, 66))
([(190, 94), (160, 143), (157, 143), (90, 141)], (143, 10, 139, 171))
([(222, 10), (10, 14), (119, 74), (161, 98)], (99, 169, 108, 86))
([(189, 95), (46, 3), (35, 145), (26, 165)], (16, 0, 6, 52))
([(186, 98), (50, 98), (73, 38)], (82, 132, 214, 232))
([(71, 83), (54, 66), (192, 87), (84, 17), (82, 167), (83, 169)], (164, 247, 170, 56))
([(234, 179), (184, 134), (157, 110), (44, 130)], (20, 65, 94, 63))
([(67, 176), (48, 33), (64, 52), (101, 97), (115, 178)], (49, 41, 25, 158))
([(209, 154), (53, 107), (14, 175)], (61, 40, 21, 116))
([(226, 171), (76, 105), (185, 177)], (59, 189, 242, 44))
([(11, 92), (32, 92), (37, 92), (37, 92), (56, 92), (118, 53), (124, 49), (136, 42), (136, 42), (3, 85), (88, 4)], (26, 81, 243, 36))
([(151, 116), (145, 135), (84, 91), (13, 98), (92, 51), (152, 109)], (141, 152, 49, 29))
([(104, 96), (79, 23), (104, 3)], (140, 193, 109, 66))
([(135, 25), (198, 33), (49, 27), (60, 12)], (37, 64, 84, 187))
([(93, 149), (97, 146), (189, 67), (234, 172)], (33, 48, 167, 88))
([(33, 20), (55, 57), (9, 174)], (69, 57, 207, 62))
([(120, 15), (168, 102), (101, 126)], (45, 135, 125, 51))
([(8, 175), (79, 61), (78, 77)], (92, 24, 46, 141))
([(222, 170), (193, 138), (179, 122), (78, 150), (43, 120)], (50, 27, 152, 146))
([(49, 51), (217, 135), (199, 178)], (57, 20, 110, 59))
([(218, 49), (198, 167), (226, 174), (228, 174)], (35, 83, 110, 103))
([(9, 5), (179, 125), (12, 86), (78, 69), (69, 105), (25, 167), (169, 99), (185, 91), (217, 75), (108, 19), (53, 131)], (7, 18, 81, 91))
([(39, 41), (54, 5), (181, 35)], (9, 37, 212, 19))
([(7, 82), (203, 168), (220, 175), (119, 17)], (152, 25, 17, 82))
([(61, 158), (82, 162), (97, 165), (186, 30), (165, 28), (47, 19)], (99, 44, 21, 9))
([(29, 130), (9, 33), (35, 1), (185, 14), (190, 13), (191, 13)], (81, 59, 19, 19))
([(168, 105), (183, 80), (181, 11), (200, 50), (146, 148), (113, 113), (6, 44)], (193, 17, 218, 36))
([(42, 74), (45, 72), (81, 53), (15, 88), (47, 16)], (75, 191, 187, 66))
([(28, 3), (239, 154), (104, 22)], (54, 135, 181, 85))
([(70, 128), (169, 73), (182, 110)], (238, 164, 53, 174))
([(66, 18), (119, 14), (165, 87), (178, 108), (24, 180)], (30, 60, 107, 18))
([(34, 4), (126, 104), (131, 109), (96, 149), (59, 145)], (48, 122, 72, 139))
([(154, 164), (66, 143), (131, 139)], (17, 43, 13, 88))
([(178, 49), (167, 55), (108, 139), (210, 145), (228, 172), (209, 168), (135, 150)], (61, 67, 112, 90))
([(65, 36), (82, 70), (83, 72), (28, 52)], (51, 130, 124, 193))
([(196, 84), (215, 27), (220, 12), (224, 0), (0, 15)], (100, 169, 70, 4))
([(52, 146), (15, 123), (21, 38)], (188, 150, 195, 40))
([(111, 129), (159, 28), (83, 86), (176, 44), (239, 35)], (67, 241, 66, 7))
([(77, 179), (55, 16), (37, 90), (33, 106)], (65, 50, 87, 112))
([(151, 165), (235, 100), (123, 62), (104, 55)], (40, 95, 70, 163))
([(191, 159), (149, 97), (234, 47)], (115, 83, 202, 86))
([(175, 148), (79, 150), (132, 72)], (121, 38, 201, 49))
([(126, 131), (84, 109), (59, 96), (86, 53), (145, 0)], (81, 176, 81, 147))
([(190, 152), (60, 150), (53, 150), (53, 150), (35, 138), (44, 128)], (64, 9, 40, 211))
([(133, 52), (53, 47), (51, 65)], (223, 164, 224, 27))
([(225, 47), (206, 173), (103, 76)], (124, 229, 110, 46))
([(180, 2), (56, 13), (81, 26), (136, 54)], (23, 40, 69, 35))
([(5, 121), (15, 117), (171, 60), (163, 99), (161, 96), (172, 9)], (2, 86, 64, 99))
([(184, 37), (192, 0), (129, 17), (105, 24)], (76, 101, 88, 49))
([(19, 30), (223, 142), (31, 162), (121, 99), (216, 81)], (35, 89, 110, 77))
([(46, 129), (122, 10), (133, 18), (222, 83)], (123, 88, 252, 102))
([(148, 106), (81, 87), (65, 83), (137, 163)], (100, 152, 166, 121))
