([(47, 40), (149, 145), (81, 120), (81, 120), (86, 126)], (21, 53, 238, 26))
([(118, 13), (147, 28), (152, 19)], (239, 180, 53, 8))
([(71, 129), (57, 32), (141, 139)], (232, 186, 76, 136))
([(39, 145), (15, 1), (135, 101)], (67, 154, 11, 220))
([(158, 95), (149, 101), (6, 62)], (202, 113, 214, 119))
([(135, 25), (137, 137), (197, 113)], (248, 140, 214, 179))
([(240, 38), (198, 29), (236, 21), (136, 160)], (214, 241, 45, 199))
([(11, 57), (14, 41), (11, 44), (0, 53)], (178, 39, 245, 177))
([(28, 167), (87, 33), (61, 127)], (105, 34, 25, 56))
([(26, 72), (170, 27), (148, 39)], (236, 42, 9, 212))
([(8, 47), (106, 6), (4, 147), (186, 122)], (74, 6, 100, 107))
([(30, 2), (10, 20), (237, 122), (239, 1), (239, 1)], (159, 146, 128, 173))
([(194, 80), (199, 48), (83, 107)], (85, 177, 120, 142))
([(153, 107), (199, 164), (75, 34)], (198, 99, 182, 29))
([(140, 35), (168, 132), (153, 145), (130, 166)], (78, 80, 192, 154))
([(39, 132), (49, 28), (38, 104), (33, 139)], (28, 8, 91, 102))
([(99, 169), (98, 179), (98, 179), (154, 175)], (204, 133, 179, 4))
([(141, 10), (179, 21), (30, 138)], (241, 221, 248, 253))
([(47, 169), (150, 177), (148, 176), (111, 135)], (146, 233, 77, 22))
([(233, 141), (83, 98), (72, 153), (72, 153), (172, 26)], (54, 9, 231, 36))
([(168, 89), (165, 86), (13, 116), (202, 136)], (102, 238, 195, 157))
([(233, 164), (227, 157), (218, 146), (151, 65), (86, 7)], (227, 20, 157, 58))
([(145, 19), (70, 24), (81, 25)], (56, 213, 10, 85))
([(167, 39), (199, 106), (169, 30)], (116, 151, 2, 242))
([(23, 19), (153, 7), (91, 29), (46, 45)], (18, 224, 111, 60))
([(233, 140), (239, 52), (234, 15), (20, 79)], (183, 238, 236, 136))
([(237, 19), (107, 39), (55, 98), (240, 161)], (24, 246, 146, 24))
([(184, 17), (185, 16), (198, 10), (2, 61)], (86, 114, 190, 247))
([(209, 73), (224, 75), (96, 65), (72, 83)], (73, 25, 254, 190))
([(164, 12), (201, 64), (138, 73), (84, 156), (240, 118), (206, 69)], (136, 157, 221, 122))
([(69, 159), (123, 115), (3, 28), (2, 109)], (116, 225, 237, 159))
([(202, 92), (179, 101), (69, 142)], (91, 19, 254, 68))
([(82, 145), (106, 73), (112, 64), (136, 29), (137, 28)], (159, 254, 74, 131))
([(209, 139), (228, 32), (212, 179)], (209, 171, 118, 53))
([(220, 130), (147, 158), (55, 131), (26, 123)], (187, 67, 211, 183))
([(235, 1), (72, 169), (90, 156)], (101, 2, 252, 30))
([(222, 10), (10, 14), (96, 61), (161, 98)], (99, 169, 108, 94))
([(125, 38), (222, 52), (121, 149)], (6, 225, 209, 180))
([(217, 147), (225, 143), (0, 116)], (39, 172, 143, 141))
([(1, 102), (136, 75), (151, 57), (221, 150)], (185, 76, 253, 151))
([(90, 5), (234, 180), (20, 22)], (85, 243, 44, 150))
([(50, 72), (0, 111), (137, 61)], (144, 252, 134, 95))
([(19, 152), (47, 156), (192, 177)], (163, 20, 149, 89))
([(22, 171), (24, 23), (24, 23), (165, 93)], (7, 38, 62, 71))
([(75, 57), (81, 61), (178, 130)], (83, 111, 131, 54))
([(163, 85), (145, 179), (117, 100), (116, 97)], (151, 176, 63, 102))
([(80, 99), (95, 11), (46, 65)], (208, 190, 148, 123))
([(239, 36), (176, 65), (30, 132), (61, 105), (62, 104)], (169, 221, 199, 143))
([(9, 66), (85, 31), (112, 19), (41, 136)], (159, 47, 6, 151))
([(111, 120), (164, 84), (124, 55), (113, 47)], (118, 78, 108, 165))
([(148, 95), (137, 62), (127, 153), (75, 31)], (201, 42, 27, 178))
([(213, 0), (4, 134), (1, 47), (114, 44), (202, 179)], (97, 132, 100, 196))
([(41, 24), (102, 86), (59, 35)], (76, 8, 182, 226))
([(37, 141), (95, 41), (1, 137)], (201, 135, 161, 57))
([(202, 1), (195, 31), (0, 119)], (73, 109, 200, 103))
([(197, 43), (207, 56), (219, 74)], (11, 9, 252, 122))
([(31, 131), (143, 70), (9, 175)], (111, 160, 84, 12))
([(39, 127), (78, 128), (11, 57)], (30, 229, 15, 235))
([(99, 92), (113, 137), (143, 124)], (17, 196, 227, 1))
([(46, 136), (41, 67), (151, 141), (237, 33), (237, 33)], (180, 165, 52, 75))
([(231, 15), (190, 34), (8, 116), (142, 47), (187, 24)], (158, 233, 217, 179))
([(164, 126), (213, 100), (42, 64), (22, 60)], (138, 177, 77, 243))
([(97, 165), (237, 178), (47, 19)], (99, 191, 21, 9))
([(84, 2), (126, 70), (53, 45), (27, 36)], (29, 236, 2, 197))
([(95, 112), (8, 134), (0, 133), (27, 59)], (106, 206, 156, 59))
([(66, 100), (134, 67), (176, 103)], (195, 225, 81, 161))
([(232, 48), (72, 90), (32, 139), (81, 77), (237, 86), (117, 52)], (194, 149, 150, 79))
([(31, 53), (152, 48), (197, 46), (215, 45), (225, 23)], (114, 172, 176, 63))
([(126, 24), (229, 107), (146, 51), (137, 45)], (245, 31, 184, 122))
([(12, 74), (95, 10), (20, 8), (3, 7)], (81, 75, 118, 131))
([(32, 99), (153, 135), (121, 134), (95, 133), (86, 133)], (85, 91, 224, 191))
([(155, 26), (239, 107), (228, 117), (215, 129), (28, 150), (165, 163)], (35, 68, 141, 233))
([(14, 28), (3, 179), (57, 169), (136, 155)], (134, 223, 219, 42))
([(219, 14), (154, 26), (116, 53), (131, 30)], (213, 191, 83, 237))
([(85, 88), (163, 11), (166, 24), (171, 45)], (171, 26, 251, 208))
([(118, 110), (155, 11), (219, 9)], (163, 30, 186, 133))
([(195, 134), (117, 30), (40, 65), (4, 82)], (38, 243, 196, 193))
([(38, 129), (54, 12), (184, 0), (124, 166)], (78, 20, 133, 240))
([(44, 149), (114, 45), (79, 141)], (1, 1, 150, 61))
([(11, 70), (87, 136), (25, 121)], (85, 162, 45, 185))
([(223, 72), (22, 97), (17, 98), (122, 133)], (59, 106, 227, 159))
([(111, 76), (239, 146), (197, 85), (239, 146), (232, 58)], (150, 129, 125, 84))
([(197, 1), (129, 78), (188, 26), (178, 73), (169, 115), (169, 115)], (58, 100, 179, 186))
([(121, 147), (57, 87), (43, 74)], (167, 54, 59, 255))
([(160, 94), (54, 145), (3, 170), (88, 173), (230, 177)], (60, 159, 198, 17))
([(157, 22), (29, 81), (131, 126), (0, 131), (6, 131), (235, 143)], (199, 38, 167, 112))
([(125, 175), (184, 133), (200, 121), (0, 102)], (2, 153, 200, 105))
([(68, 64), (68, 85), (179, 53)], (25, 4, 22, 100))
([(104, 45), (62, 94), (197, 48)], (114, 190, 243, 69))
([(77, 179), (55, 16), (236, 101), (100, 163)], (65, 50, 87, 112))
([(42, 74), (100, 99), (77, 55), (81, 53), (47, 16)], (80, 191, 187, 66))
([(226, 139), (102, 119), (84, 116), (238, 171)], (104, 40, 113, 179))
([(83, 55), (107, 85), (31, 134), (72, 0), (107, 24), (233, 112)], (66, 76, 145, 198))
([(104, 96), (79, 23), (104, 3)], (108, 193, 109, 66))
([(178, 1), (91, 0), (83, 0), (75, 13), (62, 34), (60, 37)], (120, 41, 168, 125))
([(206, 141), (239, 72), (205, 49), (195, 42), (210, 129), (215, 158)], (155, 150, 162, 103))
([(81, 59), (143, 135), (212, 2)], (12, 47, 187, 142))
([(105, 97), (145, 56), (169, 38)], (71, 107, 31, 14))
([(226, 171), (90, 114), (185, 177)], (59, 189, 242, 44))
([(97, 104), (166, 82), (40, 55), (32, 53)], (153, 167, 111, 185))
([(70, 70), (47, 103), (205, 133)], (9, 29, 49, 224))
([(73, 97), (205, 69), (223, 3)], (151, 163, 67, 176))
([(218, 49), (198, 167), (226, 174), (228, 174), (228, 174)], (35, 83, 110, 103))
([(104, 24), (32, 92), (155, 160), (37, 92), (216, 116), (142, 27), (118, 53), (124, 49), (89, 43), (136, 42), (3, 85), (88, 4)], (26, 81, 243, 36))
([(120, 21), (3, 149), (35, 29)], (228, 176, 107, 31))
([(117, 128), (149, 168), (157, 178), (157, 178), (146, 176), (192, 11)], (165, 63, 220, 71))
([(79, 89), (12, 145), (4, 152), (102, 55)], (107, 42, 104, 49))
([(8, 7), (81, 125), (42, 121), (234, 135)], (202, 100, 158, 54))
([(112, 115), (172, 34), (18, 15), (37, 115), (78, 2)], (143, 155, 209, 203))
([(36, 22), (32, 120), (32, 120), (128, 43)], (139, 3, 83, 154))
([(52, 93), (53, 100), (55, 114), (202, 26)], (70, 159, 226, 160))
([(5, 110), (74, 114), (190, 122)], (81, 62, 75, 120))
([(145, 6), (110, 1), (76, 20)], (13, 176, 97, 66))
([(84, 162), (73, 67), (22, 55)], (79, 182, 111, 170))
([(44, 177), (41, 168), (37, 156), (29, 133), (78, 77)], (92, 24, 46, 138))
([(10, 133), (0, 17), (238, 161), (126, 59)], (42, 42, 245, 80))
([(94, 92), (76, 82), (43, 12)], (72, 128, 22, 225))
([(47, 39), (218, 82), (123, 116), (137, 102)], (107, 142, 48, 113))
([(14, 117), (173, 93), (120, 74), (148, 151)], (21, 137, 84, 99))
([(159, 70), (166, 66), (167, 65), (216, 40), (73, 57)], (132, 239, 97, 213))
([(36, 124), (41, 116), (89, 34), (39, 16)], (80, 58, 3, 113))
([(237, 99), (161, 136), (177, 108), (187, 91)], (29, 43, 87, 218))
([(181, 157), (60, 126), (175, 146), (100, 6), (11, 52)], (165, 226, 178, 90))
([(57, 76), (63, 81), (202, 128)], (242, 52, 126, 188))
([(239, 127), (236, 124), (146, 153)], (135, 174, 210, 148))
([(216, 53), (110, 133), (73, 34), (202, 8), (221, 5), (238, 1)], (165, 229, 164, 113))
([(219, 153), (169, 98), (145, 93), (105, 84)], (218, 53, 164, 150))
([(233, 30), (236, 13), (207, 16), (164, 159), (164, 159), (171, 45), (188, 106)], (206, 134, 83, 141))
([(116, 29), (36, 11), (15, 24)], (5, 52, 43, 149))
([(237, 80), (198, 45), (206, 92)], (128, 252, 192, 121))
([(17, 156), (142, 179), (150, 75)], (81, 36, 106, 171))
([(210, 131), (110, 26), (192, 91), (231, 101)], (58, 57, 122, 212))
([(13, 56), (13, 56), (12, 36), (40, 6)], (53, 54, 25, 49))
([(116, 42), (189, 1), (193, 14), (215, 83), (227, 120), (239, 158), (116, 104)], (104, 121, 154, 161))
([(37, 82), (201, 109), (139, 27), (139, 27)], (14, 202, 86, 200))
([(192, 140), (84, 69), (2, 88)], (147, 218, 208, 51))
([(14, 22), (18, 55), (181, 25)], (94, 42, 197, 91))
([(27, 112), (77, 105), (20, 141), (114, 160)], (12, 21, 75, 91))
([(67, 176), (101, 97), (115, 178)], (49, 41, 32, 93))
([(164, 47), (109, 93), (113, 77)], (240, 173, 134, 104))
([(0, 136), (189, 93), (188, 60), (111, 115), (77, 139)], (1, 225, 224, 99))
([(237, 50), (25, 64), (227, 163)], (91, 130, 79, 77))
([(47, 145), (53, 137), (76, 106)], (14, 188, 142, 40))
([(115, 92), (84, 95), (73, 85)], (230, 231, 240, 57))
([(24, 3), (37, 31), (9, 3)], (106, 41, 179, 222))
([(45, 100), (200, 80), (150, 8)], (232, 240, 113, 170))
([(231, 93), (198, 137), (144, 31)], (191, 237, 197, 93))
([(160, 27), (154, 38), (150, 38), (185, 144)], (70, 223, 54, 244))
([(195, 166), (103, 87), (103, 49)], (173, 46, 47, 5))
([(64, 15), (159, 76), (59, 29)], (95, 33, 191, 179))
([(152, 46), (147, 150), (146, 171), (179, 63), (136, 97), (80, 103), (187, 97), (37, 33), (209, 104)], (39, 38, 160, 53))
([(142, 58), (164, 155), (142, 47)], (237, 240, 248, 165))
([(195, 7), (44, 144), (58, 39)], (106, 26, 96, 18))
([(122, 144), (44, 22), (42, 164)], (44, 5, 6, 207))
([(190, 151), (110, 118), (226, 99)], (20, 167, 15, 161))
([(187, 177), (48, 61), (148, 48)], (23, 214, 163, 71))
([(177, 135), (225, 139), (142, 122)], (174, 19, 145, 89))
([(105, 170), (149, 173), (198, 176), (193, 171), (190, 168), (27, 6), (88, 81), (177, 20)], (120, 32, 24, 44))
([(3, 165), (38, 11), (171, 172)], (15, 25, 32, 9))
([(227, 67), (128, 50), (77, 129)], (61, 50, 140, 252))
([(56, 22), (91, 30), (104, 112), (80, 60)], (128, 97, 135, 122))
([(139, 41), (99, 66), (37, 105), (27, 11), (21, 9), (19, 9), (87, 120)], (204, 186, 142, 82))
([(32, 41), (63, 74), (110, 125), (216, 98)], (218, 245, 171, 84))
([(61, 139), (96, 164), (101, 168), (228, 98), (231, 96)], (62, 49, 53, 115))
([(202, 64), (197, 119), (121, 82)], (161, 248, 65, 81))
([(155, 173), (193, 7), (100, 71), (121, 64)], (59, 75, 71, 14))
([(97, 146), (189, 67), (215, 128)], (33, 48, 163, 88))
([(231, 82), (199, 77), (33, 48), (210, 131)], (231, 218, 112, 104))
([(113, 67), (223, 133), (78, 83), (105, 101), (176, 147), (201, 30)], (55, 39, 223, 117))
([(16, 26), (128, 111), (139, 153)], (41, 95, 237, 134))
([(184, 162), (167, 27), (150, 112)], (121, 81, 97, 178))
([(143, 160), (16, 136), (47, 137), (165, 139)], (39, 161, 149, 66))
([(30, 18), (131, 27), (90, 19), (31, 8)], (112, 49, 131, 131))
([(156, 21), (147, 32), (153, 152), (79, 117), (77, 120), (46, 179)], (11, 42, 41, 137))
([(0, 149), (26, 104), (2, 61)], (98, 47, 141, 148))
([(188, 19), (36, 40), (142, 73)], (31, 104, 158, 133))
([(152, 8), (60, 28), (205, 12)], (22, 108, 197, 109))
([(177, 91), (171, 85), (158, 74)], (106, 232, 138, 118))
([(211, 123), (153, 89), (198, 77)], (208, 212, 61, 96))
([(235, 118), (233, 115), (233, 115), (209, 86), (197, 71), (140, 0), (146, 35)], (183, 139, 37, 21))
([(3, 90), (2, 109), (197, 99), (117, 26)], (2, 148, 10, 41))
([(210, 72), (183, 54), (119, 57), (91, 59), (40, 92)], (33, 202, 47, 87))
([(166, 132), (73, 128), (145, 110)], (183, 140, 218, 244))
([(196, 84), (57, 177), (0, 15)], (100, 169, 70, 4))
([(178, 49), (167, 55), (108, 139), (210, 145), (228, 172), (209, 168), (135, 150)], (39, 67, 106, 85))
([(93, 97), (44, 158), (239, 177)], (210, 17, 1, 41))
([(131, 27), (59, 57), (87, 62)], (241, 16, 248, 124))
([(168, 105), (146, 148), (113, 113)], (193, 21, 218, 12))
([(14, 93), (8, 54), (1, 9), (205, 164)], (49, 247, 234, 14))
([(224, 169), (224, 169), (224, 169), (199, 148), (39, 29), (125, 86)], (224, 145, 109, 115))
([(147, 9), (146, 17), (146, 17), (36, 69)], (186, 236, 77, 84))
([(212, 133), (91, 163), (150, 122), (108, 16)], (11, 2, 226, 112))
([(130, 113), (127, 13), (130, 22)], (6, 234, 0, 98))
([(24, 4), (73, 45), (190, 140)], (216, 174, 178, 96))
([(25, 35), (1, 30), (10, 12)], (97, 17, 84, 52))
([(175, 23), (236, 59), (117, 90)], (60, 125, 182, 25))
([(109, 24), (154, 41), (96, 70)], (238, 42, 182, 77))
([(43, 56), (151, 100), (128, 80), (56, 16)], (226, 129, 227, 138))
([(25, 112), (4, 113), (88, 67)], (88, 141, 154, 153))
([(208, 114), (210, 100), (172, 97), (115, 92)], (159, 201, 125, 42))
([(1, 70), (74, 88), (75, 87), (91, 63), (109, 37), (118, 24)], (198, 222, 235, 87))
([(224, 72), (93, 130), (37, 89)], (19, 251, 74, 194))
([(216, 76), (200, 131), (30, 60), (21, 52)], (212, 214, 84, 116))
([(52, 60), (1, 141), (83, 63)], (80, 144, 141, 6))
([(9, 16), (10, 22), (26, 139), (239, 120)], (33, 9, 123, 66))
([(7, 165), (9, 138), (55, 48), (65, 28)], (98, 111, 107, 31))
([(190, 94), (176, 117), (90, 141)], (143, 10, 139, 104))
([(81, 29), (173, 29), (147, 32)], (46, 12, 173, 95))
([(189, 95), (46, 3), (35, 145), (26, 165)], (16, 0, 6, 85))
([(186, 98), (50, 98), (59, 75), (66, 56), (73, 38)], (116, 132, 214, 158))
([(140, 15), (100, 13), (71, 5)], (105, 167, 63, 49))
([(71, 83), (192, 87), (84, 17), (82, 167), (83, 169)], (164, 247, 170, 56))
([(209, 154), (53, 107), (39, 131), (14, 175)], (61, 40, 21, 116))
([(145, 135), (13, 98), (112, 73), (152, 109)], (141, 52, 49, 29))
([(239, 42), (153, 154), (236, 138)], (69, 87, 127, 28))
([(157, 24), (198, 33), (49, 27), (60, 12)], (37, 64, 121, 187))
([(33, 20), (55, 57), (9, 174)], (69, 109, 207, 51))
([(154, 67), (28, 116), (88, 49)], (64, 50, 94, 45))
([(120, 15), (118, 46), (101, 126)], (45, 135, 22, 51))
([(109, 14), (99, 98), (164, 60), (147, 68), (151, 66)], (27, 255, 137, 21))
([(222, 170), (134, 77), (78, 150), (165, 82)], (50, 27, 124, 146))
([(49, 51), (217, 135), (210, 152), (209, 154), (199, 178)], (57, 20, 110, 167))
([(183, 115), (182, 115), (168, 110), (195, 101)], (255, 137, 185, 250))
([(9, 5), (179, 125), (12, 86), (78, 69), (69, 105), (169, 99), (185, 91), (217, 75), (108, 19), (53, 131)], (7, 57, 81, 91))
([(7, 82), (130, 137), (220, 175), (126, 28), (119, 17)], (152, 25, 17, 39))
([(29, 130), (35, 1), (188, 13), (190, 13), (191, 13)], (81, 59, 26, 19))
([(28, 3), (239, 154), (104, 22)], (54, 135, 181, 85))
([(70, 128), (75, 73), (182, 110)], (238, 223, 53, 174))
([(183, 174), (165, 87), (178, 108), (24, 180)], (30, 60, 107, 18))
([(34, 4), (126, 104), (96, 149), (84, 148), (59, 145)], (48, 120, 72, 79))
([(154, 164), (17, 174), (131, 139)], (17, 43, 13, 111))
([(234, 179), (184, 134), (133, 129), (44, 130)], (20, 65, 94, 91))
([(65, 36), (100, 98), (83, 72), (36, 55), (28, 52)], (51, 130, 124, 193))
([(43, 151), (26, 134), (15, 123), (21, 38)], (188, 245, 195, 40))
([(126, 115), (225, 156), (159, 37)], (187, 126, 70, 16))
([(203, 9), (159, 28), (134, 47), (83, 86), (239, 35)], (156, 241, 45, 7))
([(151, 165), (233, 102), (123, 62), (111, 58), (107, 56), (104, 55)], (40, 95, 70, 163))
([(191, 159), (149, 97), (224, 53), (234, 47)], (115, 83, 202, 86))
([(175, 148), (79, 150), (132, 72)], (121, 38, 201, 49))
([(126, 131), (93, 114), (84, 109), (59, 96), (86, 53), (145, 0)], (81, 176, 101, 112))
([(190, 152), (60, 150), (53, 150), (53, 150), (53, 150), (44, 128)], (64, 9, 40, 211))
([(39, 41), (54, 5), (181, 35)], (9, 37, 212, 19))
([(133, 52), (123, 51), (53, 47), (53, 47), (51, 65)], (223, 164, 224, 27))
([(225, 47), (213, 127), (206, 173), (103, 76)], (124, 229, 110, 46))
([(180, 2), (56, 13), (81, 26), (136, 54)], (12, 40, 69, 35))
([(5, 121), (15, 117), (161, 96), (172, 9)], (2, 86, 64, 40))
([(184, 37), (192, 0), (129, 17), (105, 24)], (76, 42, 88, 49))
([(19, 30), (222, 146), (218, 146), (31, 162), (62, 140), (121, 99), (216, 81)], (35, 89, 110, 77))
([(46, 129), (122, 10), (195, 63), (222, 83)], (123, 88, 252, 91))
([(148, 106), (109, 95), (81, 87), (65, 83), (137, 163)], (100, 152, 166, 121))
