([(99, 169), (98, 179), (98, 179), (154, 175)], (204, 133, 179, 4))
([(34, 115), (32, 103), (15, 1), (135, 101)], (67, 154, 11, 220))
([(157, 102), (3, 149), (35, 29)], (228, 176, 107, 31))
([(240, 38), (236, 21), (195, 67), (136, 160)], (214, 241, 45, 199))
([(11, 57), (14, 41), (12, 43), (0, 53)], (178, 39, 245, 177))
([(118, 13), (147, 28), (143, 32), (115, 60)], (239, 180, 53, 8))
([(28, 167), (29, 165), (61, 127)], (105, 77, 25, 56))
([(3, 108), (86, 34), (4, 147), (186, 122)], (74, 6, 100, 107))
([(87, 91), (121, 82), (166, 76)], (112, 99, 182, 29))
([(140, 35), (168, 132), (136, 161)], (78, 80, 192, 154))
([(141, 10), (179, 21), (30, 138)], (241, 221, 248, 253))
([(72, 153), (72, 153), (72, 153)], (54, 9, 81, 248))
([(23, 19), (124, 10), (153, 7), (91, 29), (46, 45)], (18, 224, 111, 60))
([(153, 27), (46, 60), (13, 116), (202, 136)], (102, 238, 195, 157))
([(233, 164), (227, 157), (76, 30), (86, 7)], (227, 20, 157, 58))
([(145, 19), (99, 82), (81, 25)], (198, 213, 10, 173))
([(220, 130), (147, 158), (93, 81)], (187, 67, 211, 183))
([(233, 140), (239, 52), (234, 15), (20, 79)], (183, 238, 236, 136))
([(62, 32), (1, 30), (10, 12), (10, 12)], (97, 121, 127, 60))
([(158, 95), (228, 82), (6, 62)], (202, 113, 28, 168))
([(56, 22), (204, 130), (104, 112)], (128, 97, 135, 122))
([(235, 1), (72, 169), (130, 138)], (29, 2, 252, 77))
([(237, 19), (107, 39), (55, 98), (239, 161), (240, 161)], (24, 246, 146, 24))
([(78, 103), (185, 16), (2, 61)], (86, 114, 190, 247))
([(99, 92), (154, 149), (154, 149), (143, 124)], (17, 196, 227, 1))
([(3, 63), (57, 32), (141, 139)], (232, 186, 204, 136))
([(164, 12), (138, 73), (165, 114), (84, 156), (240, 118)], (136, 157, 221, 122))
([(69, 159), (123, 115), (3, 28), (2, 109)], (116, 225, 237, 159))
([(202, 92), (179, 101), (209, 117), (211, 118), (213, 119)], (91, 19, 254, 9))
([(209, 139), (87, 93), (212, 179)], (209, 171, 118, 53))
([(118, 85), (139, 118), (160, 151), (113, 77)], (240, 173, 134, 104))
([(125, 38), (222, 52), (121, 149)], (6, 225, 209, 93))
([(195, 74), (112, 92), (122, 135)], (85, 177, 120, 142))
([(31, 131), (143, 70), (9, 175)], (111, 160, 84, 15))
([(107, 65), (137, 137), (130, 137)], (248, 167, 167, 185))
([(199, 41), (174, 136), (0, 116)], (39, 172, 143, 141))
([(1, 102), (102, 19), (151, 57)], (185, 95, 253, 151))
([(82, 145), (106, 73), (61, 16), (129, 39), (136, 29), (137, 28)], (254, 254, 18, 44))
([(11, 70), (32, 88), (87, 136)], (162, 162, 45, 185))
([(90, 5), (114, 34), (234, 180), (20, 22)], (85, 243, 44, 150))
([(209, 73), (224, 75), (203, 88), (96, 65), (72, 83)], (73, 25, 254, 37))
([(50, 72), (0, 111), (17, 11)], (144, 252, 175, 95))
([(224, 72), (93, 130), (37, 89)], (19, 162, 74, 194))
([(16, 70), (123, 124), (148, 151)], (21, 137, 84, 10))
([(226, 171), (90, 114), (185, 177)], (225, 189, 242, 44))
([(19, 152), (47, 156), (192, 177)], (73, 218, 149, 89))
([(222, 10), (187, 92), (96, 61), (161, 98)], (60, 169, 108, 94))
([(167, 39), (199, 106), (169, 30)], (116, 151, 80, 242))
([(22, 171), (24, 23), (32, 18), (165, 93)], (7, 38, 62, 71))
([(163, 85), (145, 179), (117, 100)], (151, 176, 63, 102))
([(24, 3), (37, 31), (9, 3)], (106, 41, 179, 163))
([(30, 2), (10, 20), (237, 122), (239, 1), (239, 1), (239, 1), (239, 1)], (159, 146, 128, 173))
([(239, 36), (176, 65), (61, 105), (238, 67)], (169, 208, 199, 143))
([(9, 66), (85, 31), (112, 19), (41, 136)], (159, 47, 8, 230))
([(111, 120), (202, 176), (124, 55)], (118, 78, 108, 133))
([(47, 145), (53, 137), (160, 63)], (15, 188, 142, 40))
([(148, 95), (137, 62), (127, 153)], (201, 42, 27, 116))
([(13, 56), (12, 36), (90, 75)], (162, 54, 25, 49))
([(213, 0), (4, 134), (1, 47), (114, 44), (202, 179)], (97, 132, 100, 196))
([(41, 24), (54, 37), (64, 47), (59, 35), (59, 35)], (76, 8, 182, 226))
([(37, 141), (95, 41), (1, 137)], (201, 135, 161, 57))
([(165, 126), (145, 56), (169, 38)], (71, 107, 31, 118))
([(239, 127), (236, 124), (146, 153)], (135, 174, 210, 148))
([(84, 2), (126, 70), (36, 40), (31, 38), (27, 36)], (29, 236, 2, 197))
([(39, 127), (78, 128), (11, 57)], (122, 229, 15, 202))
([(231, 15), (8, 116), (187, 24)], (158, 237, 217, 179))
([(202, 64), (2, 125), (12, 55)], (161, 248, 65, 199))
([(95, 112), (8, 134), (0, 133), (27, 59)], (106, 206, 156, 59))
([(232, 48), (32, 139), (237, 86), (117, 52)], (227, 149, 150, 79))
([(195, 134), (92, 88), (48, 69), (40, 65), (4, 82)], (38, 243, 196, 193))
([(31, 53), (152, 48), (197, 46), (197, 46), (215, 45), (225, 23)], (114, 223, 176, 227))
([(126, 24), (229, 107), (146, 51)], (245, 31, 176, 122))
([(12, 74), (95, 10), (22, 8), (3, 7)], (81, 75, 118, 131))
([(32, 99), (121, 134), (95, 133), (86, 133)], (85, 91, 224, 155))
([(75, 57), (81, 61), (178, 130)], (83, 111, 131, 170))
([(155, 26), (239, 107), (228, 117), (111, 89), (107, 120)], (35, 68, 141, 233))
([(39, 132), (49, 28), (38, 104), (36, 118), (33, 139)], (28, 8, 91, 102))
([(115, 98), (73, 67), (22, 55)], (182, 182, 111, 170))
([(14, 28), (6, 138), (3, 179), (57, 169), (65, 112)], (134, 223, 219, 42))
([(219, 14), (154, 26), (116, 53), (126, 38), (162, 138)], (213, 191, 83, 237))
([(85, 88), (163, 11), (166, 24), (171, 45)], (171, 26, 251, 95))
([(197, 43), (31, 120), (219, 74)], (11, 9, 252, 122))
([(118, 110), (155, 11), (219, 9)], (163, 30, 186, 9))
([(38, 129), (54, 12), (184, 0), (124, 166)], (78, 20, 133, 153))
([(22, 97), (17, 98), (122, 133)], (59, 106, 227, 159))
([(111, 76), (208, 129), (239, 146), (197, 85), (239, 146), (232, 58)], (150, 129, 125, 84))
([(197, 1), (197, 1), (129, 78), (164, 74), (178, 73), (105, 25)], (58, 78, 179, 186))
([(147, 161), (57, 87), (74, 64)], (241, 118, 104, 255))
([(160, 94), (71, 137), (54, 145), (3, 170), (88, 173), (184, 176), (230, 177)], (60, 159, 198, 34))
([(29, 81), (131, 126), (0, 131), (6, 131), (139, 117)], (199, 184, 167, 112))
([(125, 175), (184, 133), (200, 121), (0, 102)], (2, 153, 200, 105))
([(71, 84), (62, 94), (180, 54), (197, 48)], (114, 190, 243, 69))
([(169, 149), (95, 11), (46, 65)], (208, 190, 148, 123))
([(77, 179), (55, 16), (236, 101), (100, 163)], (65, 50, 87, 61))
([(239, 42), (29, 115), (236, 138)], (13, 87, 127, 28))
([(164, 126), (200, 107), (213, 100)], (138, 177, 119, 224))
([(42, 74), (100, 99), (77, 55), (96, 68), (148, 102)], (177, 191, 187, 66))
([(226, 139), (102, 119), (84, 116), (238, 171)], (104, 40, 91, 179))
([(152, 8), (60, 28), (205, 12)], (22, 108, 197, 109))
([(89, 69), (31, 134), (72, 0), (107, 24), (233, 112)], (66, 76, 145, 198))
([(104, 96), (79, 23), (104, 3)], (108, 193, 109, 66))
([(143, 160), (16, 136), (47, 137)], (39, 161, 149, 66))
([(107, 55), (68, 62), (41, 67), (151, 141), (237, 33), (237, 33)], (180, 165, 52, 75))
([(70, 70), (47, 103), (221, 65)], (9, 29, 192, 224))
([(231, 82), (199, 77), (174, 73), (33, 48), (210, 131)], (231, 218, 112, 105))
([(81, 59), (143, 135), (212, 2)], (12, 47, 187, 142))
([(73, 97), (205, 69), (223, 3)], (151, 163, 67, 176))
([(218, 49), (198, 167), (226, 174), (228, 174)], (35, 83, 110, 151))
([(147, 28), (79, 149), (78, 150), (165, 82)], (50, 27, 124, 159))
([(178, 1), (91, 0), (83, 0), (75, 13), (60, 37)], (120, 41, 168, 125))
([(104, 24), (155, 160), (227, 135), (216, 116), (142, 27), (124, 49), (89, 43), (136, 42), (3, 85), (88, 4)], (26, 81, 243, 36))
([(117, 128), (149, 168), (157, 178), (157, 178), (146, 176), (192, 11)], (165, 63, 220, 71))
([(79, 89), (12, 145), (4, 152), (102, 55)], (107, 42, 104, 49))
([(8, 7), (81, 125), (103, 128), (234, 135)], (202, 100, 158, 54))
([(112, 115), (172, 34), (18, 15), (35, 104), (37, 115), (78, 2)], (143, 155, 209, 140))
([(44, 149), (163, 24), (192, 11)], (1, 1, 82, 61))
([(36, 22), (32, 120), (128, 43)], (121, 3, 83, 154))
([(133, 126), (57, 177), (0, 15)], (100, 169, 70, 4))
([(52, 93), (55, 114), (137, 65), (202, 26)], (70, 159, 226, 42))
([(5, 110), (74, 114), (190, 122)], (81, 62, 75, 166))
([(145, 6), (125, 3), (110, 1), (76, 20)], (13, 176, 97, 66))
([(44, 177), (41, 168), (185, 126), (30, 136), (29, 133), (78, 77)], (92, 24, 46, 138))
([(10, 133), (0, 17), (238, 161), (126, 59)], (88, 42, 218, 80))
([(94, 92), (157, 114), (94, 58), (43, 12)], (72, 128, 22, 225))
([(190, 94), (176, 117), (90, 141)], (118, 10, 134, 104))
([(36, 124), (31, 159), (89, 34), (39, 16)], (80, 58, 3, 198))
([(166, 66), (167, 65), (169, 107)], (255, 239, 97, 167))
([(237, 99), (161, 136), (177, 108), (187, 91)], (29, 43, 87, 218))
([(181, 157), (60, 126), (175, 146), (100, 6), (11, 52)], (218, 226, 178, 90))
([(216, 53), (110, 133), (202, 8), (221, 5), (238, 1)], (165, 229, 164, 113))
([(88, 42), (172, 128), (145, 93), (105, 84)], (218, 53, 164, 150))
([(233, 30), (236, 13), (207, 16), (164, 159), (171, 45), (188, 106)], (206, 134, 83, 141))
([(57, 76), (63, 81), (119, 52), (160, 30)], (8, 52, 126, 188))
([(116, 29), (54, 15), (36, 11), (15, 24)], (5, 52, 43, 149))
([(237, 80), (198, 45), (206, 92)], (128, 252, 192, 121))
([(17, 156), (142, 179), (150, 75)], (81, 36, 106, 171))
([(0, 149), (2, 146), (26, 104), (2, 61)], (98, 47, 141, 148))
([(210, 131), (127, 84), (43, 37), (205, 94), (231, 101)], (53, 57, 122, 219))
([(116, 42), (189, 1), (193, 14), (215, 83), (227, 120), (239, 158), (116, 104)], (104, 121, 154, 142))
([(37, 82), (201, 109), (139, 27)], (14, 202, 25, 156))
([(192, 140), (161, 120), (84, 69), (2, 88)], (147, 218, 208, 51))
([(212, 133), (150, 122), (108, 16)], (11, 134, 226, 112))
([(27, 112), (93, 72), (216, 54), (114, 160)], (12, 21, 75, 91))
([(224, 169), (224, 169), (199, 148)], (224, 54, 109, 64))
([(67, 176), (101, 97), (115, 178)], (49, 41, 32, 103))
([(0, 136), (189, 93), (111, 115), (77, 139)], (1, 225, 224, 99))
([(49, 51), (217, 135), (210, 152), (209, 154), (199, 178)], (57, 20, 110, 167))
([(93, 97), (44, 158), (239, 177)], (210, 17, 1, 41))
([(237, 50), (126, 57), (25, 64), (227, 163)], (91, 130, 79, 77))
([(97, 104), (166, 82), (40, 55), (32, 53)], (207, 167, 111, 142))
([(206, 141), (239, 72), (205, 49), (210, 129), (215, 158)], (155, 150, 178, 103))
([(47, 40), (38, 49), (81, 120)], (60, 53, 238, 83))
([(14, 93), (1, 9), (157, 128)], (49, 247, 135, 33))
([(209, 154), (151, 137), (53, 107), (39, 131), (14, 175)], (61, 40, 21, 116))
([(45, 100), (200, 80), (150, 8)], (169, 240, 113, 170))
([(231, 93), (198, 137), (144, 31)], (191, 237, 197, 93))
([(160, 27), (150, 38), (185, 144)], (70, 223, 54, 244))
([(24, 4), (60, 34), (73, 45), (178, 95)], (216, 174, 178, 96))
([(64, 15), (181, 89), (59, 29)], (43, 33, 191, 179))
([(152, 46), (147, 150), (146, 171), (179, 63), (136, 97), (116, 101), (187, 97), (69, 47), (37, 33), (209, 104)], (39, 38, 170, 53))
([(142, 58), (164, 155), (150, 86), (142, 47)], (237, 240, 248, 165))
([(195, 7), (44, 144), (58, 39)], (106, 26, 96, 18))
([(47, 73), (128, 81), (148, 39)], (236, 246, 207, 212))
([(190, 141), (111, 127), (44, 22), (42, 164)], (44, 5, 6, 207))
([(190, 151), (110, 118), (226, 99)], (20, 167, 15, 161))
([(187, 177), (48, 61), (58, 60), (181, 180), (148, 48)], (23, 214, 163, 56))
([(199, 88), (116, 150), (131, 134), (142, 122)], (174, 226, 145, 89))
([(105, 170), (149, 173), (198, 176), (198, 117), (88, 81), (177, 20)], (48, 32, 24, 44))
([(18, 99), (38, 11), (64, 42), (171, 172)], (15, 25, 219, 9))
([(115, 92), (84, 95), (73, 85)], (230, 231, 240, 57))
([(25, 112), (4, 113), (25, 101), (38, 45)], (88, 141, 154, 153))
([(202, 1), (195, 31), (0, 119)], (73, 109, 200, 103))
([(227, 67), (65, 26), (70, 69), (77, 129)], (61, 50, 140, 252))
([(139, 41), (99, 66), (27, 11), (21, 9), (19, 9), (87, 120)], (204, 186, 142, 82))
([(47, 169), (150, 177), (148, 176)], (146, 233, 77, 22))
([(66, 100), (134, 67), (176, 103)], (195, 225, 145, 102))
([(32, 41), (63, 74), (69, 81), (110, 125), (216, 98)], (218, 245, 192, 218))
([(14, 22), (18, 55), (181, 25)], (94, 42, 197, 91))
([(166, 132), (73, 128), (145, 110)], (253, 140, 218, 244))
([(61, 139), (96, 164), (101, 168), (228, 98), (231, 96)], (62, 49, 53, 140))
([(140, 145), (198, 93), (215, 128)], (33, 48, 163, 88))
([(113, 67), (223, 133), (78, 83), (105, 101), (176, 147), (201, 30)], (55, 39, 223, 104))
([(16, 26), (128, 111), (139, 153)], (41, 95, 237, 134))
([(184, 162), (167, 27), (162, 52)], (121, 216, 97, 178))
([(147, 32), (153, 152), (79, 117), (77, 120), (46, 179)], (11, 28, 41, 137))
([(30, 18), (131, 27), (31, 8)], (112, 49, 131, 131))
([(188, 19), (36, 40), (142, 73)], (31, 104, 158, 133))
([(68, 64), (68, 85), (114, 72), (179, 53)], (25, 4, 22, 100))
([(160, 118), (171, 85), (158, 74)], (191, 232, 138, 118))
([(211, 123), (153, 89), (197, 119)], (208, 212, 61, 96))
([(235, 118), (233, 115), (209, 86), (197, 71), (140, 0), (146, 35)], (183, 139, 37, 46))
([(3, 90), (2, 109), (197, 99)], (2, 148, 10, 41))
([(210, 72), (183, 54), (119, 57), (26, 100), (40, 92)], (33, 202, 47, 87))
([(178, 49), (167, 55), (108, 139), (210, 145), (228, 172), (209, 168), (135, 150)], (39, 67, 106, 85))
([(39, 41), (41, 36), (54, 5), (181, 35)], (9, 37, 135, 19))
([(47, 39), (130, 60), (218, 82), (123, 116)], (107, 142, 48, 186))
([(131, 27), (59, 57), (87, 62)], (245, 173, 248, 124))
([(168, 105), (117, 113), (113, 113)], (193, 21, 194, 12))
([(147, 9), (146, 17), (146, 17), (36, 69)], (186, 236, 77, 84))
([(102, 154), (127, 13), (130, 22)], (6, 234, 0, 98))
([(175, 23), (236, 59), (117, 90)], (60, 232, 182, 25))
([(109, 24), (154, 41), (96, 70)], (238, 42, 69, 77))
([(43, 56), (151, 100), (128, 80), (56, 16)], (226, 129, 227, 138))
([(1, 70), (74, 88), (91, 63), (118, 24)], (198, 222, 235, 87))
([(216, 76), (200, 131), (21, 52)], (212, 214, 177, 116))
([(52, 60), (1, 141), (67, 78), (83, 63)], (80, 144, 141, 6))
([(9, 16), (10, 22), (26, 139), (239, 120)], (33, 9, 123, 66))
([(7, 165), (9, 138), (55, 48), (65, 28)], (98, 111, 107, 31))
([(81, 29), (85, 29), (173, 29), (147, 32)], (46, 12, 173, 95))
([(97, 165), (237, 178), (47, 19)], (99, 206, 21, 9))
([(189, 95), (135, 60), (46, 3), (35, 145), (26, 165)], (16, 0, 6, 85))
([(186, 98), (50, 98), (101, 150), (66, 56), (73, 38)], (116, 132, 214, 158))
([(140, 112), (100, 13), (71, 5)], (105, 167, 63, 49))
([(71, 83), (192, 87), (84, 17), (82, 167), (83, 169)], (164, 247, 170, 56))
([(13, 98), (112, 73), (152, 109)], (141, 52, 49, 29))
([(157, 24), (198, 33), (49, 27), (58, 15), (60, 12)], (37, 64, 121, 187))
([(33, 20), (55, 57), (22, 33)], (69, 109, 207, 51))
([(154, 67), (52, 89), (88, 49)], (64, 50, 94, 45))
([(120, 15), (118, 46), (116, 55), (101, 126)], (45, 135, 22, 51))
([(109, 14), (99, 98), (164, 60), (151, 66)], (27, 255, 137, 21))
([(183, 86), (193, 7), (100, 71)], (59, 75, 71, 14))
([(183, 115), (182, 115), (174, 112), (168, 110), (195, 101)], (255, 137, 185, 250))
([(9, 5), (179, 125), (12, 86), (69, 105), (169, 99), (185, 91), (217, 75), (108, 19), (53, 131)], (7, 57, 81, 91))
([(7, 82), (130, 137), (220, 175), (119, 17)], (152, 25, 17, 39))
([(29, 130), (35, 1), (188, 13), (190, 13), (191, 13)], (81, 59, 26, 19))
([(28, 3), (75, 37), (117, 67), (239, 154), (178, 94), (104, 22)], (54, 135, 181, 85))
([(70, 128), (75, 73), (146, 98), (182, 110)], (238, 223, 56, 128))
([(183, 174), (178, 108), (24, 180)], (30, 60, 107, 18))
([(34, 4), (126, 104), (96, 149), (84, 148), (59, 145)], (48, 120, 72, 79))
([(154, 164), (17, 174), (131, 139)], (17, 43, 13, 111))
([(234, 179), (201, 149), (184, 134), (140, 171), (44, 130)], (20, 65, 94, 115))
([(65, 36), (100, 98), (191, 123), (28, 52)], (119, 111, 132, 193))
([(43, 151), (15, 123), (21, 38)], (188, 245, 195, 40))
([(126, 115), (225, 156), (159, 37)], (187, 126, 70, 16))
([(203, 9), (83, 86), (239, 35)], (188, 241, 45, 7))
([(151, 165), (233, 102), (123, 62), (111, 58), (107, 56), (104, 55)], (40, 95, 70, 163))
([(191, 159), (149, 97), (224, 53), (234, 47)], (115, 83, 202, 86))
([(175, 148), (79, 150), (132, 72)], (121, 38, 201, 49))
([(126, 131), (93, 114), (91, 113), (84, 109), (59, 96), (86, 53), (145, 0)], (81, 176, 101, 112))
([(225, 47), (213, 127), (128, 88), (103, 76)], (124, 229, 110, 46))
([(190, 152), (60, 150), (59, 150), (53, 150), (53, 150), (44, 128)], (64, 9, 40, 137))
([(133, 52), (129, 52), (123, 51), (53, 47), (53, 47), (51, 65)], (223, 164, 224, 45))
([(180, 2), (56, 13), (81, 26), (136, 54)], (12, 40, 69, 35))
([(5, 121), (15, 117), (148, 70), (172, 9)], (2, 86, 64, 40))
([(184, 37), (192, 0), (129, 17), (105, 24)], (76, 42, 88, 58))
([(208, 114), (210, 100), (189, 98), (172, 97), (115, 92)], (159, 201, 125, 42))
([(19, 30), (222, 146), (218, 146), (31, 162), (62, 140), (121, 99), (216, 81)], (35, 89, 110, 77))
([(46, 129), (119, 15), (122, 10), (195, 63), (222, 83)], (123, 88, 252, 91))
([(148, 106), (81, 87), (65, 83), (137, 163)], (100, 152, 166, 121))
([(195, 166), (108, 26), (112, 39), (135, 115), (98, 59)], (173, 46, 47, 5))
