([(157, 102), (3, 149), (35, 29)], (23, 176, 132, 31))
([(240, 38), (236, 21), (195, 67), (136, 160)], (214, 241, 142, 199))
([(9, 126), (14, 41), (12, 43), (0, 53)], (178, 39, 245, 177))
([(23, 19), (124, 10), (153, 7), (91, 29)], (18, 224, 111, 60))
([(3, 108), (86, 34), (4, 147), (186, 122)], (21, 6, 100, 107))
([(72, 153), (72, 153), (72, 153), (72, 153)], (7, 9, 81, 248))
([(131, 160), (138, 140), (179, 21), (30, 138)], (241, 221, 248, 253))
([(24, 42), (76, 30), (86, 7)], (227, 20, 202, 50))
([(0, 121), (129, 132), (93, 81)], (187, 67, 211, 183))
([(239, 36), (183, 65), (238, 67)], (169, 208, 199, 143))
([(233, 140), (239, 52), (234, 15), (20, 79)], (183, 171, 236, 136))
([(62, 32), (1, 30), (10, 12), (10, 12)], (97, 121, 127, 60))
([(19, 152), (47, 156), (192, 177)], (73, 163, 149, 89))
([(158, 95), (228, 82), (201, 28), (30, 100)], (202, 90, 28, 168))
([(199, 41), (174, 136), (0, 116)], (254, 172, 143, 141))
([(87, 91), (15, 97), (227, 10)], (112, 99, 182, 29))
([(235, 1), (164, 74), (88, 152), (72, 169)], (29, 2, 252, 77))
([(237, 19), (107, 39), (55, 98), (239, 161), (240, 161)], (173, 246, 146, 45))
([(29, 81), (131, 126), (0, 131), (6, 131), (6, 131), (139, 117)], (199, 184, 167, 112))
([(78, 103), (185, 16), (2, 61)], (86, 114, 190, 247))
([(177, 71), (163, 11), (171, 45)], (171, 205, 251, 116))
([(90, 5), (114, 34), (59, 27), (20, 22)], (85, 243, 44, 227))
([(164, 12), (165, 114), (124, 135), (84, 156), (240, 118)], (136, 54, 221, 122))
([(3, 63), (57, 32), (141, 139)], (232, 186, 102, 238))
([(69, 159), (111, 15), (123, 115), (3, 28), (2, 109)], (116, 225, 237, 159))
([(202, 92), (179, 101), (232, 151), (211, 118), (213, 119)], (91, 19, 220, 9))
([(118, 13), (147, 28), (146, 29), (143, 32)], (199, 180, 53, 8))
([(117, 128), (149, 168), (157, 178), (146, 176), (192, 11)], (165, 63, 188, 71))
([(125, 38), (222, 52), (121, 149)], (6, 221, 209, 93))
([(31, 131), (142, 113), (9, 175)], (111, 160, 84, 30))
([(1, 102), (230, 79), (15, 103)], (185, 95, 253, 151))
([(180, 79), (129, 39), (137, 28)], (93, 229, 18, 203))
([(21, 38), (17, 20), (87, 136)], (122, 162, 45, 185))
([(183, 169), (203, 88), (96, 65)], (73, 135, 91, 37))
([(38, 4), (15, 1), (135, 101)], (67, 154, 81, 220))
([(2, 76), (0, 111), (2, 43)], (175, 252, 175, 95))
([(231, 15), (162, 46), (187, 24)], (158, 237, 203, 95))
([(224, 72), (224, 72), (93, 130)], (19, 162, 74, 194))
([(16, 70), (123, 124), (112, 49)], (21, 243, 185, 248))
([(118, 85), (48, 36), (139, 118), (160, 151)], (240, 84, 134, 185))
([(226, 171), (47, 48), (185, 177)], (225, 189, 242, 58))
([(222, 10), (96, 61), (137, 84), (161, 98)], (132, 169, 108, 128))
([(22, 171), (18, 160), (32, 18), (97, 55), (165, 93)], (7, 38, 62, 71))
([(111, 120), (196, 167), (124, 55)], (118, 78, 108, 133))
([(163, 85), (145, 179), (117, 100)], (151, 176, 63, 102))
([(30, 2), (10, 20), (237, 122), (239, 1), (239, 1), (239, 1)], (159, 146, 128, 173))
([(73, 67), (55, 63), (38, 59), (136, 160)], (182, 182, 111, 186))
([(31, 53), (197, 46), (158, 122), (225, 23)], (114, 237, 176, 227))
([(99, 169), (98, 179), (98, 179), (98, 179), (101, 179), (33, 178)], (204, 237, 179, 32))
([(211, 123), (153, 89), (197, 119)], (195, 212, 61, 43))
([(13, 56), (12, 36), (90, 75)], (162, 54, 25, 117))
([(213, 0), (4, 134), (3, 105), (2, 76), (1, 47), (1, 47), (152, 146), (202, 179)], (97, 132, 100, 196))
([(9, 66), (112, 19), (41, 136)], (159, 4, 8, 230))
([(41, 24), (13, 94), (106, 113), (59, 35), (59, 35), (59, 35)], (76, 8, 222, 226))
([(37, 141), (95, 41), (1, 137)], (201, 135, 236, 57))
([(234, 39), (208, 129), (239, 146), (197, 85), (239, 146), (235, 96), (232, 58)], (150, 129, 125, 84))
([(237, 80), (198, 45), (206, 92)], (149, 252, 192, 196))
([(160, 94), (54, 145), (3, 170), (88, 173), (184, 176), (230, 177)], (60, 159, 198, 34))
([(107, 65), (137, 137), (130, 137)], (248, 167, 226, 133))
([(239, 127), (236, 124), (146, 153)], (135, 174, 252, 148))
([(71, 84), (62, 94), (47, 79)], (114, 190, 243, 240))
([(39, 127), (78, 128), (65, 114), (11, 57)], (122, 229, 15, 202))
([(202, 64), (2, 125), (12, 55)], (161, 248, 65, 199))
([(95, 112), (8, 34), (0, 133)], (106, 206, 132, 85))
([(52, 93), (55, 114), (137, 65)], (70, 159, 226, 42))
([(232, 48), (48, 148), (75, 38)], (241, 149, 150, 79))
([(92, 88), (40, 65), (4, 82)], (38, 243, 196, 108))
([(226, 139), (84, 116), (238, 171)], (104, 91, 91, 179))
([(133, 73), (71, 122), (169, 107)], (255, 144, 97, 167))
([(47, 145), (53, 137), (53, 137), (36, 122)], (15, 207, 142, 199))
([(76, 58), (229, 107), (176, 143)], (175, 31, 176, 109))
([(5, 7), (121, 134), (118, 108), (106, 2), (86, 133)], (85, 91, 156, 203))
([(12, 74), (95, 10), (22, 8), (7, 7), (3, 7)], (81, 75, 118, 131))
([(169, 149), (95, 11), (46, 65)], (208, 81, 148, 120))
([(155, 26), (239, 107), (228, 117), (111, 89), (107, 120)], (35, 34, 141, 233))
([(14, 28), (3, 179), (57, 169), (65, 112)], (134, 223, 219, 42))
([(219, 14), (154, 26), (116, 53), (116, 53), (126, 38), (162, 138)], (213, 191, 83, 237))
([(197, 43), (134, 72), (31, 120), (219, 74)], (11, 9, 85, 186))
([(187, 177), (48, 61), (49, 61), (181, 180)], (23, 146, 163, 56))
([(38, 129), (54, 12), (184, 0), (124, 166)], (78, 20, 133, 153))
([(209, 139), (145, 115), (87, 93), (212, 179)], (97, 171, 118, 92))
([(22, 97), (17, 98), (122, 133)], (59, 106, 227, 159))
([(104, 96), (79, 23), (88, 16), (104, 3)], (108, 193, 86, 66))
([(197, 1), (197, 1), (164, 74), (178, 73), (105, 25)], (58, 78, 179, 186))
([(147, 161), (57, 87), (74, 64)], (241, 118, 152, 255))
([(125, 175), (184, 133), (102, 62), (0, 102)], (95, 157, 200, 105))
([(77, 179), (55, 16), (88, 31), (196, 82), (236, 101), (79, 96)], (65, 50, 87, 61))
([(110, 17), (60, 28), (205, 12)], (22, 108, 197, 91))
([(239, 42), (29, 115), (236, 138)], (13, 87, 127, 28))
([(84, 2), (126, 70), (31, 38)], (159, 236, 2, 197))
([(42, 74), (100, 99), (77, 55)], (113, 191, 187, 161))
([(111, 149), (99, 82), (81, 25)], (245, 174, 10, 173))
([(239, 77), (26, 114), (13, 116), (202, 136)], (179, 238, 195, 157))
([(89, 69), (75, 85), (31, 134), (72, 0), (107, 24), (228, 109)], (66, 76, 145, 198))
([(70, 70), (47, 103), (31, 22)], (9, 29, 192, 224))
([(81, 59), (203, 83), (168, 151), (189, 46), (212, 2)], (12, 62, 187, 142))
([(73, 97), (205, 69), (218, 21), (223, 3)], (151, 163, 67, 89))
([(24, 3), (50, 48), (9, 3)], (121, 139, 179, 163))
([(218, 49), (198, 167), (226, 174), (228, 174)], (35, 83, 110, 151))
([(178, 1), (105, 0), (91, 0), (83, 0), (75, 13)], (120, 41, 168, 125))
([(39, 132), (49, 28), (233, 68), (36, 118), (173, 86)], (28, 36, 91, 242))
([(24, 4), (163, 178), (73, 45), (178, 95)], (216, 174, 178, 96))
([(112, 115), (137, 81), (172, 34), (18, 15), (35, 104), (37, 115), (78, 2)], (143, 155, 209, 140))
([(44, 149), (57, 135), (163, 24), (238, 107)], (1, 1, 82, 61))
([(25, 112), (235, 77), (25, 101), (31, 143)], (88, 141, 154, 153))
([(107, 55), (41, 67), (151, 141), (237, 33), (237, 33)], (180, 165, 52, 75))
([(36, 22), (32, 120), (91, 73), (71, 22)], (121, 128, 78, 154))
([(231, 82), (199, 77), (126, 45), (210, 131)], (231, 218, 112, 181))
([(133, 126), (57, 177), (0, 15)], (100, 169, 119, 4))
([(5, 110), (190, 122), (190, 122)], (81, 62, 75, 166))
([(25, 80), (222, 167), (199, 148)], (224, 54, 109, 64))
([(56, 22), (60, 86), (224, 15)], (73, 97, 135, 9))
([(44, 177), (185, 126), (29, 133), (78, 77)], (92, 24, 46, 138))
([(145, 6), (240, 8), (110, 1), (76, 20)], (13, 176, 97, 66))
([(10, 133), (0, 17), (238, 161), (126, 59)], (88, 42, 218, 80))
([(79, 89), (12, 145), (25, 140), (65, 60)], (107, 161, 114, 49))
([(94, 92), (197, 42), (94, 58), (43, 12)], (72, 128, 13, 225))
([(179, 37), (235, 158), (169, 30)], (116, 151, 80, 40))
([(190, 94), (176, 117), (176, 117)], (118, 195, 61, 104))
([(202, 1), (195, 31), (96, 4)], (73, 109, 200, 103))
([(16, 26), (192, 156), (139, 153)], (41, 95, 237, 134))
([(36, 124), (31, 159), (35, 150), (89, 34), (39, 16)], (80, 58, 3, 229))
([(148, 95), (137, 62), (127, 153)], (168, 42, 214, 117))
([(212, 133), (148, 138), (108, 16)], (11, 134, 226, 112))
([(181, 157), (60, 126), (175, 146), (100, 6), (11, 52)], (218, 226, 178, 90))
([(216, 53), (110, 133), (202, 8), (221, 5), (238, 1)], (165, 229, 164, 113))
([(97, 104), (166, 82), (40, 55), (32, 53)], (207, 167, 111, 142))
([(88, 42), (140, 41), (145, 93)], (218, 53, 164, 178))
([(231, 93), (198, 137), (150, 43), (144, 31)], (191, 237, 197, 93))
([(233, 30), (207, 16), (185, 89), (164, 159)], (206, 134, 83, 141))
([(237, 99), (161, 136), (79, 81)], (29, 43, 87, 218))
([(69, 146), (167, 121), (160, 30)], (208, 52, 126, 37))
([(116, 29), (36, 11), (15, 24)], (5, 52, 237, 149))
([(17, 156), (142, 179), (150, 75)], (81, 36, 106, 108))
([(0, 149), (2, 146), (26, 104), (2, 61)], (98, 79, 141, 148))
([(102, 154), (164, 82), (130, 22)], (6, 234, 0, 203))
([(210, 131), (131, 165), (231, 101)], (53, 57, 122, 225))
([(116, 42), (193, 14), (215, 83), (227, 120), (239, 158), (239, 158), (116, 104)], (104, 121, 154, 142))
([(161, 120), (84, 69), (2, 88)], (147, 218, 208, 51))
([(67, 176), (101, 97), (114, 172), (115, 178)], (49, 41, 32, 140))
([(59, 64), (209, 179), (169, 38)], (71, 107, 4, 211))
([(46, 45), (67, 78), (43, 69)], (87, 119, 141, 31))
([(0, 136), (189, 93), (238, 74), (77, 139)], (105, 225, 224, 99))
([(49, 51), (217, 135), (210, 152), (199, 178)], (57, 20, 110, 120))
([(93, 97), (44, 158), (239, 177)], (209, 17, 1, 41))
([(43, 151), (15, 123), (21, 38)], (188, 245, 195, 40))
([(27, 112), (33, 108), (93, 72), (216, 54), (114, 160)], (12, 21, 75, 91))
([(37, 82), (201, 109), (96, 61), (68, 48)], (14, 68, 25, 156))
([(75, 57), (81, 61), (106, 64), (189, 76)], (74, 138, 191, 161))
([(195, 74), (170, 119), (122, 135)], (97, 177, 120, 142))
([(237, 50), (126, 57), (25, 64), (227, 163)], (91, 130, 79, 77))
([(206, 141), (212, 128), (239, 72), (205, 49), (215, 158)], (155, 150, 182, 103))
([(225, 177), (237, 178), (47, 19)], (99, 206, 18, 22))
([(47, 40), (38, 49), (81, 120)], (60, 53, 238, 83))
([(14, 93), (1, 9), (157, 128)], (49, 225, 135, 33))
([(151, 137), (53, 107), (39, 131), (14, 175)], (61, 40, 21, 116))
([(45, 100), (190, 66), (150, 8)], (169, 240, 178, 170))
([(160, 27), (133, 50), (112, 67), (143, 122), (155, 143)], (70, 223, 54, 244))
([(79, 52), (154, 149), (154, 149), (154, 149), (143, 124)], (17, 60, 227, 1))
([(118, 110), (148, 30), (219, 9)], (163, 30, 186, 9))
([(147, 28), (78, 150), (165, 82)], (50, 27, 146, 148))
([(202, 162), (112, 73), (152, 109)], (141, 52, 49, 29))
([(145, 79), (55, 67), (59, 29)], (43, 174, 28, 179))
([(104, 24), (155, 160), (227, 135), (216, 116), (142, 27), (89, 43), (136, 42), (3, 85), (88, 4)], (26, 81, 243, 36))
([(143, 160), (142, 160), (16, 136), (47, 137)], (39, 161, 246, 66))
([(147, 150), (146, 171), (62, 149), (116, 101), (92, 96), (69, 47), (37, 33), (76, 49), (209, 104)], (39, 38, 170, 53))
([(150, 86), (61, 58), (142, 47)], (238, 157, 210, 121))
([(195, 7), (80, 111), (58, 39)], (106, 60, 96, 18))
([(190, 141), (111, 127), (44, 22), (42, 164)], (44, 5, 6, 207))
([(190, 151), (180, 120), (226, 99)], (20, 167, 15, 122))
([(234, 179), (201, 149), (184, 134), (140, 171)], (20, 65, 94, 115))
([(3, 90), (2, 109), (121, 103), (197, 99)], (2, 148, 44, 41))
([(105, 170), (149, 173), (198, 176), (198, 117), (88, 81), (177, 20)], (48, 32, 24, 44))
([(66, 100), (210, 88), (113, 113)], (193, 21, 194, 2))
([(199, 88), (131, 134), (142, 122)], (174, 226, 145, 135))
([(38, 11), (43, 17), (64, 42), (200, 142)], (15, 25, 219, 9))
([(140, 35), (168, 132), (136, 161)], (78, 80, 244, 74))
([(164, 126), (199, 72), (213, 100)], (138, 177, 119, 224))
([(227, 67), (65, 26), (77, 129)], (61, 50, 140, 252))
([(139, 41), (99, 66), (27, 11), (166, 35), (144, 31), (19, 9), (87, 120)], (168, 186, 142, 82))
([(47, 169), (150, 177), (150, 177), (148, 176)], (103, 233, 77, 37))
([(113, 67), (223, 133), (207, 128), (78, 83), (105, 101), (176, 147), (201, 30)], (55, 80, 223, 104))
([(66, 100), (134, 67), (169, 97), (176, 103)], (195, 225, 145, 103))
([(32, 41), (58, 69), (63, 74), (69, 81), (110, 125), (216, 98)], (218, 245, 192, 236))
([(14, 22), (18, 55), (181, 25)], (94, 42, 197, 91))
([(166, 132), (94, 129), (73, 128), (145, 110)], (253, 140, 218, 244))
([(61, 139), (96, 164), (101, 168), (228, 98), (231, 96)], (62, 6, 53, 140))
([(184, 162), (167, 27), (165, 37), (163, 47), (162, 52)], (121, 153, 97, 178))
([(147, 32), (153, 152), (79, 117), (108, 148), (46, 179)], (11, 28, 41, 137))
([(30, 18), (86, 23), (131, 27), (31, 8)], (112, 49, 131, 83))
([(188, 19), (114, 29), (36, 40), (142, 73)], (31, 104, 158, 133))
([(68, 64), (68, 85), (114, 72), (136, 66), (178, 53), (179, 53)], (25, 4, 22, 225))
([(160, 118), (171, 85), (158, 74)], (224, 232, 138, 125))
([(235, 118), (233, 115), (209, 86), (197, 71), (140, 0), (146, 35)], (183, 139, 37, 44))
([(210, 72), (183, 54), (137, 56), (26, 100), (40, 92)], (33, 202, 47, 87))
([(234, 161), (100, 13), (71, 5)], (105, 167, 63, 49))
([(7, 82), (17, 86), (130, 137), (220, 175), (119, 17)], (152, 25, 17, 39))
([(178, 49), (167, 55), (108, 139), (210, 145), (228, 172), (209, 168), (135, 150)], (39, 67, 106, 85))
([(39, 41), (41, 36), (54, 5), (181, 35)], (9, 37, 135, 19))
([(47, 73), (128, 81), (148, 39)], (229, 246, 207, 161))
([(47, 39), (130, 60), (218, 82), (123, 116)], (107, 142, 48, 186))
([(131, 27), (126, 29), (59, 57), (87, 62)], (245, 173, 72, 124))
([(147, 9), (146, 17), (146, 17), (36, 69)], (186, 236, 77, 84))
([(109, 24), (154, 41), (88, 153)], (238, 42, 69, 77))
([(43, 56), (151, 100), (128, 80), (56, 16)], (226, 129, 227, 138))
([(1, 70), (74, 88), (118, 24)], (198, 222, 235, 87))
([(29, 130), (33, 44), (35, 1), (188, 13), (191, 18), (191, 13)], (81, 59, 26, 19))
([(216, 76), (200, 131), (196, 129), (21, 52)], (212, 214, 177, 116))
([(33, 20), (55, 57), (22, 33)], (69, 109, 207, 51))
([(9, 16), (10, 22), (26, 139), (239, 120)], (33, 9, 123, 66))
([(7, 165), (9, 138), (118, 41)], (151, 111, 107, 31))
([(81, 29), (173, 29), (147, 32)], (46, 12, 173, 95))
([(189, 95), (135, 60), (46, 3), (35, 145), (26, 165)], (16, 0, 6, 85))
([(186, 98), (50, 98), (101, 150), (66, 56), (73, 38)], (98, 132, 214, 158))
([(115, 92), (84, 95), (77, 89), (73, 85)], (230, 231, 240, 228))
([(71, 83), (192, 87), (84, 17), (82, 167), (83, 169)], (164, 247, 136, 56))
([(154, 67), (52, 89), (88, 49)], (64, 50, 146, 171))
([(8, 7), (81, 125), (103, 128), (234, 135)], (128, 100, 158, 54))
([(120, 15), (116, 55), (101, 126)], (45, 135, 22, 51))
([(183, 86), (193, 7), (103, 54)], (59, 75, 71, 14))
([(140, 145), (198, 93), (215, 128)], (33, 48, 163, 88))
([(28, 167), (113, 26), (124, 8), (61, 127)], (105, 77, 25, 56))
([(183, 115), (182, 115), (168, 110), (128, 70), (195, 101)], (251, 137, 207, 250))
([(175, 23), (236, 59), (117, 90)], (60, 232, 182, 25))
([(9, 5), (179, 125), (12, 86), (69, 105), (169, 99), (185, 91), (217, 75), (108, 19), (53, 131)], (7, 57, 81, 91))
([(28, 3), (75, 37), (239, 154), (178, 94), (104, 22)], (57, 135, 181, 85))
([(70, 128), (75, 73), (146, 98), (182, 110)], (238, 223, 56, 128))
([(65, 36), (100, 98), (191, 123), (28, 52)], (119, 111, 132, 193))
([(105, 103), (225, 156), (159, 37)], (187, 126, 70, 16))
([(34, 4), (126, 104), (96, 149), (102, 129), (59, 145)], (48, 120, 72, 79))
([(203, 9), (83, 86), (239, 35)], (188, 241, 45, 7))
([(151, 165), (233, 102), (123, 62), (111, 58), (107, 56), (107, 56), (104, 55)], (40, 95, 70, 163))
([(154, 164), (17, 174), (56, 162), (131, 139)], (17, 43, 13, 111))
([(191, 159), (149, 97), (224, 53), (234, 47)], (115, 83, 202, 86))
([(175, 148), (79, 150), (80, 149), (132, 72)], (106, 38, 201, 49))
([(126, 131), (91, 113), (84, 109), (59, 96), (86, 53), (145, 0)], (81, 176, 101, 79))
([(157, 24), (198, 33), (49, 27), (56, 17), (60, 12)], (37, 64, 121, 187))
([(183, 174), (178, 121), (24, 180)], (30, 60, 107, 18))
([(225, 47), (213, 127), (128, 88)], (124, 229, 110, 46))
([(190, 152), (60, 150), (53, 140), (44, 128)], (64, 19, 40, 137))
([(133, 52), (129, 52), (53, 47), (53, 47), (51, 65)], (152, 164, 224, 45))
([(109, 14), (99, 98), (162, 61), (164, 60)], (27, 255, 137, 21))
([(5, 121), (9, 119), (15, 117), (148, 70), (172, 9)], (2, 86, 64, 40))
([(184, 37), (192, 0), (105, 24)], (76, 42, 88, 59))
([(208, 114), (210, 100), (189, 98), (172, 97), (51, 61)], (159, 201, 125, 42))
([(19, 30), (222, 146), (218, 146), (31, 162), (62, 140), (121, 99), (216, 81)], (35, 89, 110, 77))
([(46, 129), (119, 15), (122, 10), (154, 33), (195, 63), (222, 83)], (123, 88, 252, 91))
([(180, 2), (56, 13), (136, 54)], (12, 40, 69, 35))
([(148, 106), (81, 87), (65, 83), (129, 154)], (100, 152, 166, 121))
([(195, 166), (44, 25), (112, 39), (135, 115)], (135, 46, 47, 15))
