([(73, 237), (46, 50), (99, 122), (153, 222), (158, 231)], (51, 127, 232, 223))
([(14, 141), (70, 73), (8, 188), (1, 201)], (199, 125, 238, 94))
([(74, 230), (100, 230), (180, 228), (176, 201), (162, 108)], (246, 80, 41, 152))
([(162, 163), (109, 181), (73, 116), (22, 0)], (150, 106, 156, 98))
([(178, 140), (157, 208), (143, 211), (148, 212)], (252, 45, 159, 214))
([(135, 178), (48, 237), (102, 133)], (60, 204, 226, 251))
([(103, 240), (89, 81), (133, 201), (12, 67)], (197, 89, 113, 30))
([(1, 81), (29, 116), (124, 235), (165, 77), (18, 153)], (62, 66, 243, 90))
([(36, 77), (111, 121), (128, 131), (34, 108), (84, 236)], (120, 240, 113, 247))
([(149, 192), (151, 160), (124, 233)], (94, 226, 117, 126))
([(50, 228), (111, 239), (117, 240), (124, 175)], (223, 243, 220, 255))
([(161, 87), (0, 16), (0, 73)], (177, 173, 28, 230))
([(129, 34), (121, 221), (139, 101)], (199, 240, 46, 95))
([(93, 215), (73, 131), (154, 2)], (175, 147, 128, 112))
([(110, 135), (131, 75), (55, 61), (117, 28), (22, 4), (9, 1), (4, 0)], (127, 80, 204, 237))
([(39, 76), (124, 93), (130, 233), (130, 233)], (190, 254, 252, 226))
([(149, 158), (129, 184), (137, 145)], (119, 106, 161, 216))
([(80, 71), (67, 239), (122, 159), (47, 217), (161, 237)], (156, 141, 160, 178))
([(123, 220), (82, 48), (112, 100), (142, 152)], (39, 161, 226, 129))
([(165, 78), (75, 1), (62, 94)], (251, 233, 94, 248))
([(118, 25), (164, 8), (155, 20)], (102, 171, 35, 107))
([(162, 100), (179, 40), (47, 238)], (239, 161, 80, 249))
([(3, 28), (112, 165), (126, 183), (1, 106)], (194, 232, 60, 217))
([(138, 102), (134, 96), (82, 66), (82, 19), (5, 15)], (100, 124, 22, 59))
([(1, 133), (3, 11), (3, 11), (3, 11), (30, 19), (89, 36)], (88, 228, 201, 142))
([(169, 194), (170, 230), (171, 230), (173, 231), (177, 232), (157, 58)], (219, 222, 30, 239))
([(98, 178), (74, 216), (33, 117), (24, 95)], (249, 79, 194, 197))
([(92, 186), (52, 219), (59, 45)], (189, 30, 60, 211))
([(172, 50), (138, 234), (122, 203), (58, 78)], (77, 254, 232, 254))
([(20, 240), (155, 237), (108, 15)], (226, 139, 89, 167))
([(155, 69), (85, 16), (92, 20), (172, 69), (0, 151), (75, 234)], (186, 67, 24, 171))
([(34, 86), (75, 174), (96, 166), (111, 160)], (195, 40, 92, 250))
([(79, 84), (71, 137), (32, 208)], (221, 160, 5, 218))
([(23, 18), (12, 55), (10, 62), (154, 184)], (27, 86, 213, 155))
([(177, 26), (90, 187), (83, 98)], (234, 135, 19, 255))
([(101, 239), (166, 187), (41, 229)], (44, 135, 255, 211))
([(179, 239), (145, 88), (43, 4), (161, 235)], (228, 187, 90, 48))
([(27, 2), (117, 3), (118, 3), (148, 4), (116, 72), (69, 172)], (74, 59, 142, 232))
([(180, 75), (102, 137), (97, 144)], (45, 114, 64, 149))
([(127, 205), (44, 238), (11, 155)], (171, 100, 245, 208))
([(144, 1), (126, 0), (75, 120), (60, 155)], (180, 195, 213, 104))
([(54, 65), (99, 169), (5, 64)], (97, 180, 227, 182))
([(179, 6), (166, 55), (136, 168), (21, 112)], (73, 246, 228, 155))
([(104, 196), (17, 237), (12, 239), (12, 239), (13, 234), (144, 1)], (114, 213, 133, 77))
([(179, 210), (128, 216), (0, 230), (159, 28)], (158, 110, 190, 229))
([(147, 211), (73, 8), (103, 191)], (219, 241, 89, 252))
([(108, 128), (94, 129), (70, 130)], (198, 96, 21, 64))
([(89, 111), (21, 238), (118, 111)], (118, 120, 181, 101))
([(106, 151), (21, 54), (14, 137), (9, 197)], (8, 91, 99, 84))
([(144, 49), (50, 26), (7, 16), (2, 233)], (244, 223, 158, 97))
([(29, 173), (171, 47), (176, 43)], (109, 243, 156, 30))
([(147, 49), (139, 36), (78, 55)], (4, 222, 99, 228))
([(87, 192), (23, 227), (40, 123)], (222, 193, 117, 130))
([(98, 81), (85, 65), (99, 109), (160, 66)], (197, 207, 252, 199))
([(3, 202), (25, 92), (101, 208), (86, 99)], (174, 73, 210, 189))
([(5, 237), (108, 198), (7, 88)], (2, 155, 199, 238))
([(163, 225), (73, 91), (72, 90), (4, 24)], (105, 167, 250, 34))
([(84, 154), (108, 79), (125, 3)], (139, 42, 174, 206))
([(132, 178), (135, 235), (135, 235), (130, 156)], (237, 94, 103, 155))
([(29, 228), (116, 191), (95, 228), (95, 228), (92, 231), (83, 238), (81, 240), (59, 240)], (211, 234, 247, 241))
([(180, 231), (63, 123), (130, 72)], (139, 212, 102, 205))
([(11, 223), (174, 147), (159, 229)], (75, 6, 110, 85))
([(60, 66), (60, 66), (62, 38), (63, 24), (0, 3), (29, 168), (1, 41)], (177, 121, 246, 214))
([(26, 31), (37, 36), (55, 80), (44, 46)], (251, 247, 5, 179))
([(67, 109), (93, 131), (115, 83), (74, 232)], (147, 119, 158, 51))
([(23, 59), (95, 61), (99, 61), (145, 62), (159, 23), (179, 232)], (216, 172, 34, 207))
([(102, 184), (68, 139), (120, 95), (176, 194)], (1, 9, 194, 40))
([(54, 58), (160, 9), (160, 239), (160, 239), (160, 239)], (249, 253, 74, 230))
([(110, 225), (64, 51), (23, 121), (78, 29)], (5, 107, 197, 205))
([(139, 13), (130, 171), (170, 2), (133, 6), (122, 9), (135, 99)], (245, 67, 41, 206))
([(85, 78), (25, 172), (125, 175)], (27, 49, 239, 239))
([(150, 222), (89, 183), (154, 240)], (241, 128, 250, 252))
([(1, 228), (12, 173), (27, 98), (79, 240), (174, 236)], (98, 116, 198, 207))
([(136, 178), (173, 191), (177, 206), (108, 145)], (140, 232, 249, 239))
([(56, 97), (64, 231), (18, 234)], (21, 174, 141, 73))
([(108, 152), (20, 85), (3, 201)], (46, 74, 238, 184))
([(127, 196), (171, 80), (35, 29), (0, 166)], (55, 234, 113, 225))
([(111, 140), (119, 119), (120, 116), (39, 62), (133, 67), (174, 68)], (249, 16, 36, 9))
([(80, 199), (174, 204), (163, 227), (162, 229), (159, 235)], (192, 217, 224, 180))
([(77, 176), (81, 170), (74, 24)], (158, 98, 219, 154))
([(86, 235), (66, 154), (55, 156), (109, 12)], (16, 183, 109, 16))
([(149, 235), (11, 238), (22, 107)], (88, 208, 247, 88))
([(79, 152), (0, 207), (5, 121), (6, 104)], (99, 218, 218, 156))
([(69, 238), (169, 16), (180, 151)], (209, 103, 67, 249))
([(179, 13), (103, 98), (26, 226), (6, 5)], (233, 203, 229, 241))
([(32, 139), (26, 105), (159, 208), (48, 149)], (57, 244, 182, 184))
([(68, 185), (48, 238), (178, 213)], (145, 155, 176, 55))
([(78, 93), (45, 240), (46, 238), (47, 237)], (164, 229, 98, 142))
([(92, 188), (85, 98), (111, 154), (116, 119)], (244, 0, 247, 185))
([(98, 213), (148, 42), (101, 204)], (20, 153, 2, 76))
([(0, 133), (151, 3), (158, 30), (5, 42)], (200, 194, 141, 255))
([(146, 235), (56, 234), (58, 218), (71, 114), (85, 2)], (244, 214, 89, 162))
([(43, 48), (48, 56), (34, 27)], (68, 169, 234, 194))
([(147, 6), (15, 2), (72, 84), (44, 49)], (174, 66, 158, 199))
([(29, 173), (114, 151), (69, 141)], (117, 7, 88, 182))
([(62, 73), (16, 224), (16, 209)], (35, 60, 27, 170))
([(129, 195), (131, 190), (134, 182), (180, 59), (142, 13)], (217, 81, 153, 231))
([(20, 240), (18, 156), (15, 30), (89, 124)], (84, 220, 243, 117))
([(163, 182), (3, 18), (8, 129)], (218, 199, 217, 178))
([(135, 232), (108, 193), (64, 130), (32, 84)], (244, 175, 58, 82))
([(171, 41), (159, 39), (34, 15), (149, 0)], (220, 27, 172, 160))
([(129, 114), (45, 2), (49, 3), (118, 13)], (123, 63, 14, 163))
([(130, 50), (75, 1), (25, 88)], (137, 9, 28, 173))
([(177, 209), (134, 113), (169, 53), (170, 51)], (239, 147, 192, 175))
([(96, 55), (64, 100), (20, 163), (0, 208)], (96, 174, 180, 223))
([(83, 157), (87, 188), (131, 113), (96, 148), (49, 195)], (185, 101, 42, 166))
([(40, 204), (36, 19), (107, 40)], (80, 106, 29, 189))
([(53, 173), (65, 167), (110, 145), (112, 46)], (58, 129, 132, 194))
([(158, 12), (18, 61), (75, 10)], (185, 177, 49, 239))
([(91, 6), (76, 133), (36, 126), (21, 5), (158, 101)], (246, 251, 199, 254))
([(129, 60), (17, 158), (36, 208)], (142, 168, 145, 30))
([(165, 211), (179, 96), (36, 175)], (253, 246, 238, 188))
([(172, 234), (15, 66), (122, 4), (3, 54), (162, 26)], (144, 199, 15, 9))
([(48, 40), (82, 46), (83, 31)], (170, 98, 20, 208))
([(104, 126), (126, 108), (89, 214)], (31, 50, 6, 57))
([(154, 240), (177, 136), (107, 220)], (208, 223, 178, 20))
([(46, 211), (45, 188), (48, 194)], (187, 142, 179, 2))
([(12, 92), (32, 27), (173, 48), (178, 81), (179, 88), (176, 124), (179, 200)], (218, 181, 253, 237))
([(111, 111), (79, 20), (54, 215)], (192, 207, 203, 48))
([(53, 52), (14, 150), (179, 240)], (38, 174, 74, 16))
([(35, 240), (109, 239), (62, 137), (11, 27), (10, 38)], (187, 249, 219, 219))
([(131, 13), (164, 122), (61, 60)], (55, 143, 126, 140))
([(105, 192), (155, 229), (17, 20), (85, 53), (106, 63)], (233, 178, 172, 86))
([(136, 227), (100, 213), (104, 58), (174, 202)], (148, 196, 174, 253))
([(18, 174), (30, 152), (135, 119)], (82, 227, 133, 116))
([(97, 36), (24, 27), (122, 96)], (165, 173, 210, 65))
([(169, 47), (132, 140), (67, 3)], (249, 184, 11, 8))
([(140, 36), (97, 99), (141, 239)], (116, 138, 197, 192))
([(15, 168), (26, 153), (111, 38), (6, 16), (6, 16)], (204, 236, 238, 232))
([(0, 175), (112, 158), (0, 99)], (175, 215, 246, 245))
([(72, 192), (131, 49), (31, 148)], (27, 230, 206, 41))
([(8, 172), (35, 101), (98, 62), (91, 61), (79, 60), (43, 57), (26, 55), (5, 45)], (209, 231, 221, 147))
([(161, 180), (155, 173), (94, 105)], (33, 19, 13, 188))
([(146, 232), (109, 225), (137, 57), (75, 74), (141, 80)], (184, 251, 228, 195))
([(128, 8), (22, 6), (25, 1)], (219, 254, 228, 68))
([(17, 223), (109, 232), (153, 236), (156, 236), (179, 128)], (226, 239, 139, 145))
([(97, 144), (171, 117), (177, 187)], (213, 223, 5, 148))
([(27, 212), (107, 138), (161, 88), (31, 1)], (166, 227, 162, 244))
([(93, 226), (98, 209), (98, 209)], (233, 152, 9, 171))
([(85, 161), (164, 237), (136, 236)], (220, 220, 212, 197))
([(14, 207), (0, 203), (19, 114), (19, 114)], (18, 119, 194, 118))
([(36, 2), (113, 210), (24, 239)], (187, 204, 239, 119))
([(126, 150), (139, 92), (43, 84)], (90, 191, 68, 204))
([(15, 3), (6, 102), (76, 208), (105, 16)], (251, 242, 218, 225))
([(16, 81), (160, 219), (132, 240)], (212, 203, 212, 247))
([(58, 238), (3, 168), (166, 1), (89, 111), (106, 74), (91, 73), (25, 27)], (248, 204, 173, 140))
([(4, 175), (92, 72), (108, 53), (98, 79), (37, 235)], (2, 51, 98, 195))
([(165, 90), (86, 171), (128, 34)], (215, 155, 35, 126))
([(114, 50), (147, 151), (92, 155), (0, 161)], (245, 231, 234, 195))
([(173, 24), (16, 62), (112, 1)], (236, 210, 15, 166))
([(176, 214), (147, 191), (136, 121), (122, 31)], (240, 50, 246, 22))
([(176, 182), (43, 28), (79, 99)], (71, 42, 69, 143))
([(164, 190), (175, 10), (20, 123), (59, 33), (129, 12), (167, 1)], (232, 82, 41, 197))
([(49, 57), (73, 60), (91, 62), (70, 7)], (144, 100, 124, 208))
([(165, 239), (177, 34), (179, 0), (94, 26)], (226, 90, 55, 227))
([(162, 150), (74, 126), (72, 70), (72, 70)], (103, 51, 164, 162))
([(162, 1), (130, 46), (94, 32), (85, 28), (87, 93), (97, 14)], (234, 145, 51, 208))
([(160, 100), (128, 136), (131, 143), (147, 178), (166, 220)], (127, 192, 224, 194))
([(158, 138), (32, 47), (128, 135)], (131, 61, 151, 10))
([(11, 26), (14, 132), (1, 107)], (183, 178, 250, 92))
([(43, 45), (72, 145), (6, 138)], (7, 102, 111, 231))
([(147, 201), (107, 146), (53, 70)], (65, 167, 65, 37))
([(17, 134), (67, 226), (8, 98)], (228, 151, 235, 84))
([(160, 219), (44, 200), (67, 17), (67, 17), (67, 17), (69, 1), (15, 222), (8, 227), (5, 229), (0, 232)], (108, 224, 151, 218))
([(39, 84), (73, 109), (22, 52)], (231, 244, 190, 204))
([(21, 117), (146, 215), (125, 95)], (110, 210, 250, 25))
([(14, 233), (106, 203), (152, 184), (12, 217)], (92, 72, 107, 203))
([(2, 136), (99, 166), (7, 176)], (208, 251, 244, 251))
([(169, 91), (139, 166), (133, 152), (120, 123), (110, 100)], (172, 14, 245, 88))
([(17, 2), (97, 38), (178, 71), (135, 228), (149, 149), (170, 30)], (234, 203, 233, 215))
([(42, 228), (106, 23), (58, 158), (2, 207)], (49, 180, 226, 222))
([(53, 56), (133, 22), (149, 84)], (51, 133, 93, 70))
([(44, 74), (90, 124), (150, 117)], (181, 26, 122, 91))
([(150, 154), (12, 6), (1, 154)], (221, 219, 221, 186))
([(178, 124), (52, 12), (51, 16), (30, 109)], (94, 26, 53, 140))
([(166, 219), (99, 134), (53, 75), (36, 17), (42, 11)], (211, 86, 176, 229))
([(52, 223), (58, 22), (72, 57)], (238, 194, 84, 65))
([(88, 121), (61, 98), (140, 78), (171, 70)], (158, 72, 252, 205))
([(71, 139), (72, 136), (93, 76)], (187, 212, 115, 167))
([(165, 128), (12, 135), (126, 219), (13, 136), (97, 192)], (244, 242, 251, 180))
([(2, 61), (3, 58), (13, 32), (64, 196)], (226, 229, 251, 203))
([(87, 210), (177, 183), (170, 110)], (32, 80, 222, 37))
([(47, 190), (139, 128), (159, 116)], (79, 234, 71, 82))
([(58, 126), (127, 66), (137, 119), (165, 40), (168, 31), (175, 8)], (195, 58, 107, 121))
([(144, 222), (105, 240), (53, 235), (94, 26)], (213, 238, 157, 199))
([(130, 65), (71, 127), (12, 72)], (104, 56, 131, 190))
([(156, 108), (110, 233), (156, 222), (160, 221), (164, 220)], (221, 244, 167, 254))
([(3, 233), (31, 234), (31, 234), (32, 234), (41, 234), (90, 171)], (52, 157, 199, 224))
([(59, 34), (85, 49), (135, 79)], (108, 223, 232, 20))
([(0, 140), (18, 55), (156, 150)], (240, 238, 188, 122))
([(180, 120), (75, 67), (83, 62), (153, 22), (167, 10)], (199, 112, 245, 155))
([(29, 78), (135, 163), (97, 46)], (59, 224, 11, 36))
([(178, 171), (180, 155), (180, 155), (66, 97), (54, 119), (54, 119)], (254, 34, 81, 232))
([(62, 32), (160, 98), (179, 111)], (239, 211, 142, 89))
([(160, 98), (71, 87), (38, 108)], (67, 71, 176, 8))
([(177, 158), (180, 25), (45, 189)], (171, 80, 16, 244))
([(177, 192), (149, 129), (85, 182)], (142, 217, 149, 33))
([(166, 237), (162, 237), (56, 237), (168, 196)], (219, 167, 251, 99))
([(92, 170), (150, 180), (160, 170), (165, 127), (179, 5), (148, 7)], (245, 74, 46, 212))
([(79, 159), (132, 113), (179, 73), (0, 71)], (52, 91, 136, 212))
([(170, 58), (169, 62), (161, 93), (161, 93), (84, 92)], (239, 26, 160, 227))
([(27, 174), (33, 235), (59, 198), (64, 191), (74, 177)], (15, 0, 132, 110))
([(77, 161), (52, 187), (22, 218), (3, 237), (74, 93), (97, 46)], (53, 138, 251, 219))
([(161, 212), (44, 74), (15, 90), (2, 128)], (253, 227, 248, 246))
([(45, 231), (26, 99), (101, 205)], (249, 232, 249, 196))
([(64, 19), (46, 28), (42, 26)], (191, 109, 32, 195))
([(31, 236), (68, 153), (11, 234), (3, 155), (0, 126)], (116, 223, 207, 97))
([(131, 191), (145, 170), (179, 120), (40, 140), (48, 162)], (254, 107, 56, 189))
([(16, 238), (51, 95), (142, 89)], (98, 182, 212, 75))
([(68, 178), (62, 143), (56, 26)], (183, 84, 62, 156))
([(45, 45), (48, 112), (79, 150)], (198, 90, 4, 191))
([(169, 77), (166, 228), (169, 233)], (86, 138, 97, 237))
([(46, 46), (45, 35), (50, 45), (52, 49), (86, 119)], (236, 24, 110, 192))
([(171, 35), (173, 114), (174, 153), (56, 29)], (250, 52, 195, 98))
([(156, 209), (152, 210), (151, 210), (151, 210), (22, 235), (61, 238)], (228, 251, 225, 127))
([(38, 57), (75, 102), (41, 239)], (79, 73, 15, 183))
([(85, 14), (40, 223), (137, 236)], (219, 247, 195, 119))
([(37, 114), (75, 52), (51, 165), (49, 169)], (26, 53, 21, 228))
([(148, 5), (49, 2), (108, 158)], (242, 132, 85, 240))
([(173, 193), (77, 226), (47, 236), (4, 51)], (240, 243, 246, 181))
([(162, 3), (143, 30), (59, 12), (37, 7)], (197, 16, 69, 179))
([(69, 240), (52, 171), (45, 143), (8, 197)], (161, 143, 200, 1))
([(70, 175), (43, 116), (31, 180)], (78, 47, 32, 59))
([(84, 154), (107, 171), (38, 33)], (12, 137, 58, 66))
([(126, 90), (123, 95), (99, 131), (66, 181), (41, 11)], (29, 64, 69, 182))
([(44, 17), (78, 135), (28, 73), (158, 131)], (117, 84, 112, 211))
([(47, 10), (174, 134), (81, 163), (81, 163)], (245, 27, 28, 251))
([(161, 239), (138, 184), (121, 144), (117, 134), (55, 137)], (238, 242, 238, 9))
([(91, 162), (119, 195), (148, 230), (88, 234)], (246, 251, 236, 218))
([(177, 23), (53, 134), (66, 174), (137, 178), (163, 175)], (236, 58, 31, 203))
([(71, 127), (41, 149), (40, 150), (39, 150), (39, 150), (39, 150), (39, 150)], (20, 36, 30, 249))
([(45, 151), (45, 151), (44, 1), (45, 1), (178, 40)], (239, 68, 32, 175))
([(35, 160), (96, 153), (75, 119), (61, 96), (56, 88)], (155, 0, 173, 68))
([(33, 108), (175, 173), (34, 195), (110, 187), (91, 191)], (105, 33, 33, 111))
([(144, 179), (177, 180), (70, 88)], (193, 3, 91, 161))
([(130, 88), (23, 73), (22, 73), (4, 78), (2, 79)], (146, 27, 60, 201))
([(46, 65), (37, 113), (41, 115), (74, 154), (131, 105), (144, 154)], (204, 108, 3, 101))
([(35, 28), (58, 134), (174, 190), (77, 50)], (199, 139, 106, 95))
([(86, 33), (51, 165), (37, 182)], (167, 16, 65, 223))
([(1, 73), (44, 107), (167, 70), (179, 169), (143, 30)], (187, 0, 0, 51))
([(17, 210), (41, 179), (42, 178), (76, 135), (82, 128), (122, 127)], (189, 64, 109, 66))
([(49, 177), (49, 177), (49, 177), (63, 97), (82, 149)], (96, 153, 62, 32))
([(84, 183), (38, 169), (62, 93), (67, 79)], (220, 128, 10, 173))
([(146, 0), (41, 65), (65, 94), (170, 76)], (253, 22, 61, 78))
([(157, 121), (30, 210), (58, 178), (112, 105)], (188, 36, 74, 22))
([(42, 106), (54, 171), (57, 187), (138, 32)], (231, 22, 51, 170))
([(31, 222), (6, 197), (69, 114)], (30, 91, 159, 82))
([(27, 156), (123, 90), (157, 67), (160, 83), (176, 167)], (255, 60, 25, 118))
([(170, 151), (42, 23), (178, 59)], (236, 128, 67, 121))
([(131, 89), (107, 185), (59, 36)], (233, 221, 45, 26))
