([(22, 166), (132, 173), (124, 109), (41, 169)], (170, 213, 209, 225))
([(17, 2), (97, 38), (64, 187)], (179, 203, 61, 104))
([(31, 100), (82, 178), (52, 170), (171, 157)], (9, 143, 109, 200))
([(55, 18), (15, 3), (176, 169), (111, 196)], (89, 242, 136, 135))
([(43, 105), (128, 190), (146, 194), (123, 174)], (150, 247, 25, 137))
([(70, 134), (70, 76), (7, 16), (75, 184)], (225, 43, 15, 197))
([(23, 130), (103, 172), (14, 9)], (75, 159, 178, 19))
([(68, 7), (75, 52), (139, 235), (124, 104)], (62, 91, 252, 34))
([(122, 117), (79, 36), (41, 105), (74, 87), (51, 76)], (232, 138, 97, 84))
([(94, 53), (38, 64), (124, 122), (112, 69)], (182, 62, 224, 29))
([(1, 107), (74, 176), (166, 46), (176, 143), (99, 40)], (72, 19, 25, 244))
([(28, 210), (27, 2), (107, 119), (115, 20)], (74, 59, 142, 160))
([(139, 109), (17, 237), (45, 238), (106, 2), (169, 192)], (148, 114, 174, 196))
([(158, 12), (55, 172), (64, 162), (75, 10), (47, 51)], (185, 139, 49, 239))
([(48, 16), (122, 105), (18, 222)], (53, 210, 213, 151))
([(162, 209), (34, 72), (61, 159)], (47, 46, 213, 231))
([(82, 50), (41, 30), (172, 20)], (198, 38, 51, 119))
([(140, 78), (89, 128), (44, 15), (157, 24)], (67, 216, 77, 213))
([(175, 159), (123, 12), (57, 17)], (18, 149, 127, 235))
([(109, 150), (177, 26), (88, 153), (148, 55)], (179, 216, 19, 187))
([(142, 106), (173, 77), (59, 168)], (54, 119, 6, 178))
([(94, 155), (127, 101), (109, 195), (140, 33)], (118, 109, 80, 93))
([(140, 220), (24, 216), (36, 157), (122, 109)], (191, 27, 89, 88))
([(126, 90), (67, 188), (41, 11), (148, 125)], (29, 95, 69, 182))
([(80, 65), (103, 122), (2, 131)], (77, 76, 173, 232))
([(96, 153), (32, 156), (69, 155), (116, 70)], (215, 231, 120, 219))
([(131, 147), (85, 91), (59, 164)], (192, 77, 159, 56))
([(37, 190), (94, 15), (28, 162), (132, 199)], (24, 23, 246, 16))
([(157, 62), (160, 24), (83, 89)], (181, 214, 153, 231))
([(174, 71), (3, 237), (126, 97), (127, 29), (26, 39)], (160, 112, 38, 219))
([(146, 172), (2, 49), (30, 178)], (144, 199, 15, 153))
([(136, 92), (94, 140), (121, 162), (59, 36)], (233, 83, 45, 17))
([(106, 207), (89, 127), (17, 51)], (194, 119, 60, 57))
([(105, 158), (129, 152), (130, 159), (5, 45)], (47, 231, 99, 181))
([(31, 16), (159, 225), (151, 18), (26, 185), (74, 43)], (68, 244, 101, 232))
([(29, 228), (119, 70), (56, 209), (81, 240), (83, 88), (98, 220)], (94, 120, 7, 241))
([(119, 144), (108, 64), (128, 143)], (53, 245, 169, 32))
([(163, 165), (18, 234), (70, 15), (108, 164)], (2, 125, 119, 118))
([(132, 88), (52, 181), (37, 195)], (209, 16, 133, 67))
([(90, 149), (41, 117), (18, 133), (10, 92), (57, 225)], (128, 233, 47, 187))
([(49, 224), (7, 76), (167, 1)], (144, 82, 13, 241))
([(20, 183), (32, 27), (179, 126)], (2, 208, 13, 52))
([(170, 188), (96, 201), (63, 22), (90, 88)], (126, 58, 95, 102))
([(112, 142), (154, 53), (12, 6), (65, 35)], (221, 219, 140, 116))
([(145, 26), (118, 167), (105, 162), (7, 133)], (162, 112, 95, 225))
([(77, 74), (170, 181), (171, 61), (131, 84)], (161, 124, 187, 124))
([(133, 75), (105, 75), (18, 29), (2, 236)], (210, 211, 88, 0))
([(58, 225), (64, 60), (17, 134)], (198, 240, 242, 179))
([(24, 106), (44, 120), (56, 26)], (152, 229, 62, 97))
([(175, 117), (173, 23), (22, 195), (151, 38), (47, 64)], (61, 42, 181, 109))
([(163, 58), (48, 1), (8, 46)], (236, 235, 67, 121))
([(45, 2), (40, 158), (147, 18)], (123, 177, 61, 185))
([(11, 210), (175, 91), (55, 218), (39, 95), (137, 13)], (98, 87, 6, 113))
([(32, 115), (85, 150), (15, 230)], (211, 200, 112, 109))
([(150, 137), (153, 203), (24, 139)], (165, 18, 66, 192))
([(139, 36), (79, 229), (75, 15)], (178, 173, 4, 82))
([(159, 182), (142, 149), (120, 62), (173, 42), (4, 0)], (127, 80, 204, 126))
([(56, 54), (162, 3), (83, 115), (37, 7)], (126, 16, 18, 31))
([(83, 187), (27, 193), (160, 194)], (27, 23, 107, 114))
([(17, 12), (39, 150), (96, 132)], (159, 143, 197, 240))
([(15, 210), (37, 8), (53, 67)], (137, 99, 41, 173))
([(39, 169), (149, 151), (63, 119)], (88, 135, 88, 135))
([(109, 172), (135, 26), (49, 46), (115, 90), (49, 24)], (210, 148, 152, 1))
([(162, 1), (125, 168), (63, 232), (152, 41)], (111, 145, 189, 146))
([(172, 20), (4, 185), (142, 99)], (192, 151, 197, 14))
([(86, 168), (129, 201), (123, 211)], (68, 141, 125, 182))
([(117, 152), (71, 177), (129, 57)], (83, 207, 113, 139))
([(147, 82), (47, 234), (20, 85), (88, 27)], (82, 167, 238, 236))
([(131, 77), (68, 225), (37, 55), (23, 193), (130, 188)], (139, 228, 43, 118))
([(89, 87), (63, 179), (36, 205), (71, 88), (83, 204)], (215, 81, 210, 17))
([(29, 147), (8, 177), (117, 95), (63, 32)], (0, 60, 169, 159))
([(23, 175), (127, 32), (39, 135), (112, 43), (69, 50), (26, 12), (104, 90)], (52, 21, 108, 15))
([(103, 48), (32, 78), (138, 132), (136, 13)], (91, 213, 28, 168))
([(139, 190), (21, 20), (64, 196)], (98, 49, 251, 112))
([(42, 224), (74, 230), (99, 189), (155, 62)], (149, 80, 205, 58))
([(123, 36), (81, 170), (24, 205)], (142, 93, 13, 148))
([(23, 67), (108, 20), (169, 61), (16, 51)], (57, 51, 157, 123))
([(142, 99), (137, 74), (174, 109), (30, 210), (99, 131)], (98, 86, 163, 22))
([(27, 156), (157, 67), (116, 129)], (255, 152, 167, 207))
([(7, 227), (5, 152), (115, 233), (59, 161), (151, 33)], (41, 35, 58, 92))
([(74, 192), (39, 61), (156, 178)], (62, 66, 145, 90))
([(117, 160), (14, 64), (101, 132)], (174, 85, 184, 134))
([(106, 152), (47, 208), (100, 11), (172, 113)], (85, 228, 128, 66))
([(100, 74), (169, 47), (115, 204), (128, 89), (120, 221), (133, 179)], (161, 120, 11, 171))
([(151, 65), (112, 121), (31, 84)], (240, 194, 253, 252))
([(103, 234), (36, 125), (46, 138), (104, 74)], (100, 99, 190, 218))
([(29, 53), (85, 232), (73, 127), (113, 62)], (13, 47, 6, 139))
([(177, 23), (24, 46), (0, 47), (146, 187)], (228, 58, 182, 235))
([(147, 226), (79, 157), (10, 38)], (112, 249, 216, 126))
([(142, 181), (120, 58), (47, 163)], (202, 73, 30, 2))
([(166, 219), (87, 190), (36, 17), (131, 54), (91, 102)], (60, 91, 176, 178))
([(141, 110), (111, 111), (136, 165), (57, 115), (26, 129)], (89, 15, 215, 22))
([(53, 48), (141, 141), (104, 27), (6, 41), (81, 87)], (163, 236, 112, 31))
([(9, 94), (70, 187), (155, 163), (139, 67)], (73, 246, 92, 155))
([(82, 161), (12, 48), (78, 220), (97, 167)], (163, 89, 142, 34))
([(128, 165), (107, 73), (95, 147), (73, 16), (46, 187), (119, 135), (143, 30)], (66, 0, 0, 8))
([(141, 82), (129, 10), (14, 232)], (4, 91, 0, 112))
([(65, 177), (4, 175), (51, 2), (104, 145)], (56, 117, 64, 176))
([(32, 16), (76, 207), (5, 88)], (199, 204, 106, 150))
([(80, 92), (151, 157), (81, 151), (163, 40)], (156, 179, 46, 211))
([(177, 62), (75, 173), (129, 197), (3, 168), (48, 228), (56, 121)], (37, 22, 135, 140))
([(161, 202), (108, 163), (33, 99), (16, 89)], (2, 251, 244, 87))
([(79, 225), (23, 233), (43, 74)], (71, 81, 65, 235))
([(172, 143), (53, 62), (36, 173), (44, 86), (148, 50)], (146, 178, 141, 14))
([(156, 208), (174, 74), (140, 87), (49, 70), (23, 167)], (225, 212, 9, 226))
([(98, 137), (53, 163), (142, 155), (161, 182), (82, 94)], (221, 218, 218, 13))
([(73, 146), (94, 50), (2, 79)], (146, 100, 90, 207))
([(161, 105), (136, 236), (91, 174), (37, 57)], (138, 94, 103, 32))
([(1, 228), (15, 189), (123, 138), (133, 141), (10, 177)], (226, 116, 46, 176))
([(134, 32), (55, 45), (42, 129)], (253, 62, 78, 64))
([(33, 232), (163, 176), (48, 201), (0, 232)], (240, 21, 63, 222))
([(71, 215), (107, 81), (55, 135), (58, 105), (114, 56)], (89, 56, 107, 85))
([(138, 162), (80, 154), (155, 176), (65, 93)], (162, 241, 199, 22))
([(34, 224), (151, 103), (152, 214), (75, 195)], (245, 10, 132, 66))
([(161, 142), (38, 141), (34, 156), (152, 28), (2, 122)], (90, 51, 219, 65))
([(82, 104), (123, 65), (173, 156), (33, 201)], (113, 228, 139, 50))
([(151, 231), (94, 77), (168, 144), (109, 178)], (110, 111, 118, 32))
([(53, 74), (142, 13), (1, 195), (179, 200)], (154, 59, 106, 39))
([(114, 126), (81, 112), (149, 228), (21, 22)], (149, 130, 14, 113))
([(94, 232), (141, 35), (26, 226), (156, 131)], (167, 44, 93, 241))
([(113, 158), (107, 122), (173, 216), (94, 26)], (111, 107, 55, 211))
([(145, 99), (23, 59), (96, 53)], (191, 162, 127, 116))
([(130, 56), (115, 92), (140, 177), (70, 143)], (48, 236, 234, 79))
([(5, 163), (52, 74), (166, 220)], (127, 192, 46, 18))
([(89, 158), (117, 240), (52, 88), (109, 153)], (158, 21, 186, 255))
([(31, 35), (176, 119), (157, 50), (114, 119)], (97, 161, 98, 6))
([(108, 96), (91, 0), (113, 160), (75, 178)], (244, 175, 143, 137))
([(92, 58), (174, 164), (132, 198), (63, 9)], (219, 254, 29, 11))
([(76, 112), (46, 28), (53, 47), (87, 212)], (76, 173, 151, 89))
([(56, 96), (133, 44), (16, 204)], (189, 64, 61, 208))
([(45, 217), (66, 123), (25, 42), (148, 222)], (60, 241, 176, 63))
([(27, 212), (126, 213), (139, 28)], (166, 201, 109, 66))
([(4, 112), (110, 58), (152, 107)], (209, 170, 25, 218))
([(70, 109), (103, 197), (61, 153)], (230, 100, 157, 237))
([(134, 170), (13, 69), (24, 209), (158, 133)], (33, 185, 202, 220))
([(115, 89), (152, 54), (32, 35)], (2, 155, 26, 4))
([(132, 12), (175, 182), (85, 145), (165, 73)], (223, 66, 21, 0))
([(133, 101), (121, 132), (131, 132), (149, 157)], (169, 58, 116, 118))
([(78, 199), (30, 161), (154, 80), (50, 127), (63, 103), (176, 51), (113, 213)], (1, 41, 75, 1))
([(15, 204), (54, 179), (39, 238), (8, 129), (157, 113)], (151, 136, 23, 218))
([(45, 93), (152, 28), (104, 231)], (44, 229, 122, 153))
([(41, 152), (41, 89), (89, 173)], (14, 109, 3, 203))
([(81, 199), (94, 111), (102, 138), (169, 94), (163, 79), (17, 185), (65, 46)], (78, 155, 32, 194))
([(96, 58), (117, 186), (116, 108)], (49, 114, 178, 74))
([(16, 81), (166, 141), (177, 155), (66, 61), (83, 160)], (212, 24, 103, 155))
([(17, 143), (17, 223), (146, 92), (68, 179)], (41, 207, 12, 61))
([(166, 237), (97, 144), (30, 45), (89, 211)], (219, 157, 16, 60))
([(104, 215), (0, 203), (20, 109), (66, 61)], (18, 204, 135, 81))
([(0, 175), (46, 224), (93, 159), (50, 116)], (121, 155, 52, 85))
([(97, 89), (26, 17), (33, 235), (167, 46), (74, 177)], (16, 178, 23, 110))
([(158, 227), (64, 98), (44, 145), (79, 104)], (44, 107, 92, 9))
([(29, 132), (19, 34), (15, 116), (112, 203), (96, 106)], (94, 191, 84, 21))
([(89, 39), (97, 224), (105, 164), (40, 12), (180, 151)], (158, 76, 67, 131))
([(179, 80), (12, 12), (77, 210)], (2, 178, 173, 141))
([(113, 117), (140, 78), (12, 135), (97, 192)], (29, 171, 251, 180))
([(132, 119), (11, 234), (90, 17)], (228, 251, 114, 127))
([(97, 144), (152, 166), (58, 234)], (18, 133, 182, 82))
([(152, 123), (19, 105), (89, 194), (32, 193)], (175, 11, 207, 112))
([(60, 138), (19, 38), (146, 108), (88, 28), (81, 127)], (23, 4, 109, 23))
([(57, 154), (61, 83), (102, 164)], (79, 62, 140, 76))
([(128, 69), (64, 70), (28, 15)], (99, 157, 113, 38))
([(159, 55), (32, 131), (63, 131)], (227, 27, 28, 251))
([(145, 216), (122, 101), (93, 173), (59, 182)], (49, 194, 209, 153))
([(147, 209), (30, 192), (161, 237)], (137, 141, 48, 178))
([(117, 84), (84, 62), (66, 58)], (99, 227, 16, 104))
([(12, 201), (112, 36), (145, 178), (56, 216), (157, 223)], (25, 0, 247, 86))
([(6, 63), (32, 61), (64, 134)], (135, 160, 187, 127))
([(174, 8), (69, 39), (1, 125), (66, 107)], (91, 170, 49, 106))
([(42, 83), (177, 206), (19, 67), (171, 158), (162, 108)], (25, 225, 133, 239))
([(32, 110), (38, 230), (169, 204), (43, 28), (81, 103)], (180, 239, 28, 143))
([(17, 158), (21, 118), (3, 201)], (122, 179, 68, 20))
([(8, 120), (126, 149), (131, 8), (36, 41), (148, 121)], (162, 87, 133, 109))
([(156, 108), (107, 117), (110, 233), (175, 40), (118, 82)], (221, 211, 167, 54))
([(55, 115), (141, 182), (130, 159)], (6, 171, 245, 128))
([(25, 169), (67, 148), (80, 215), (124, 47)], (28, 28, 52, 186))
([(32, 112), (8, 72), (102, 28), (164, 221), (114, 41)], (231, 22, 51, 244))
([(58, 49), (113, 238), (36, 133)], (123, 159, 236, 132))
([(115, 142), (85, 171), (102, 59), (150, 42), (174, 211)], (12, 250, 209, 169))
([(15, 67), (153, 176), (132, 15), (38, 228), (100, 101)], (165, 139, 183, 7))
([(164, 221), (131, 191), (43, 222), (82, 112), (115, 176)], (221, 0, 56, 200))
([(112, 236), (46, 46), (43, 14), (149, 36), (155, 123)], (81, 78, 146, 58))
([(110, 55), (42, 214), (41, 229)], (44, 22, 213, 103))
([(1, 81), (32, 52), (165, 35)], (174, 248, 185, 112))
([(103, 82), (180, 25), (38, 234), (89, 236)], (23, 80, 16, 244))
([(129, 174), (31, 216), (27, 90), (16, 184), (81, 43)], (89, 212, 196, 4))
([(144, 37), (83, 206), (32, 44)], (162, 230, 245, 251))
([(157, 20), (91, 106), (21, 5), (108, 12), (108, 116)], (240, 251, 240, 231))
([(125, 80), (24, 88), (75, 140)], (226, 249, 195, 140))
([(155, 9), (99, 51), (20, 163), (155, 213), (64, 136)], (121, 238, 136, 116))
([(88, 197), (108, 122), (101, 138)], (41, 57, 238, 102))
([(66, 174), (177, 83), (57, 126), (110, 94), (10, 161), (45, 25)], (228, 46, 90, 66))
([(142, 187), (163, 167), (148, 7), (49, 63), (116, 132)], (121, 53, 147, 212))
([(8, 136), (87, 180), (83, 31)], (170, 34, 50, 214))
([(131, 197), (152, 119), (112, 205), (51, 89), (19, 98)], (212, 211, 142, 184))
([(5, 55), (161, 35), (55, 20), (29, 153)], (239, 73, 17, 9))
([(87, 132), (21, 209), (79, 218), (130, 169), (35, 10)], (31, 61, 232, 254))
([(0, 110), (25, 92), (153, 11)], (249, 78, 1, 156))
([(107, 124), (81, 139), (60, 72), (79, 189), (43, 170)], (210, 169, 116, 214))
([(16, 7), (84, 78), (81, 149)], (178, 27, 243, 75))
([(86, 33), (53, 162), (165, 45), (37, 182)], (36, 66, 100, 154))
([(7, 204), (59, 38), (10, 190)], (248, 100, 50, 202))
([(37, 20), (31, 236), (180, 125), (37, 120), (11, 234), (0, 126), (134, 67)], (142, 223, 133, 32))
([(21, 91), (161, 93), (125, 230)], (118, 89, 104, 47))
([(55, 102), (44, 177), (149, 209), (26, 118)], (116, 100, 38, 11))
([(126, 202), (79, 150), (9, 194)], (198, 170, 90, 134))
([(169, 9), (136, 72), (28, 158), (33, 120)], (192, 119, 169, 139))
([(73, 13), (124, 167), (113, 168), (119, 203), (2, 128)], (174, 74, 248, 234))
([(95, 159), (176, 207), (77, 230), (70, 200)], (215, 51, 195, 65))
([(83, 111), (124, 190), (150, 101), (178, 40)], (16, 7, 163, 175))
([(88, 225), (91, 5), (83, 107), (9, 162), (34, 156)], (185, 111, 125, 55))
([(90, 154), (66, 107), (28, 77), (159, 15)], (152, 12, 231, 117))
([(87, 192), (15, 15), (154, 213), (44, 41), (99, 87), (68, 35)], (202, 193, 117, 223))
([(35, 77), (173, 193), (149, 205), (55, 128), (107, 98)], (235, 204, 246, 33))
([(54, 93), (83, 213), (130, 56)], (125, 3, 223, 2))
([(113, 146), (12, 1), (46, 77), (142, 182), (127, 217)], (78, 97, 27, 111))
([(102, 225), (106, 23), (92, 231), (79, 49)], (109, 61, 73, 102))
([(139, 119), (0, 16), (33, 135), (73, 85), (28, 145), (9, 208)], (177, 80, 0, 227))
([(157, 32), (70, 156), (148, 98)], (206, 140, 24, 236))
([(72, 33), (52, 157), (132, 37), (100, 61)], (16, 87, 215, 219))
([(6, 212), (106, 172), (83, 197), (35, 81)], (142, 46, 42, 73))
([(34, 163), (69, 44), (57, 154), (83, 155), (132, 52)], (174, 6, 173, 103))
([(72, 168), (60, 216), (151, 223)], (163, 227, 81, 186))
([(73, 237), (64, 209), (168, 215), (11, 3)], (83, 127, 232, 131))
([(107, 110), (40, 100), (145, 51)], (233, 16, 254, 17))
([(168, 120), (164, 92), (141, 59), (156, 128)], (231, 244, 190, 30))
([(127, 33), (86, 60), (140, 60), (80, 169), (171, 212)], (150, 133, 156, 255))
([(48, 59), (123, 5), (71, 15)], (78, 51, 132, 202))
([(46, 65), (31, 169), (163, 52), (144, 154)], (136, 108, 61, 101))
([(128, 105), (125, 182), (45, 204), (88, 116), (33, 157), (118, 7)], (37, 37, 95, 203))
([(19, 101), (135, 14), (159, 226), (133, 19)], (115, 138, 244, 72))
([(68, 106), (16, 181), (84, 58), (12, 61)], (200, 51, 122, 204))
([(144, 143), (85, 109), (25, 206)], (25, 158, 181, 107))
([(174, 199), (148, 63), (102, 195), (132, 24)], (220, 128, 10, 231))
([(168, 217), (75, 236), (7, 231)], (85, 238, 97, 197))
([(102, 175), (156, 77), (135, 60), (84, 25)], (150, 208, 124, 36))
([(38, 131), (79, 193), (81, 240)], (204, 152, 33, 71))
([(2, 81), (170, 2), (111, 160)], (134, 67, 141, 102))
([(41, 109), (89, 225), (105, 215), (170, 17)], (127, 122, 238, 235))
([(14, 214), (52, 161), (122, 127), (108, 51)], (189, 64, 109, 23))
([(146, 235), (33, 165), (176, 43), (40, 0), (98, 1)], (98, 214, 75, 32))
([(171, 26), (53, 46), (93, 39), (175, 173), (60, 198)], (105, 101, 33, 111))
([(67, 32), (110, 210), (71, 111)], (20, 103, 244, 11))
([(143, 79), (62, 21), (92, 179)], (136, 91, 136, 137))
([(63, 21), (74, 178), (177, 81), (73, 98), (128, 98), (96, 74), (0, 99)], (226, 225, 251, 143))
([(84, 91), (128, 36), (120, 78)], (29, 163, 137, 247))
([(54, 206), (3, 204), (88, 43), (152, 78)], (184, 251, 216, 195))
([(0, 133), (85, 64), (39, 160), (5, 42)], (94, 194, 67, 218))
([(114, 193), (132, 163), (71, 192), (81, 218)], (74, 218, 201, 87))
([(50, 110), (82, 88), (92, 54), (128, 130)], (154, 100, 36, 219))
([(46, 90), (130, 143), (153, 205), (4, 52), (23, 187)], (114, 213, 133, 77))
