([(53, 173), (132, 15), (112, 46)], (166, 193, 125, 133))
([(163, 165), (64, 231), (39, 233), (18, 234), (19, 135)], (21, 205, 119, 217))
([(173, 23), (60, 169), (34, 94), (125, 3)], (139, 42, 174, 206))
([(95, 69), (172, 69), (91, 197), (26, 38), (18, 72)], (206, 67, 24, 82))
([(78, 56), (26, 145), (21, 98)], (208, 208, 107, 36))
([(74, 230), (180, 228), (162, 108)], (246, 80, 205, 152))
([(146, 232), (3, 204), (91, 45), (152, 78)], (184, 251, 216, 195))
([(46, 211), (99, 182), (36, 72), (11, 18), (4, 180)], (190, 93, 169, 144))
([(110, 108), (111, 70), (145, 65), (124, 47)], (49, 168, 20, 251))
([(27, 2), (148, 4), (135, 31), (110, 131), (96, 114), (95, 113), (32, 148)], (74, 59, 142, 188))
([(158, 138), (148, 140), (67, 124), (70, 102), (72, 88)], (68, 11, 25, 100))
([(153, 125), (71, 195), (20, 23), (98, 159)], (163, 114, 213, 203))
([(177, 192), (102, 23), (85, 182)], (142, 217, 132, 202))
([(36, 77), (27, 93), (5, 227)], (185, 118, 113, 247))
([(127, 196), (32, 178), (0, 166)], (55, 67, 113, 152))
([(109, 176), (90, 166), (161, 17)], (245, 204, 132, 117))
([(133, 198), (164, 8), (154, 9), (123, 11), (4, 222)], (102, 171, 35, 208))
([(56, 172), (44, 200), (69, 1), (31, 212), (15, 222), (8, 227), (0, 232)], (108, 224, 115, 222))
([(140, 72), (101, 154), (92, 172), (133, 113), (141, 102), (142, 103)], (240, 132, 77, 115))
([(149, 67), (107, 146), (128, 74)], (77, 171, 173, 37))
([(15, 148), (14, 119), (15, 118), (42, 87)], (136, 123, 60, 85))
([(174, 97), (122, 73), (0, 16), (0, 73)], (177, 173, 0, 230))
([(80, 71), (119, 169), (137, 214), (91, 236), (30, 192), (161, 237)], (137, 141, 160, 178))
([(84, 204), (156, 226), (177, 232), (119, 91)], (219, 170, 49, 239))
([(158, 12), (83, 104), (75, 10)], (185, 161, 49, 239))
([(2, 61), (6, 52), (14, 35), (21, 20), (64, 196)], (150, 66, 251, 203))
([(21, 209), (138, 234), (36, 54)], (31, 88, 232, 254))
([(14, 123), (75, 1), (67, 106), (64, 145)], (251, 233, 94, 248))
([(49, 122), (176, 94), (26, 12)], (67, 120, 180, 228))
([(111, 8), (24, 88), (139, 14)], (226, 208, 195, 197))
([(38, 71), (33, 70), (143, 20)], (89, 56, 226, 49))
([(9, 116), (110, 31), (9, 197)], (115, 178, 244, 101))
([(5, 237), (167, 163), (104, 105), (27, 34)], (2, 155, 231, 227))
([(21, 184), (22, 182), (27, 170), (28, 168), (71, 75), (102, 8)], (199, 51, 155, 233))
([(162, 100), (179, 40), (173, 49), (159, 71), (47, 238)], (118, 47, 80, 249))
([(100, 148), (43, 51), (67, 52)], (200, 51, 122, 131))
([(157, 115), (18, 29), (54, 88), (121, 199)], (131, 53, 3, 178))
([(1, 133), (11, 133), (33, 201)], (113, 228, 193, 247))
([(111, 111), (130, 90), (147, 71), (95, 177)], (192, 15, 215, 68))
([(50, 11), (49, 63), (97, 46)], (230, 100, 157, 237))
([(128, 199), (128, 199), (130, 233)], (93, 254, 88, 226))
([(62, 158), (84, 149), (45, 176), (0, 207)], (99, 218, 179, 101))
([(134, 160), (147, 151), (94, 221)], (4, 115, 99, 203))
([(76, 189), (82, 138), (91, 62), (92, 54), (70, 7)], (144, 100, 36, 208))
([(6, 192), (3, 171), (93, 145)], (20, 153, 244, 76))
([(113, 94), (75, 90), (93, 51)], (5, 226, 21, 0))
([(165, 211), (79, 239), (36, 175)], (228, 238, 211, 112))
([(1, 81), (124, 235), (112, 196), (66, 45)], (62, 66, 145, 90))
([(177, 209), (166, 81), (55, 20)], (239, 73, 192, 175))
([(94, 165), (57, 143), (93, 133)], (8, 233, 88, 98))
([(179, 210), (0, 230), (159, 28)], (158, 99, 190, 204))
([(21, 131), (155, 229), (70, 143)], (233, 102, 172, 0))
([(175, 159), (169, 91), (143, 211)], (118, 23, 245, 41))
([(26, 164), (94, 70), (7, 133)], (199, 112, 245, 155))
([(28, 190), (97, 55), (113, 62)], (46, 116, 6, 36))
([(63, 69), (7, 16), (39, 200)], (244, 236, 45, 197))
([(149, 192), (163, 40), (166, 42)], (124, 226, 6, 178))
([(30, 204), (35, 194), (131, 11), (165, 84)], (220, 98, 242, 235))
([(132, 88), (109, 237), (48, 29)], (18, 91, 36, 2))
([(5, 25), (115, 217), (115, 217)], (236, 210, 58, 252))
([(125, 34), (81, 29), (78, 29), (150, 87)], (208, 107, 100, 48))
([(176, 137), (131, 124), (81, 151)], (172, 189, 228, 211))
([(99, 51), (20, 163), (0, 208)], (96, 223, 180, 116))
([(14, 141), (70, 73), (1, 201)], (199, 191, 79, 202))
([(144, 85), (132, 72), (125, 64), (149, 0), (35, 89)], (220, 27, 89, 125))
([(29, 228), (69, 237), (81, 240), (59, 240)], (94, 234, 139, 241))
([(90, 49), (50, 152), (110, 56)], (0, 185, 22, 20))
([(3, 202), (36, 205), (71, 88)], (140, 11, 210, 97))
([(128, 9), (162, 207), (98, 64), (83, 31)], (170, 98, 20, 207))
([(106, 207), (126, 183), (167, 135)], (194, 83, 60, 217))
([(159, 182), (110, 135), (173, 42), (22, 4), (4, 0)], (127, 80, 204, 237))
([(131, 13), (7, 228), (177, 222), (93, 120)], (55, 143, 126, 140))
([(45, 2), (45, 2), (147, 18)], (123, 147, 61, 184))
([(15, 3), (137, 129), (107, 59), (105, 16)], (220, 242, 218, 231))
([(141, 35), (47, 191), (26, 226), (14, 93), (6, 5)], (212, 44, 229, 241))
([(131, 43), (7, 14), (7, 14), (6, 16), (81, 240)], (204, 236, 33, 72))
([(44, 227), (44, 107), (16, 51)], (86, 51, 157, 12))
([(161, 105), (136, 236), (135, 235), (135, 235), (135, 235), (60, 69), (131, 229), (130, 156)], (237, 94, 103, 155))
([(1, 228), (35, 58), (38, 61), (133, 141)], (98, 116, 198, 40))
([(63, 21), (44, 93), (45, 96), (108, 15)], (226, 17, 89, 80))
([(56, 112), (51, 95), (142, 89)], (127, 122, 238, 4))
([(72, 33), (26, 60), (18, 12)], (253, 106, 234, 17))
([(150, 222), (22, 224), (89, 183), (176, 110)], (215, 70, 250, 65))
([(103, 240), (30, 18), (149, 52)], (213, 89, 113, 22))
([(24, 31), (37, 28), (72, 118)], (150, 247, 230, 183))
([(5, 57), (11, 56), (18, 55), (18, 55), (112, 165)], (204, 191, 90, 235))
([(58, 91), (75, 1), (72, 10), (53, 67)], (137, 48, 41, 173))
([(0, 133), (151, 3), (76, 59), (73, 61), (5, 42)], (94, 194, 141, 255))
([(108, 152), (47, 234), (20, 85), (3, 201)], (46, 74, 238, 212))
([(48, 16), (60, 236), (122, 105), (18, 222)], (53, 206, 213, 255))
([(44, 225), (45, 240), (51, 230), (52, 228)], (164, 161, 98, 215))
([(179, 110), (73, 179), (105, 91), (115, 63)], (165, 100, 245, 48))
([(58, 238), (25, 196), (3, 168), (11, 179), (39, 216), (48, 228), (25, 27), (5, 58)], (248, 118, 171, 140))
([(101, 186), (24, 201), (20, 83), (81, 43)], (20, 212, 196, 188))
([(20, 138), (72, 66), (158, 131)], (90, 51, 112, 94))
([(69, 119), (83, 147), (42, 103)], (16, 183, 70, 1))
([(142, 103), (116, 153), (111, 163), (180, 151)], (158, 103, 67, 88))
([(147, 6), (115, 5), (15, 2), (87, 128), (57, 102), (21, 70), (43, 87), (101, 132)], (174, 61, 184, 134))
([(101, 239), (101, 239), (100, 131), (41, 229)], (44, 135, 213, 211))
([(72, 192), (71, 192), (13, 54)], (49, 248, 206, 14))
([(147, 211), (118, 110), (148, 222)], (219, 241, 208, 135))
([(119, 144), (63, 35), (73, 91), (15, 35), (4, 24)], (67, 167, 250, 86))
([(2, 81), (170, 2), (139, 5), (133, 6), (76, 216)], (245, 67, 223, 206))
([(62, 73), (16, 224), (123, 43), (29, 198)], (35, 97, 27, 111))
([(110, 145), (179, 73), (63, 155)], (136, 91, 136, 45))
([(124, 109), (81, 138), (70, 146), (67, 148), (62, 153), (60, 155)], (170, 81, 207, 100))
([(68, 178), (50, 73), (56, 26)], (152, 193, 62, 97))
([(135, 34), (156, 41), (159, 42), (14, 150), (3, 201)], (38, 106, 3, 20))
([(36, 2), (59, 182), (172, 20)], (198, 204, 239, 119))
([(142, 13), (32, 27), (1, 195), (9, 155), (12, 140), (173, 48), (176, 124), (179, 200)], (154, 181, 253, 254))
([(6, 136), (100, 71), (43, 53), (40, 54)], (189, 227, 137, 98))
([(16, 81), (166, 141), (132, 240), (97, 143), (83, 160)], (212, 203, 212, 247))
([(148, 5), (49, 2), (57, 23), (108, 158)], (163, 136, 112, 128))
([(58, 110), (68, 109), (74, 232)], (139, 27, 2, 168))
([(73, 237), (76, 224), (79, 210), (99, 122), (158, 231)], (83, 127, 232, 165))
([(87, 192), (15, 15), (13, 35)], (202, 193, 117, 239))
([(20, 240), (15, 30), (89, 124)], (238, 214, 243, 114))
([(64, 19), (135, 75), (27, 92)], (191, 109, 251, 179))
([(105, 158), (134, 153), (129, 152), (170, 124), (26, 55), (5, 45)], (209, 231, 99, 223))
([(39, 145), (173, 191), (177, 206), (138, 172), (108, 145), (19, 67)], (140, 232, 249, 239))
([(156, 209), (151, 210), (11, 234), (22, 235), (61, 238)], (228, 251, 225, 127))
([(92, 58), (174, 164), (135, 227), (25, 1)], (219, 254, 29, 68))
([(101, 138), (120, 147), (45, 127)], (89, 163, 71, 42))
([(84, 62), (174, 153), (66, 58)], (60, 175, 195, 98))
([(147, 226), (120, 181), (13, 4), (11, 27), (10, 38)], (180, 249, 219, 209))
([(172, 20), (145, 46), (154, 11)], (198, 96, 44, 249))
([(95, 45), (130, 46), (67, 115)], (27, 169, 77, 214))
([(86, 103), (106, 38), (55, 158), (49, 169)], (64, 53, 77, 141))
([(85, 161), (164, 237), (75, 15)], (220, 173, 4, 197))
([(54, 58), (160, 9), (160, 239)], (249, 130, 74, 230))
([(34, 207), (24, 205), (21, 205), (0, 203), (20, 109)], (18, 119, 194, 87))
([(0, 175), (2, 144), (7, 67), (46, 111), (0, 99)], (175, 215, 148, 245))
([(160, 100), (81, 111), (84, 115), (84, 115), (166, 220)], (127, 192, 224, 238))
([(87, 210), (177, 183), (170, 110)], (74, 80, 222, 31))
([(38, 127), (106, 88), (84, 128)], (215, 81, 86, 255))
([(129, 195), (180, 59), (142, 13)], (197, 99, 153, 231))
([(79, 225), (23, 233), (97, 38)], (57, 81, 209, 211))
([(94, 195), (94, 195), (12, 72)], (150, 61, 142, 113))
([(42, 135), (45, 128), (76, 61)], (2, 72, 13, 135))
([(143, 138), (36, 233), (62, 165)], (219, 100, 50, 117))
([(139, 191), (78, 236), (139, 106)], (182, 146, 202, 84))
([(4, 175), (92, 72), (108, 53), (37, 235)], (2, 51, 64, 195))
([(157, 20), (130, 14), (91, 6), (28, 210), (21, 5), (20, 91), (20, 91)], (240, 251, 199, 152))
([(120, 227), (129, 184), (137, 145), (158, 73)], (12, 250, 152, 250))
([(97, 144), (171, 117), (177, 187)], (213, 223, 5, 148))
([(34, 225), (50, 228), (111, 239), (117, 240), (124, 175)], (158, 151, 186, 255))
([(169, 169), (147, 151), (122, 131), (123, 128), (0, 161)], (245, 231, 172, 138))
([(14, 56), (62, 119), (72, 57)], (240, 194, 84, 65))
([(42, 195), (33, 194), (118, 158)], (27, 161, 58, 189))
([(39, 36), (58, 94), (63, 24), (48, 87), (29, 168), (19, 210)], (177, 78, 246, 96))
([(140, 36), (97, 99), (141, 239)], (116, 138, 55, 11))
([(177, 26), (162, 22), (107, 6), (132, 86), (113, 116), (149, 138)], (234, 62, 19, 255))
([(143, 220), (3, 18), (8, 129)], (218, 199, 217, 178))
([(49, 224), (7, 76), (167, 1)], (232, 82, 135, 197))
([(86, 142), (85, 160), (83, 197), (88, 186)], (185, 160, 42, 156))
([(172, 234), (2, 49), (3, 54), (3, 54), (11, 90), (107, 53), (162, 26)], (144, 199, 15, 136))
([(29, 173), (162, 80), (79, 49)], (109, 212, 73, 30))
([(93, 215), (73, 131), (154, 2)], (175, 255, 128, 112))
([(133, 187), (3, 237), (138, 14), (126, 97)], (53, 138, 251, 219))
([(86, 60), (115, 212), (171, 212)], (150, 97, 156, 98))
([(17, 2), (97, 38), (76, 68), (66, 82), (48, 108), (20, 91), (10, 85)], (234, 203, 233, 223))
([(153, 158), (27, 157), (1, 107)], (183, 178, 250, 141))
([(104, 196), (12, 239), (13, 234), (23, 187)], (114, 213, 133, 77))
([(154, 240), (177, 136), (11, 118)], (135, 223, 178, 19))
([(161, 180), (37, 79), (176, 143)], (208, 19, 25, 187))
([(86, 161), (73, 109), (78, 127)], (231, 244, 190, 75))
([(161, 239), (117, 134), (81, 49), (64, 98)], (44, 221, 92, 9))
([(2, 136), (50, 148), (61, 151), (7, 176)], (208, 251, 244, 251))
([(118, 186), (116, 108), (44, 65)], (119, 114, 7, 74))
([(42, 228), (122, 101), (2, 207)], (49, 180, 226, 240))
([(23, 59), (85, 58), (179, 232)], (171, 172, 127, 46))
([(26, 125), (12, 6), (1, 154)], (221, 219, 221, 116))
([(178, 140), (50, 172), (83, 237)], (252, 58, 225, 214))
([(62, 111), (178, 124), (87, 166), (63, 113), (39, 110), (30, 109), (65, 93)], (94, 26, 214, 140))
([(125, 59), (74, 87), (169, 233)], (86, 138, 97, 237))
([(29, 50), (162, 234), (42, 99)], (137, 212, 159, 253))
([(56, 203), (100, 11), (59, 22)], (244, 160, 5, 170))
([(113, 158), (179, 0), (94, 26)], (223, 90, 55, 227))
([(179, 6), (136, 168), (139, 67)], (73, 246, 228, 155))
([(126, 90), (66, 181), (51, 79), (41, 11)], (29, 64, 69, 182))
([(166, 219), (53, 75), (36, 17), (36, 17), (55, 24), (131, 54)], (211, 86, 176, 214))
([(156, 208), (97, 132), (49, 70), (93, 75)], (241, 212, 115, 97))
([(12, 201), (106, 203), (152, 184), (12, 217)], (25, 72, 247, 128))
([(118, 223), (118, 181), (176, 28), (112, 174)], (161, 143, 73, 1))
([(43, 45), (89, 70), (147, 101), (146, 100), (91, 50), (152, 107)], (142, 113, 195, 183))
([(54, 65), (5, 64), (21, 109)], (206, 180, 129, 109))
([(86, 5), (12, 135), (97, 192)], (239, 242, 251, 180))
([(27, 231), (17, 237), (174, 202)], (148, 196, 174, 205))
([(0, 140), (18, 55), (62, 26), (62, 26), (156, 150)], (240, 238, 187, 127))
([(176, 182), (43, 28), (51, 44), (79, 99)], (71, 42, 105, 143))
([(162, 1), (72, 212), (97, 14)], (234, 145, 189, 164))
([(13, 220), (3, 233), (87, 212)], (52, 157, 207, 224))
([(27, 212), (126, 213), (31, 1)], (166, 227, 153, 69))
([(146, 235), (56, 234), (71, 114), (85, 2), (30, 77)], (244, 214, 89, 162))
([(156, 108), (110, 233), (164, 220)], (221, 244, 167, 254))
([(80, 114), (58, 126), (112, 217), (168, 31), (175, 8)], (251, 58, 95, 137))
([(30, 161), (120, 95), (176, 194), (121, 150), (108, 139), (63, 103)], (1, 205, 194, 40))
([(46, 46), (45, 35), (43, 14)], (92, 24, 146, 177))
([(144, 222), (75, 236), (57, 235), (53, 235), (94, 26)], (163, 238, 157, 199))
([(31, 222), (16, 228), (69, 114)], (4, 91, 159, 82))
([(17, 223), (156, 236), (179, 128)], (203, 239, 139, 62))
([(178, 171), (155, 122), (155, 122), (66, 97), (153, 70)], (165, 244, 101, 232))
([(112, 205), (58, 198), (39, 92), (19, 98)], (239, 211, 142, 184))
([(177, 158), (180, 25), (66, 163), (45, 189)], (171, 80, 16, 244))
([(166, 237), (162, 209), (11, 219)], (219, 157, 251, 75))
([(176, 35), (161, 93), (84, 92)], (239, 89, 160, 227))
([(142, 187), (150, 180), (157, 173), (160, 170), (179, 5), (151, 39), (149, 18), (148, 7), (49, 63)], (232, 74, 26, 212))
([(45, 45), (77, 144), (79, 150)], (198, 170, 194, 67))
([(68, 7), (98, 81), (85, 65), (139, 235), (124, 104)], (197, 207, 252, 199))
([(27, 174), (33, 235), (167, 46), (74, 177)], (16, 0, 144, 200))
([(45, 151), (44, 1), (44, 1), (178, 40)], (217, 33, 0, 175))
([(161, 212), (119, 188), (21, 73), (2, 128)], (253, 227, 248, 246))
([(57, 34), (36, 41), (148, 121)], (162, 41, 133, 116))
([(45, 231), (25, 92), (110, 38), (153, 11)], (249, 232, 133, 196))
([(37, 20), (31, 236), (180, 125), (82, 133), (11, 234), (0, 126)], (188, 223, 207, 97))
([(131, 191), (179, 120), (65, 145), (48, 162), (48, 162)], (254, 124, 56, 189))
([(38, 57), (75, 102), (75, 148), (67, 106)], (79, 73, 15, 183))
([(159, 235), (159, 235), (159, 235)], (192, 145, 224, 176))
([(91, 0), (113, 160), (135, 232), (32, 84)], (244, 175, 176, 137))
([(177, 83), (145, 88), (121, 92), (112, 94)], (228, 8, 90, 66))
([(91, 5), (83, 107), (83, 107)], (185, 210, 125, 55))
([(173, 193), (47, 236), (4, 51), (13, 36)], (235, 238, 246, 181))
([(102, 138), (95, 131), (93, 121), (17, 185)], (78, 47, 32, 194))
([(136, 138), (11, 146), (135, 178)], (234, 213, 157, 66))
([(89, 111), (6, 62), (77, 122), (25, 206)], (118, 85, 181, 153))
([(47, 10), (118, 159), (81, 163)], (227, 27, 28, 251))
([(177, 23), (120, 32), (101, 130), (53, 134), (66, 174), (137, 178), (137, 178), (146, 187)], (236, 58, 31, 121))
([(169, 47), (135, 146), (124, 178), (105, 32), (128, 89)], (161, 120, 11, 8))
([(35, 160), (96, 153), (75, 119), (61, 96), (56, 88), (62, 71)], (155, 0, 173, 168))
([(175, 91), (111, 75), (34, 55), (53, 76), (57, 80), (158, 120)], (98, 40, 6, 35))
([(99, 6), (93, 226), (98, 209), (145, 51)], (233, 152, 9, 119))
([(33, 108), (175, 173), (115, 186), (110, 187), (91, 191), (60, 198)], (105, 33, 33, 111))
([(130, 88), (22, 73), (2, 79)], (146, 27, 90, 23))
([(46, 65), (46, 65), (37, 113), (41, 115), (45, 116), (131, 105), (144, 154)], (212, 108, 3, 101))
([(58, 49), (91, 162), (123, 200), (148, 230), (148, 230), (88, 234)], (224, 215, 236, 134))
([(32, 16), (57, 125), (77, 50)], (199, 139, 106, 150))
([(86, 33), (53, 162), (37, 182)], (167, 16, 100, 254))
([(1, 73), (50, 112), (95, 147), (63, 141), (167, 70), (179, 169), (143, 30)], (187, 0, 0, 51))
([(39, 150), (39, 150), (39, 150)], (20, 143, 30, 240))
([(106, 130), (59, 157), (34, 171), (67, 79)], (220, 128, 10, 231))
([(17, 210), (48, 58), (48, 58), (122, 127)], (189, 64, 109, 66))
([(170, 151), (42, 23), (72, 31), (178, 59)], (236, 128, 67, 121))
([(121, 178), (177, 180), (38, 60)], (125, 3, 91, 16))
([(49, 177), (50, 176), (76, 154), (82, 149)], (96, 13, 62, 70))
([(30, 51), (65, 94), (170, 76)], (232, 22, 61, 78))
([(162, 3), (158, 9), (143, 30), (83, 115), (37, 7)], (144, 16, 69, 179))
([(174, 109), (157, 121), (30, 210), (99, 131)], (188, 86, 17, 22))
([(42, 106), (48, 138), (54, 171), (57, 187), (90, 124), (138, 32)], (231, 22, 51, 170))
([(27, 156), (157, 67), (176, 167)], (255, 60, 118, 82))
([(131, 89), (107, 185), (78, 95), (59, 36)], (233, 221, 45, 26))
