([(175, 117), (173, 23), (170, 200), (110, 197), (24, 192), (6, 124), (47, 64)], (139, 42, 174, 206))
([(62, 111), (62, 111), (62, 111), (63, 113), (30, 109), (65, 93), (150, 124)], (94, 241, 199, 140))
([(125, 59), (74, 87), (120, 158), (169, 233)], (86, 138, 97, 237))
([(42, 224), (42, 224), (74, 230), (180, 228), (155, 62)], (149, 80, 205, 152))
([(2, 61), (21, 20), (32, 65), (53, 151), (64, 196)], (150, 49, 251, 112))
([(30, 161), (120, 95), (50, 127), (176, 194), (121, 150), (85, 121), (63, 103)], (1, 41, 144, 40))
([(105, 158), (148, 156), (129, 152), (146, 93), (134, 89), (5, 45)], (47, 231, 99, 146))
([(63, 69), (7, 16), (39, 200)], (244, 236, 15, 197))
([(81, 170), (68, 142), (36, 72), (11, 18), (19, 133), (24, 205)], (190, 93, 13, 144))
([(80, 114), (112, 217), (90, 88)], (126, 58, 95, 137))
([(145, 26), (49, 151), (7, 133)], (185, 112, 95, 132))
([(86, 168), (104, 151), (72, 88)], (68, 141, 125, 182))
([(177, 192), (96, 10), (71, 15)], (78, 51, 132, 202))
([(176, 35), (168, 66), (161, 93), (40, 227), (125, 230)], (239, 89, 113, 227))
([(127, 196), (25, 93), (99, 198)], (55, 67, 109, 152))
([(128, 9), (162, 207), (83, 31)], (170, 98, 50, 214))
([(140, 151), (83, 213), (41, 52)], (125, 3, 92, 2))
([(133, 198), (164, 8), (154, 2)], (88, 73, 19, 68))
([(68, 7), (75, 52), (139, 235), (124, 104)], (62, 207, 252, 199))
([(1, 107), (74, 176), (85, 160), (166, 46), (176, 143)], (72, 19, 25, 244))
([(45, 2), (45, 2), (40, 158), (84, 100), (147, 18)], (123, 147, 61, 185))
([(147, 209), (30, 192), (161, 237)], (137, 141, 48, 178))
([(27, 2), (148, 4), (135, 31), (101, 101), (95, 113), (65, 217)], (74, 59, 142, 160))
([(97, 144), (123, 66), (177, 187)], (18, 223, 5, 148))
([(161, 114), (50, 19), (68, 38)], (231, 244, 190, 75))
([(84, 204), (177, 232), (1, 125), (66, 107)], (91, 170, 49, 106))
([(20, 183), (32, 27), (172, 45)], (2, 72, 13, 146))
([(25, 42), (30, 85), (148, 222)], (60, 241, 227, 184))
([(158, 12), (55, 172), (21, 85), (75, 10)], (185, 103, 49, 239))
([(162, 209), (148, 194), (34, 72), (106, 96), (137, 106)], (164, 63, 213, 231))
([(19, 168), (98, 63), (129, 91), (141, 102), (142, 103)], (67, 247, 77, 115))
([(18, 185), (113, 84), (128, 143)], (159, 137, 169, 248))
([(5, 237), (40, 200), (27, 34)], (2, 155, 26, 79))
([(42, 178), (16, 228), (14, 232)], (4, 91, 136, 150))
([(149, 146), (162, 100), (179, 40), (159, 71), (102, 160)], (118, 43, 80, 249))
([(154, 240), (148, 199), (14, 9)], (135, 221, 178, 19))
([(84, 91), (101, 70), (43, 53), (40, 54)], (189, 227, 137, 98))
([(155, 112), (71, 195), (60, 216), (151, 223)], (163, 227, 103, 186))
([(7, 227), (5, 152), (115, 233), (115, 217), (115, 217), (151, 33)], (178, 210, 58, 92))
([(162, 1), (72, 212), (97, 14)], (234, 145, 189, 146))
([(55, 45), (53, 58), (115, 31)], (74, 80, 176, 31))
([(64, 46), (95, 236), (94, 221)], (37, 37, 95, 203))
([(153, 91), (3, 237), (66, 146), (126, 97), (129, 138)], (160, 138, 38, 219))
([(175, 159), (101, 104), (143, 211)], (118, 149, 127, 148))
([(163, 165), (157, 225), (18, 234), (70, 15)], (2, 205, 119, 118))
([(56, 172), (39, 198), (44, 200), (48, 201), (31, 212), (0, 232)], (108, 224, 115, 222))
([(79, 225), (23, 233), (86, 130)], (71, 81, 209, 211))
([(147, 109), (86, 129), (120, 41)], (228, 238, 211, 112))
([(2, 106), (27, 170), (27, 170), (24, 139)], (165, 18, 66, 233))
([(134, 171), (104, 222), (82, 169), (18, 14), (166, 42)], (54, 119, 6, 178))
([(82, 88), (92, 54), (85, 215)], (154, 100, 36, 208))
([(137, 117), (57, 193), (38, 160), (40, 226), (148, 50)], (220, 57, 242, 26))
([(31, 16), (159, 225), (155, 122), (153, 70), (153, 70)], (159, 244, 101, 232))
([(139, 119), (0, 16), (0, 73)], (177, 96, 0, 227))
([(177, 26), (173, 32), (149, 138)], (234, 179, 19, 255))
([(29, 228), (81, 240), (98, 220)], (94, 120, 7, 241))
([(16, 62), (83, 197), (140, 192)], (185, 46, 42, 73))
([(23, 67), (17, 73), (16, 51)], (57, 51, 157, 46))
([(140, 36), (44, 177), (19, 37)], (116, 100, 38, 11))
([(31, 100), (177, 222), (93, 120)], (55, 143, 126, 140))
([(159, 182), (120, 62), (173, 42), (4, 0)], (127, 80, 204, 237))
([(15, 3), (163, 156), (176, 169), (105, 16)], (220, 242, 136, 231))
([(38, 131), (7, 14), (60, 176), (64, 188), (80, 237), (81, 240)], (204, 236, 33, 71))
([(1, 81), (124, 235), (141, 168), (142, 164), (66, 45)], (62, 66, 145, 90))
([(173, 96), (11, 146), (138, 132)], (234, 213, 180, 66))
([(53, 163), (95, 142), (95, 142), (0, 207)], (221, 218, 179, 13))
([(140, 220), (173, 50), (95, 100), (92, 93)], (220, 27, 89, 88))
([(36, 2), (41, 30), (172, 20)], (198, 38, 239, 119))
([(106, 207), (92, 141), (92, 141), (91, 109)], (194, 83, 60, 127))
([(108, 207), (90, 35), (171, 61)], (161, 124, 73, 124))
([(127, 127), (124, 131), (47, 234), (20, 85), (3, 201)], (150, 167, 238, 236))
([(132, 88), (109, 237), (37, 46)], (18, 54, 36, 118))
([(15, 148), (11, 121), (58, 200)], (136, 49, 122, 79))
([(27, 212), (126, 213), (21, 125), (95, 147)], (166, 201, 109, 24))
([(161, 147), (150, 198), (19, 210)], (2, 246, 246, 16))
([(31, 35), (45, 240), (114, 119)], (164, 161, 98, 126))
([(82, 8), (3, 168), (39, 216), (48, 228), (54, 148), (56, 121)], (248, 118, 135, 140))
([(21, 209), (138, 234), (130, 169), (158, 127)], (31, 88, 232, 254))
([(161, 142), (20, 138), (43, 105), (2, 122)], (90, 51, 219, 65))
([(143, 138), (59, 38), (58, 41)], (219, 100, 50, 202))
([(172, 20), (145, 46), (4, 185), (142, 99)], (192, 96, 44, 249))
([(72, 33), (52, 157), (100, 61)], (16, 38, 234, 82))
([(88, 82), (70, 73), (39, 57), (37, 55), (37, 55)], (234, 191, 79, 179))
([(107, 81), (33, 70), (60, 103)], (89, 56, 226, 85))
([(43, 105), (120, 63), (155, 3)], (150, 247, 25, 26))
([(2, 81), (170, 2), (82, 203)], (134, 67, 141, 102))
([(163, 71), (180, 59), (83, 89)], (181, 99, 153, 231))
([(66, 116), (105, 147), (129, 57)], (83, 118, 71, 139))
([(124, 109), (46, 165), (41, 169)], (170, 100, 53, 123))
([(162, 193), (136, 34), (101, 172)], (240, 194, 204, 252))
([(179, 210), (0, 230), (159, 28)], (158, 99, 190, 204))
([(67, 99), (11, 133), (0, 140), (33, 201)], (113, 228, 193, 212))
([(58, 110), (33, 115), (122, 99)], (139, 27, 31, 7))
([(16, 81), (166, 141), (132, 240), (114, 122), (97, 143), (83, 160)], (212, 203, 121, 227))
([(16, 7), (66, 136), (89, 124), (179, 78)], (178, 27, 243, 75))
([(161, 239), (67, 102), (64, 98), (79, 104)], (44, 221, 92, 9))
([(94, 195), (87, 202), (132, 162), (97, 167)], (163, 89, 142, 113))
([(162, 151), (50, 19), (163, 155), (177, 206), (19, 67)], (25, 232, 249, 239))
([(87, 192), (87, 192), (15, 15), (13, 35), (68, 35)], (202, 193, 117, 239))
([(147, 6), (20, 61), (14, 64), (43, 87), (58, 99), (101, 132)], (174, 61, 184, 134))
([(32, 156), (106, 88), (84, 128)], (215, 133, 210, 219))
([(162, 56), (62, 227), (92, 179)], (136, 91, 136, 45))
([(95, 159), (89, 183), (86, 195), (19, 117)], (215, 70, 195, 65))
([(59, 140), (128, 45), (35, 117)], (231, 229, 61, 8))
([(3, 202), (36, 205), (61, 121), (71, 88)], (215, 81, 210, 107))
([(15, 67), (132, 15), (102, 133)], (165, 190, 183, 7))
([(156, 209), (11, 234), (90, 17)], (228, 251, 114, 127))
([(92, 58), (174, 164), (135, 227), (87, 31)], (219, 254, 29, 115))
([(126, 90), (66, 181), (41, 11)], (29, 64, 69, 182))
([(39, 169), (125, 147), (133, 145), (7, 90)], (93, 135, 88, 226))
([(111, 111), (147, 131), (95, 177)], (192, 15, 215, 101))
([(23, 59), (101, 132), (97, 69), (96, 53)], (171, 162, 127, 46))
([(165, 192), (49, 46), (49, 24)], (1, 148, 152, 1))
([(15, 204), (3, 18), (39, 238), (8, 129)], (151, 136, 23, 178))
([(101, 186), (31, 216), (16, 184), (81, 43)], (89, 212, 196, 188))
([(58, 225), (59, 197), (64, 60), (159, 98)], (67, 96, 241, 141))
([(139, 36), (164, 237), (75, 15)], (220, 173, 4, 84))
([(34, 207), (0, 203), (20, 109), (66, 61)], (18, 204, 135, 81))
([(160, 222), (3, 233), (87, 212)], (52, 157, 167, 224))
([(5, 163), (52, 74), (57, 80), (132, 176), (166, 220)], (127, 192, 224, 238))
([(105, 122), (81, 112), (160, 9), (21, 22)], (243, 130, 74, 230))
([(142, 13), (1, 195), (173, 48), (179, 200)], (154, 59, 106, 39))
([(21, 131), (118, 65), (70, 143)], (48, 53, 172, 0))
([(146, 232), (3, 204), (91, 45), (152, 78)], (184, 251, 216, 195))
([(25, 153), (33, 235), (167, 46), (74, 177)], (16, 178, 74, 200))
([(0, 175), (2, 144), (2, 144), (7, 67), (50, 116)], (121, 215, 148, 245))
([(141, 35), (26, 226), (6, 5), (156, 131)], (167, 44, 93, 241))
([(51, 66), (104, 82), (108, 75), (111, 70), (124, 47)], (237, 42, 52, 186))
([(4, 175), (43, 30), (37, 235)], (44, 117, 64, 168))
([(169, 169), (122, 131), (159, 15)], (240, 12, 231, 138))
([(2, 136), (61, 151), (108, 163), (7, 176)], (208, 251, 244, 251))
([(102, 175), (26, 145), (83, 56)], (24, 208, 171, 36))
([(34, 225), (50, 228), (111, 239), (117, 240), (117, 240), (115, 218)], (158, 21, 186, 255))
([(156, 164), (79, 145), (130, 149)], (33, 185, 155, 220))
([(101, 239), (101, 239), (100, 131), (94, 141), (41, 229)], (44, 135, 213, 211))
([(73, 237), (98, 126), (99, 122), (11, 3)], (83, 127, 232, 131))
([(58, 91), (75, 1), (53, 67)], (137, 48, 41, 173))
([(63, 198), (33, 194), (30, 193), (29, 193), (152, 195)], (27, 161, 107, 219))
([(178, 140), (154, 62), (83, 237)], (252, 58, 204, 185))
([(1, 228), (35, 58), (133, 141)], (41, 116, 46, 176))
([(172, 234), (2, 49), (3, 54), (5, 63), (15, 109), (162, 26)], (144, 199, 15, 153))
([(34, 224), (90, 166), (150, 104), (151, 103), (152, 214)], (245, 204, 132, 134))
([(17, 2), (97, 38), (48, 108), (10, 85)], (179, 203, 233, 223))
([(80, 92), (80, 92), (81, 151), (81, 151)], (172, 9, 201, 211))
([(161, 105), (136, 236), (131, 229), (131, 229), (130, 156), (37, 57)], (220, 94, 103, 155))
([(41, 152), (41, 89), (27, 92)], (14, 109, 251, 35))
([(0, 133), (151, 3), (73, 61), (5, 42)], (94, 194, 67, 218))
([(80, 65), (44, 14), (2, 131)], (77, 76, 173, 230))
([(74, 158), (116, 178), (119, 188), (21, 73), (2, 128)], (253, 74, 248, 182))
([(104, 196), (106, 191), (4, 52), (6, 66), (23, 187)], (114, 213, 133, 77))
([(94, 77), (132, 83), (109, 178)], (110, 107, 118, 199))
([(105, 237), (91, 218), (1, 107)], (183, 178, 173, 141))
([(168, 217), (75, 236), (30, 233), (7, 231)], (85, 238, 97, 197))
([(49, 224), (7, 76), (167, 1)], (230, 82, 135, 229))
([(19, 34), (18, 55), (15, 116), (112, 165)], (253, 191, 84, 106))
([(26, 125), (12, 6), (4, 132)], (221, 219, 194, 116))
([(113, 117), (140, 78), (12, 135), (97, 192)], (239, 242, 251, 180))
([(48, 16), (116, 98), (122, 105), (18, 222)], (53, 206, 213, 255))
([(6, 192), (73, 57), (66, 64), (52, 77), (115, 102), (156, 119)], (20, 153, 244, 76))
([(93, 215), (73, 131), (32, 193)], (175, 255, 128, 112))
([(89, 225), (105, 215), (71, 180), (70, 179), (58, 166)], (127, 122, 238, 235))
([(166, 237), (143, 75), (129, 151), (89, 211)], (219, 157, 212, 60))
([(128, 69), (64, 70), (30, 18), (28, 15)], (99, 159, 113, 222))
([(153, 136), (29, 50), (42, 99), (59, 164)], (137, 212, 159, 253))
([(54, 52), (100, 11), (161, 97), (172, 113)], (244, 160, 128, 66))
([(92, 161), (150, 202), (113, 62)], (46, 116, 6, 131))
([(113, 158), (129, 120), (179, 0), (94, 26)], (223, 107, 55, 211))
([(9, 94), (16, 214), (136, 168), (139, 67)], (73, 246, 228, 155))
([(86, 60), (62, 62), (80, 169), (171, 212)], (150, 133, 156, 255))
([(166, 219), (87, 190), (36, 17), (52, 23), (55, 24), (131, 54)], (211, 91, 176, 178))
([(88, 145), (143, 191), (146, 100), (147, 101), (149, 104), (152, 107)], (209, 170, 195, 218))
([(49, 122), (176, 94), (26, 12), (104, 90)], (67, 120, 108, 15))
([(139, 109), (17, 237), (174, 202)], (148, 196, 174, 205))
([(12, 201), (28, 160), (35, 144), (152, 184), (12, 217)], (25, 0, 247, 241))
([(6, 63), (60, 10), (63, 103)], (202, 238, 187, 127))
([(105, 212), (43, 28), (76, 93), (81, 103)], (180, 239, 28, 143))
([(99, 51), (20, 163), (0, 208), (155, 213)], (126, 238, 180, 116))
([(37, 115), (44, 120), (50, 73), (56, 26)], (152, 193, 62, 97))
([(146, 235), (56, 234), (85, 2), (35, 70), (1, 117)], (244, 214, 86, 150))
([(8, 120), (126, 149), (57, 34), (36, 41), (148, 121)], (162, 122, 133, 109))
([(156, 108), (110, 233), (11, 224), (118, 82)], (221, 211, 167, 54))
([(117, 186), (116, 108), (116, 108)], (49, 114, 7, 74))
([(58, 142), (14, 150), (3, 201)], (169, 179, 3, 20))
([(12, 114), (159, 105), (104, 220), (103, 222)], (12, 250, 209, 148))
([(46, 46), (45, 35), (43, 14), (64, 48), (86, 83), (118, 135)], (81, 78, 146, 58))
([(50, 11), (64, 141), (97, 46)], (230, 100, 157, 237))
([(94, 165), (54, 141), (79, 186)], (84, 233, 88, 30))
([(44, 69), (153, 225), (151, 81)], (182, 146, 202, 84))
([(103, 82), (108, 78), (180, 25), (38, 234)], (171, 80, 16, 244))
([(138, 54), (127, 65), (47, 105), (45, 164)], (162, 230, 245, 48))
([(148, 5), (49, 2), (108, 158)], (163, 236, 112, 128))
([(146, 66), (67, 65), (5, 64), (15, 230)], (206, 200, 129, 109))
([(49, 177), (82, 149), (82, 149), (72, 77)], (96, 136, 245, 65))
([(142, 187), (160, 170), (163, 167), (148, 7), (49, 63)], (232, 74, 26, 212))
([(131, 197), (112, 205), (58, 198), (51, 89), (39, 92), (19, 98)], (239, 211, 142, 184))
([(145, 216), (125, 116), (122, 101), (2, 207)], (49, 194, 226, 240))
([(84, 62), (73, 80), (47, 122), (66, 58)], (56, 128, 195, 104))
([(156, 208), (49, 70), (37, 115)], (225, 212, 115, 226))
([(83, 111), (129, 179), (44, 1), (161, 88), (178, 40)], (217, 7, 0, 175))
([(45, 231), (25, 92), (153, 11)], (249, 78, 133, 196))
([(107, 124), (92, 133), (81, 139), (60, 72), (67, 115), (79, 189)], (210, 169, 116, 214))
([(37, 20), (31, 236), (180, 125), (82, 133), (11, 234), (0, 126)], (142, 223, 207, 32))
([(111, 70), (89, 111), (6, 62), (77, 122), (25, 206)], (118, 158, 181, 153))
([(147, 226), (13, 4), (10, 38)], (180, 249, 219, 126))
([(131, 191), (93, 130), (57, 149), (48, 162)], (254, 0, 56, 189))
([(64, 212), (163, 200), (79, 150), (9, 194)], (198, 170, 194, 67))
([(38, 57), (75, 102), (67, 106), (57, 110)], (79, 62, 44, 183))
([(141, 62), (136, 72), (137, 79), (159, 235), (33, 120)], (192, 145, 224, 176))
([(111, 8), (24, 88), (139, 14)], (226, 240, 195, 197))
([(91, 0), (113, 160), (135, 232), (32, 84)], (244, 175, 176, 137))
([(9, 116), (9, 197), (9, 197), (9, 197), (159, 226)], (115, 178, 244, 71))
([(126, 21), (177, 83), (145, 88), (110, 94)], (228, 50, 90, 66))
([(4, 153), (5, 151), (91, 5), (83, 107), (83, 107), (2, 185)], (185, 210, 125, 55))
([(17, 223), (156, 236), (179, 128)], (203, 239, 139, 62))
([(77, 60), (18, 29), (79, 161), (107, 221)], (210, 106, 3, 0))
([(119, 144), (111, 128), (101, 138)], (67, 167, 197, 86))
([(173, 193), (173, 193), (47, 236), (35, 240), (14, 50), (13, 36)], (235, 238, 246, 181))
([(102, 138), (95, 131), (93, 121), (17, 185)], (78, 47, 32, 194))
([(177, 209), (166, 81), (55, 20)], (239, 73, 192, 186))
([(1, 73), (50, 112), (95, 147), (100, 62), (167, 70), (179, 169), (143, 30)], (119, 0, 0, 51))
([(47, 10), (118, 159), (67, 133), (63, 131)], (227, 27, 28, 251))
([(177, 23), (24, 46), (9, 47), (146, 187)], (228, 58, 182, 121))
([(62, 73), (40, 41), (142, 182)], (142, 97, 27, 111))
([(29, 173), (104, 53), (92, 231), (79, 49)], (109, 61, 73, 30))
([(157, 32), (56, 179), (29, 28)], (206, 67, 24, 82))
([(169, 47), (115, 204), (128, 89)], (161, 120, 11, 8))
([(34, 163), (35, 160), (56, 88), (132, 52)], (174, 6, 173, 168))
([(175, 91), (34, 55), (57, 80), (166, 161), (137, 13)], (98, 87, 6, 41))
([(99, 6), (95, 12), (83, 31), (93, 226), (145, 51)], (233, 16, 9, 18))
([(171, 26), (139, 31), (53, 46), (93, 39), (175, 173), (115, 186), (60, 198)], (105, 33, 33, 111))
([(132, 127), (22, 73), (2, 79)], (146, 100, 90, 23))
([(157, 20), (91, 6), (28, 210), (21, 5), (86, 10), (108, 12)], (240, 251, 174, 152))
([(46, 65), (37, 113), (41, 115), (45, 116), (73, 127), (144, 154)], (136, 108, 61, 101))
([(58, 49), (66, 189), (91, 162), (123, 200), (148, 230), (88, 234)], (224, 215, 236, 134))
([(63, 21), (44, 93), (72, 172), (74, 178), (97, 156), (170, 45), (123, 94), (96, 74)], (226, 225, 89, 80))
([(32, 16), (66, 164), (76, 207), (76, 207)], (199, 204, 106, 150))
([(170, 151), (42, 23), (178, 59)], (236, 128, 67, 121))
([(89, 39), (97, 224), (105, 164), (180, 151)], (158, 76, 67, 88))
([(86, 33), (53, 162), (37, 182)], (167, 16, 100, 254))
([(80, 12), (89, 100), (141, 127)], (169, 66, 21, 0))
([(27, 156), (157, 67), (78, 42)], (255, 110, 118, 207))
([(39, 150), (39, 150), (39, 150)], (20, 143, 171, 240))
([(92, 205), (84, 58), (12, 61)], (200, 51, 122, 131))
([(174, 199), (119, 69), (67, 79)], (220, 128, 10, 231))
([(17, 210), (52, 161), (119, 128), (122, 127)], (189, 64, 109, 232))
([(162, 3), (143, 30), (83, 115), (37, 7)], (144, 16, 18, 179))
([(174, 109), (30, 210), (99, 131)], (98, 86, 17, 22))
([(114, 193), (72, 192), (71, 192), (81, 218), (81, 218)], (74, 218, 206, 87))
([(42, 106), (57, 187), (68, 164), (179, 93)], (231, 22, 51, 244))
([(131, 89), (111, 8), (59, 36)], (233, 221, 45, 17))
