([(175, 117), (173, 23), (60, 169), (110, 197), (24, 192), (6, 124)], (139, 42, 174, 206))
([(125, 59), (74, 87), (169, 233)], (86, 138, 97, 237))
([(74, 230), (180, 228), (155, 62)], (149, 80, 205, 152))
([(2, 61), (21, 20), (53, 151), (64, 196)], (150, 49, 251, 112))
([(30, 161), (120, 95), (50, 127), (176, 194), (121, 150), (85, 121), (63, 103)], (1, 41, 194, 40))
([(81, 170), (68, 142), (36, 72), (11, 18), (19, 133)], (190, 93, 13, 144))
([(80, 114), (112, 217), (90, 88)], (126, 58, 95, 137))
([(27, 2), (148, 4), (135, 31), (110, 131), (95, 113), (65, 217)], (74, 59, 142, 160))
([(14, 39), (104, 151), (72, 88)], (68, 11, 125, 182))
([(177, 192), (102, 23), (96, 10), (85, 182)], (142, 51, 132, 202))
([(176, 35), (161, 93), (84, 92)], (239, 89, 113, 227))
([(105, 158), (148, 156), (129, 152), (146, 93), (5, 45)], (130, 231, 99, 223))
([(127, 196), (145, 220), (127, 12)], (55, 67, 109, 152))
([(128, 9), (162, 207), (83, 31)], (170, 98, 222, 214))
([(133, 198), (164, 8), (154, 2)], (88, 73, 19, 68))
([(92, 161), (97, 55), (113, 62)], (46, 116, 6, 131))
([(68, 7), (98, 81), (75, 52), (139, 235), (124, 104)], (62, 207, 252, 199))
([(74, 176), (135, 90), (166, 46), (176, 143)], (72, 19, 25, 244))
([(45, 2), (45, 2), (40, 158), (147, 18)], (123, 147, 61, 185))
([(147, 209), (30, 192), (161, 237)], (137, 141, 48, 178))
([(97, 144), (171, 117), (177, 187)], (161, 223, 5, 148))
([(161, 114), (50, 19), (51, 20), (68, 38)], (231, 244, 190, 75))
([(84, 204), (177, 232), (119, 91)], (91, 170, 49, 106))
([(158, 12), (162, 45), (75, 10)], (185, 103, 49, 239))
([(56, 126), (36, 77), (34, 72), (137, 106)], (185, 63, 213, 108))
([(18, 185), (113, 84), (64, 145)], (159, 137, 94, 248))
([(49, 122), (176, 94), (26, 12)], (67, 120, 108, 228))
([(94, 77), (132, 83), (109, 178)], (117, 107, 118, 199))
([(5, 237), (40, 200), (39, 187), (27, 34)], (2, 155, 231, 79))
([(149, 146), (162, 100), (179, 40), (159, 71), (102, 160)], (118, 43, 80, 249))
([(154, 240), (177, 136), (14, 9)], (135, 223, 178, 19))
([(84, 91), (93, 80), (101, 70), (43, 53), (40, 54)], (189, 227, 137, 98))
([(132, 88), (109, 237), (48, 29)], (18, 54, 36, 2))
([(88, 82), (70, 73), (37, 55), (37, 55)], (234, 191, 79, 179))
([(109, 157), (71, 195), (28, 190), (151, 223)], (163, 227, 103, 186))
([(7, 227), (5, 152), (115, 233), (115, 217), (151, 33)], (178, 210, 58, 92))
([(78, 56), (26, 145), (83, 56)], (208, 208, 171, 36))
([(39, 169), (125, 147), (133, 145), (130, 233)], (93, 135, 88, 226))
([(157, 32), (3, 81), (29, 28)], (206, 67, 24, 82))
([(66, 116), (105, 147), (129, 57)], (83, 118, 71, 77))
([(64, 46), (163, 178), (137, 194), (94, 221)], (37, 37, 95, 203))
([(20, 183), (76, 61), (172, 45)], (2, 72, 13, 135))
([(153, 91), (3, 237), (66, 146), (126, 97), (129, 138)], (53, 138, 251, 219))
([(6, 192), (52, 77), (88, 92), (156, 119)], (20, 153, 244, 76))
([(175, 159), (101, 104), (143, 211)], (118, 149, 127, 148))
([(163, 165), (157, 225), (18, 234), (25, 205), (19, 135)], (2, 205, 119, 118))
([(79, 225), (23, 233), (86, 130)], (71, 81, 209, 211))
([(19, 168), (98, 63), (141, 102), (141, 102), (142, 103)], (67, 247, 77, 115))
([(145, 26), (94, 70), (7, 133)], (185, 112, 95, 155))
([(55, 45), (177, 183), (115, 31)], (74, 80, 222, 31))
([(124, 108), (86, 129), (120, 41)], (228, 238, 211, 112))
([(63, 69), (7, 16), (39, 200)], (244, 236, 15, 197))
([(161, 147), (38, 208), (19, 210)], (2, 1, 246, 16))
([(2, 106), (27, 170), (24, 139)], (165, 18, 155, 233))
([(135, 34), (14, 150), (3, 201)], (38, 106, 3, 20))
([(134, 171), (104, 222), (82, 169), (18, 14), (166, 42)], (124, 119, 6, 178))
([(82, 88), (92, 54), (70, 7)], (154, 100, 36, 208))
([(137, 117), (102, 59), (38, 160), (40, 226), (83, 156)], (220, 57, 242, 26))
([(19, 229), (155, 122), (153, 70), (153, 70), (153, 70)], (159, 244, 101, 232))
([(139, 119), (0, 16), (0, 73)], (177, 96, 0, 227))
([(23, 67), (17, 73), (16, 51)], (86, 51, 157, 46))
([(29, 228), (81, 240), (98, 220)], (94, 120, 139, 241))
([(156, 164), (133, 158), (130, 149)], (33, 185, 155, 99))
([(16, 62), (83, 197), (90, 181)], (185, 160, 42, 73))
([(131, 13), (177, 222), (93, 120)], (55, 143, 126, 140))
([(159, 182), (16, 73), (173, 42), (4, 0)], (127, 80, 204, 237))
([(15, 3), (137, 129), (176, 169), (105, 16)], (220, 242, 203, 231))
([(86, 10), (7, 14), (7, 14), (60, 176), (80, 237), (81, 240)], (204, 236, 33, 71))
([(1, 81), (124, 235), (141, 168), (142, 164), (66, 45)], (62, 66, 145, 90))
([(53, 163), (94, 142), (0, 207)], (221, 218, 179, 13))
([(161, 105), (136, 236), (131, 229), (131, 229), (130, 156), (70, 92), (37, 57)], (237, 94, 103, 155))
([(140, 220), (173, 50), (35, 89), (4, 22)], (220, 27, 89, 88))
([(36, 2), (41, 30), (172, 20)], (198, 38, 239, 119))
([(106, 207), (167, 135), (91, 109)], (194, 83, 60, 43))
([(108, 207), (90, 35), (171, 61)], (161, 124, 73, 1))
([(127, 127), (124, 131), (108, 152), (47, 234), (20, 85), (3, 201)], (150, 167, 238, 236))
([(15, 148), (11, 121), (14, 119), (15, 118), (81, 60)], (136, 123, 40, 81))
([(31, 35), (45, 240), (52, 228), (114, 119)], (164, 161, 98, 126))
([(82, 8), (3, 168), (48, 228), (25, 27), (5, 58)], (248, 118, 135, 140))
([(21, 209), (138, 234), (130, 169)], (31, 88, 232, 254))
([(20, 138), (43, 105), (2, 122)], (90, 51, 166, 65))
([(143, 138), (59, 38), (62, 165)], (219, 100, 50, 202))
([(177, 26), (173, 32), (169, 50), (149, 138)], (234, 179, 19, 255))
([(56, 172), (39, 198), (39, 198), (44, 200), (48, 201), (31, 212), (0, 232)], (108, 224, 115, 222))
([(172, 20), (145, 46), (142, 99)], (192, 96, 44, 249))
([(89, 39), (105, 164), (180, 151)], (158, 76, 67, 88))
([(143, 220), (3, 18), (39, 238), (8, 129)], (151, 136, 23, 178))
([(72, 33), (52, 157), (100, 61)], (253, 106, 234, 17))
([(107, 81), (33, 70), (34, 70), (143, 20)], (89, 56, 226, 76))
([(25, 42), (30, 85), (148, 222)], (60, 241, 227, 184))
([(2, 81), (50, 58), (170, 2), (82, 203)], (134, 67, 225, 102))
([(124, 109), (60, 155), (46, 165)], (170, 100, 53, 159))
([(162, 193), (121, 228), (118, 43), (39, 81)], (240, 194, 204, 252))
([(161, 239), (81, 49), (64, 98)], (44, 221, 92, 9))
([(179, 210), (0, 230), (159, 28)], (158, 99, 190, 204))
([(1, 133), (11, 133), (0, 140), (33, 201)], (113, 228, 193, 212))
([(58, 110), (33, 115), (68, 109), (74, 232)], (139, 27, 31, 135))
([(43, 105), (90, 178), (155, 3)], (150, 247, 230, 26))
([(87, 192), (87, 192), (15, 15), (13, 35)], (202, 193, 117, 239))
([(16, 81), (166, 141), (132, 240), (114, 122), (97, 143), (83, 160)], (212, 203, 121, 227))
([(16, 7), (15, 30), (89, 124), (179, 78)], (178, 27, 243, 114))
([(94, 195), (90, 199), (87, 202), (97, 167)], (163, 89, 142, 113))
([(162, 151), (50, 19), (163, 155), (177, 206), (19, 67)], (25, 232, 249, 239))
([(147, 6), (15, 2), (87, 128), (21, 70), (43, 87), (58, 99), (101, 132)], (174, 61, 184, 134))
([(32, 156), (106, 88), (84, 128)], (215, 108, 86, 255))
([(162, 56), (62, 227), (92, 179)], (136, 91, 136, 45))
([(95, 159), (92, 171), (89, 183), (86, 195), (176, 110)], (215, 70, 250, 65))
([(3, 202), (36, 205), (71, 88)], (215, 81, 210, 107))
([(156, 209), (11, 234), (90, 17)], (228, 251, 114, 127))
([(92, 58), (174, 164), (135, 227), (25, 1)], (219, 254, 29, 115))
([(15, 67), (132, 15), (102, 133)], (165, 190, 183, 133))
([(165, 192), (108, 145), (42, 103)], (16, 148, 152, 1))
([(101, 186), (31, 216), (24, 201), (16, 184), (81, 43)], (20, 212, 196, 188))
([(148, 5), (49, 2), (108, 158)], (163, 236, 112, 128))
([(163, 71), (180, 59), (83, 89)], (181, 99, 153, 231))
([(58, 91), (75, 1), (53, 67)], (137, 48, 41, 173))
([(107, 65), (49, 169), (159, 98)], (67, 96, 241, 141))
([(139, 36), (164, 237), (75, 15)], (220, 173, 4, 197))
([(34, 207), (21, 205), (0, 203), (20, 109), (66, 61)], (18, 204, 135, 81))
([(94, 118), (3, 233), (87, 212)], (52, 157, 167, 224))
([(126, 90), (66, 181), (41, 11)], (29, 64, 69, 182))
([(5, 163), (52, 74), (55, 78), (57, 80), (166, 220)], (127, 192, 224, 238))
([(105, 122), (160, 9), (21, 22)], (243, 130, 74, 230))
([(142, 13), (1, 195), (173, 48), (179, 200)], (154, 59, 253, 254))
([(21, 131), (64, 186), (70, 143)], (48, 53, 172, 0))
([(146, 232), (3, 204), (91, 45), (152, 78)], (184, 251, 216, 195))
([(65, 43), (27, 174), (33, 235), (167, 46), (74, 177)], (16, 0, 144, 200))
([(0, 175), (2, 144), (2, 144), (7, 67), (50, 116)], (121, 215, 148, 245))
([(141, 35), (26, 226), (14, 93), (6, 5), (156, 131)], (212, 44, 150, 241))
([(104, 82), (110, 108), (111, 70), (112, 68), (124, 47)], (237, 42, 52, 11))
([(4, 175), (108, 53), (37, 235)], (44, 117, 64, 168))
([(169, 169), (152, 155), (122, 131), (123, 128), (123, 128), (159, 15)], (240, 12, 172, 138))
([(140, 36), (44, 177), (19, 37)], (116, 100, 55, 11))
([(62, 111), (178, 124), (62, 111), (63, 113), (30, 109), (65, 93), (150, 124)], (94, 199, 199, 140))
([(34, 225), (50, 228), (111, 239), (117, 240), (117, 240), (115, 218)], (158, 21, 186, 255))
([(101, 239), (101, 239), (100, 131), (41, 229)], (44, 135, 213, 211))
([(73, 237), (76, 224), (79, 210), (79, 210), (80, 206), (98, 126), (99, 122), (158, 231)], (83, 127, 232, 131))
([(2, 136), (8, 138), (61, 151), (7, 176)], (208, 251, 244, 251))
([(63, 198), (33, 194), (30, 193), (29, 193), (152, 195)], (27, 161, 107, 219))
([(178, 140), (154, 62), (83, 237)], (252, 58, 139, 185))
([(140, 151), (177, 180), (41, 52)], (125, 3, 91, 2))
([(1, 228), (35, 58), (133, 141)], (41, 116, 46, 23))
([(172, 234), (2, 49), (3, 54), (12, 95), (15, 109), (162, 26)], (144, 199, 15, 153))
([(34, 224), (90, 166), (161, 17), (152, 214)], (245, 204, 132, 134))
([(17, 2), (97, 38), (48, 108), (20, 91), (10, 85)], (179, 203, 233, 223))
([(0, 133), (151, 3), (73, 61), (5, 42)], (94, 194, 67, 255))
([(80, 65), (44, 14), (2, 131)], (77, 76, 173, 230))
([(99, 170), (119, 188), (21, 73), (2, 128)], (253, 74, 248, 182))
([(104, 196), (106, 191), (12, 239), (6, 66), (23, 187)], (114, 213, 133, 77))
([(23, 59), (101, 132), (97, 69), (4, 114)], (171, 162, 127, 46))
([(153, 158), (91, 218), (1, 107)], (183, 178, 173, 141))
([(168, 217), (144, 222), (75, 236), (57, 235), (30, 233)], (163, 238, 97, 185))
([(49, 224), (7, 76), (167, 1)], (230, 82, 135, 229))
([(19, 34), (18, 55), (15, 116), (112, 165)], (253, 191, 84, 106))
([(107, 124), (133, 46), (99, 82), (67, 115)], (210, 169, 116, 214))
([(26, 125), (12, 6), (4, 132)], (221, 219, 221, 116))
([(113, 117), (140, 78), (12, 135), (97, 192)], (239, 242, 251, 180))
([(48, 16), (116, 98), (122, 105), (18, 222)], (53, 206, 213, 255))
([(173, 96), (11, 146), (138, 132)], (234, 213, 180, 66))
([(93, 215), (73, 131), (40, 181), (36, 187), (32, 193)], (175, 255, 128, 112))
([(166, 237), (143, 75), (11, 219)], (219, 157, 212, 75))
([(111, 111), (130, 90), (147, 71), (95, 177)], (192, 15, 215, 101))
([(128, 69), (30, 18), (28, 15)], (99, 159, 113, 22))
([(153, 136), (29, 50), (42, 99)], (137, 212, 159, 253))
([(54, 52), (100, 11), (172, 113)], (244, 160, 128, 170))
([(113, 158), (179, 0), (142, 11), (94, 26)], (223, 107, 55, 211))
([(16, 214), (136, 168), (139, 67)], (73, 246, 228, 155))
([(86, 60), (62, 62), (80, 169), (171, 212)], (150, 133, 156, 255))
([(166, 219), (87, 190), (36, 17), (36, 17), (55, 24), (131, 54)], (211, 91, 176, 214))
([(143, 191), (146, 100), (147, 101), (122, 78), (91, 50), (152, 107)], (209, 170, 195, 218))
([(145, 216), (125, 116), (122, 101), (2, 207)], (49, 194, 226, 240))
([(62, 208), (17, 237), (174, 202)], (148, 196, 174, 205))
([(12, 201), (28, 160), (72, 21), (152, 184), (12, 217)], (25, 0, 247, 128))
([(6, 63), (62, 26), (63, 103)], (171, 238, 187, 127))
([(176, 182), (43, 28), (79, 99), (81, 103)], (180, 239, 28, 143))
([(89, 225), (51, 95), (71, 180), (142, 89), (58, 166)], (127, 122, 238, 235))
([(162, 1), (72, 212), (83, 125), (97, 14)], (234, 145, 189, 164))
([(27, 212), (126, 213), (21, 125), (95, 147)], (166, 201, 109, 24))
([(42, 178), (16, 228), (69, 114)], (4, 91, 136, 182))
([(99, 51), (20, 163), (0, 208)], (126, 223, 180, 116))
([(37, 115), (48, 79), (50, 73), (56, 26)], (152, 193, 62, 97))
([(146, 235), (56, 234), (85, 2), (35, 70), (1, 117)], (244, 214, 86, 150))
([(126, 149), (57, 34), (36, 41), (148, 121)], (162, 41, 133, 109))
([(156, 108), (110, 233), (164, 220)], (221, 211, 167, 254))
([(118, 186), (116, 108), (44, 65)], (49, 114, 7, 74))
([(12, 114), (159, 105), (138, 149), (143, 146)], (12, 250, 209, 148))
([(46, 46), (45, 35), (43, 14), (64, 48), (118, 135)], (81, 78, 146, 58))
([(50, 11), (64, 141), (97, 46)], (230, 100, 157, 237))
([(94, 165), (54, 141), (79, 186)], (84, 233, 88, 98))
([(44, 69), (153, 225), (151, 81)], (182, 146, 202, 84))
([(103, 82), (177, 158), (180, 25), (43, 191), (38, 197)], (171, 80, 16, 244))
([(138, 54), (127, 65), (45, 164)], (165, 230, 245, 48))
([(146, 66), (67, 65), (5, 64), (15, 230)], (206, 200, 129, 109))
([(49, 177), (82, 149), (72, 77)], (96, 13, 245, 182))
([(142, 187), (157, 173), (160, 170), (163, 167), (151, 39), (148, 7), (49, 63)], (232, 74, 26, 212))
([(131, 197), (112, 205), (58, 198), (51, 89), (39, 92), (19, 98)], (239, 211, 142, 184))
([(84, 62), (135, 106), (66, 58)], (60, 128, 195, 104))
([(156, 208), (49, 70), (37, 115)], (225, 212, 115, 226))
([(83, 111), (129, 179), (44, 1), (161, 88), (178, 40)], (217, 33, 0, 175))
([(45, 231), (25, 92), (153, 11)], (249, 232, 133, 196))
([(37, 20), (31, 236), (180, 125), (82, 133), (21, 220), (11, 234), (0, 126)], (188, 223, 207, 32))
([(147, 226), (13, 4), (11, 27), (10, 38)], (180, 249, 219, 126))
([(131, 191), (93, 130), (65, 145), (57, 149), (48, 162)], (254, 0, 56, 189))
([(64, 212), (8, 151), (79, 150), (9, 194)], (198, 170, 194, 67))
([(38, 57), (75, 102), (67, 106), (57, 110)], (79, 62, 44, 183))
([(41, 137), (159, 235), (49, 135), (33, 120)], (192, 145, 224, 176))
([(111, 8), (77, 39), (24, 88), (139, 14)], (226, 240, 195, 197))
([(91, 0), (113, 160), (135, 232), (54, 116), (32, 84)], (244, 175, 176, 137))
([(9, 116), (9, 197), (9, 197), (9, 197), (159, 226)], (115, 178, 244, 71))
([(126, 21), (177, 83), (87, 235), (145, 88), (110, 94)], (228, 50, 90, 66))
([(4, 153), (5, 151), (91, 5), (83, 107), (83, 107), (2, 185)], (185, 210, 125, 55))
([(17, 223), (156, 236), (179, 128)], (203, 239, 139, 62))
([(80, 92), (80, 92), (81, 151)], (172, 9, 201, 211))
([(41, 152), (41, 89), (27, 92)], (14, 109, 251, 35))
([(119, 144), (111, 128), (104, 135)], (67, 167, 197, 86))
([(173, 193), (173, 193), (47, 236), (4, 51), (46, 40), (13, 36)], (235, 238, 246, 181))
([(102, 138), (95, 131), (93, 121), (17, 185)], (78, 47, 32, 194))
([(177, 209), (166, 81), (55, 20)], (239, 73, 192, 175))
([(1, 73), (50, 112), (95, 147), (128, 127), (167, 70), (179, 169), (143, 30)], (119, 0, 0, 51))
([(111, 70), (89, 111), (6, 62), (77, 122), (25, 206)], (118, 158, 181, 153))
([(47, 10), (118, 159), (63, 131)], (227, 27, 28, 251))
([(177, 23), (120, 32), (24, 46), (53, 134), (66, 174), (137, 178), (137, 178), (146, 187)], (228, 58, 182, 121))
([(62, 73), (40, 41), (142, 182)], (142, 97, 27, 111))
([(29, 173), (162, 80), (79, 49)], (109, 61, 73, 30))
([(169, 47), (115, 204), (128, 89)], (161, 120, 11, 8))
([(35, 160), (96, 153), (56, 88), (37, 6)], (174, 0, 173, 168))
([(175, 91), (111, 75), (34, 55), (57, 80), (166, 161), (137, 13)], (98, 87, 6, 35))
([(99, 6), (83, 31), (93, 226), (145, 51)], (233, 16, 9, 18))
([(171, 26), (139, 31), (33, 108), (93, 39), (175, 173), (115, 186), (60, 198)], (105, 33, 33, 111))
([(132, 127), (22, 73), (2, 79)], (146, 100, 90, 23))
([(157, 20), (91, 6), (28, 210), (21, 5), (86, 10), (108, 12)], (240, 251, 174, 152))
([(46, 65), (46, 65), (37, 113), (41, 115), (45, 116), (73, 127), (144, 154)], (212, 108, 3, 101))
([(58, 49), (66, 189), (91, 162), (123, 200), (148, 230), (88, 234)], (224, 215, 236, 134))
([(63, 21), (44, 93), (72, 172), (74, 178), (97, 156), (170, 45), (123, 94), (96, 74)], (226, 225, 89, 80))
([(32, 16), (66, 164), (76, 207), (81, 16)], (199, 204, 106, 150))
([(170, 151), (42, 23), (178, 59)], (236, 128, 67, 121))
([(86, 33), (73, 84), (53, 162), (37, 182)], (167, 16, 100, 254))
([(80, 12), (89, 100), (141, 127)], (139, 226, 21, 0))
([(27, 156), (157, 67), (176, 167)], (255, 60, 118, 207))
([(39, 150), (39, 150), (39, 150)], (20, 143, 171, 240))
([(92, 205), (117, 26), (12, 61)], (200, 51, 122, 131))
([(146, 108), (119, 69), (67, 79)], (220, 128, 10, 231))
([(17, 210), (52, 161), (48, 58), (48, 58), (122, 127)], (189, 64, 109, 232))
([(77, 60), (18, 29), (121, 199)], (210, 106, 3, 0))
([(59, 140), (30, 51), (65, 94), (35, 117)], (232, 229, 61, 15))
([(162, 3), (143, 30), (83, 115), (37, 7)], (144, 16, 18, 179))
([(174, 109), (30, 210), (99, 131)], (98, 86, 17, 22))
([(114, 193), (72, 192), (71, 192), (81, 218)], (74, 218, 206, 87))
([(42, 106), (48, 138), (57, 187), (68, 164), (138, 32)], (231, 22, 51, 244))
([(131, 89), (111, 8), (59, 36)], (233, 221, 45, 17))
