([(163, 165), (163, 165), (157, 109), (64, 231), (52, 232), (18, 234), (19, 135)], (21, 205, 141, 217))
([(73, 237), (76, 224), (99, 122), (158, 231)], (83, 127, 232, 223))
([(74, 230), (180, 228), (162, 108)], (246, 80, 205, 152))
([(146, 232), (3, 204), (75, 74), (91, 45), (152, 78)], (184, 251, 216, 195))
([(27, 2), (148, 4), (69, 172), (73, 139), (95, 113), (32, 148)], (74, 59, 142, 188))
([(158, 138), (152, 139), (72, 88)], (148, 11, 25, 100))
([(177, 192), (102, 23), (85, 182)], (142, 217, 132, 202))
([(29, 78), (135, 163), (97, 46)], (59, 100, 157, 36))
([(103, 240), (81, 155), (163, 43), (12, 67)], (213, 89, 113, 22))
([(36, 77), (4, 134), (5, 227)], (185, 230, 113, 247))
([(45, 45), (48, 112), (79, 150)], (198, 170, 4, 77))
([(53, 173), (132, 15), (112, 46)], (251, 251, 64, 133))
([(56, 172), (44, 200), (69, 1), (36, 55), (15, 222), (8, 227), (0, 232)], (108, 224, 115, 222))
([(127, 196), (19, 37), (35, 29), (0, 166)], (55, 234, 113, 152))
([(109, 176), (102, 172), (161, 17)], (139, 204, 132, 117))
([(98, 32), (163, 8), (164, 8), (159, 15), (143, 36), (140, 40), (4, 222)], (102, 171, 35, 208))
([(160, 229), (133, 144), (50, 110), (46, 154)], (75, 123, 60, 85))
([(161, 87), (0, 16), (0, 73)], (177, 173, 0, 230))
([(80, 71), (131, 68), (105, 177), (91, 236), (30, 192), (161, 237)], (137, 141, 160, 178))
([(25, 161), (156, 226), (170, 230), (177, 232), (119, 91)], (219, 170, 49, 239))
([(2, 61), (14, 35), (21, 20), (64, 196)], (226, 66, 251, 203))
([(21, 209), (138, 234), (3, 118)], (31, 88, 232, 254))
([(105, 160), (115, 212), (121, 186)], (150, 97, 156, 98))
([(14, 123), (60, 31), (75, 1), (140, 170), (162, 227)], (251, 233, 94, 248))
([(0, 140), (18, 55), (50, 34), (62, 26), (62, 26), (156, 150)], (240, 238, 187, 127))
([(118, 186), (129, 54), (116, 108)], (119, 114, 69, 236))
([(111, 8), (35, 78), (81, 214)], (172, 208, 194, 197))
([(118, 223), (174, 25), (8, 197)], (161, 143, 30, 1))
([(162, 100), (179, 40), (1, 149), (47, 238)], (118, 47, 80, 249))
([(3, 28), (126, 183), (170, 110)], (194, 83, 60, 217))
([(68, 178), (62, 143), (56, 26)], (152, 193, 62, 216))
([(157, 115), (54, 88), (5, 15)], (131, 53, 3, 178))
([(1, 133), (3, 11), (87, 188)], (88, 228, 193, 230))
([(9, 116), (110, 31), (9, 197)], (115, 178, 244, 84))
([(160, 98), (176, 94), (26, 12)], (67, 120, 180, 228))
([(95, 69), (133, 69), (155, 69), (164, 69), (172, 69), (128, 139), (91, 197), (75, 234)], (186, 67, 24, 171))
([(179, 110), (150, 129), (73, 179), (115, 63)], (171, 100, 245, 48))
([(104, 229), (128, 199), (130, 233)], (121, 254, 252, 226))
([(107, 182), (153, 68), (94, 221)], (4, 115, 99, 251))
([(49, 57), (79, 163), (82, 138), (91, 62), (70, 7)], (144, 100, 36, 208))
([(178, 10), (6, 192), (3, 171), (93, 145)], (20, 153, 244, 76))
([(60, 236), (80, 194), (153, 220), (65, 88)], (53, 206, 213, 255))
([(169, 91), (150, 179), (146, 197), (143, 211)], (172, 23, 245, 54))
([(1, 81), (124, 235), (112, 196), (66, 45)], (62, 66, 145, 90))
([(177, 209), (166, 81), (170, 51)], (239, 73, 192, 175))
([(111, 111), (130, 90), (54, 215)], (192, 15, 203, 68))
([(17, 134), (78, 236), (8, 98)], (128, 146, 202, 84))
([(179, 210), (0, 230), (159, 28)], (158, 99, 190, 204))
([(172, 20), (171, 21), (169, 23), (145, 46), (154, 11)], (198, 96, 44, 249))
([(36, 2), (59, 182), (24, 239)], (198, 204, 239, 119))
([(21, 131), (155, 229), (120, 177), (70, 143)], (233, 102, 172, 236))
([(144, 49), (7, 16), (39, 200)], (244, 236, 99, 215))
([(149, 192), (150, 181), (163, 40)], (71, 226, 6, 119))
([(77, 176), (37, 187), (51, 179)], (252, 98, 219, 235))
([(110, 225), (97, 214), (78, 29)], (5, 107, 50, 48))
([(5, 237), (167, 163), (136, 160), (22, 148), (7, 88)], (2, 155, 231, 227))
([(10, 22), (31, 10), (45, 2), (147, 18)], (123, 63, 61, 249))
([(178, 140), (50, 172), (83, 237)], (252, 40, 225, 214))
([(173, 23), (108, 79), (125, 3)], (139, 42, 174, 206))
([(159, 182), (110, 135), (173, 42), (145, 35), (22, 4), (4, 0)], (127, 80, 204, 237))
([(99, 51), (96, 55), (20, 163), (0, 208)], (96, 223, 180, 116))
([(115, 202), (86, 124), (131, 13)], (200, 51, 122, 131))
([(34, 225), (50, 228), (111, 239), (117, 240), (124, 175)], (158, 151, 220, 255))
([(55, 74), (144, 133), (142, 103)], (240, 50, 246, 113))
([(26, 164), (94, 70), (167, 10)], (199, 112, 245, 155))
([(14, 141), (70, 73), (1, 201)], (199, 224, 79, 202))
([(101, 239), (101, 239), (166, 187), (41, 229)], (44, 135, 213, 211))
([(29, 228), (160, 173), (81, 240), (78, 240), (75, 240), (59, 240)], (94, 234, 139, 241))
([(132, 72), (34, 15), (149, 0), (35, 89)], (220, 27, 172, 160))
([(71, 195), (49, 121), (20, 23), (98, 159)], (156, 114, 213, 22))
([(27, 170), (55, 110), (62, 95), (71, 75), (102, 8)], (199, 225, 155, 233))
([(64, 19), (135, 75), (30, 20)], (191, 109, 251, 195))
([(38, 71), (69, 55), (82, 48), (74, 119), (2, 178)], (89, 140, 226, 49))
([(3, 202), (101, 208), (71, 88)], (140, 11, 210, 97))
([(128, 9), (145, 108), (83, 31)], (170, 98, 20, 207))
([(120, 227), (129, 184), (137, 145)], (12, 68, 152, 216))
([(62, 158), (79, 152), (45, 176), (0, 207), (6, 104)], (99, 218, 179, 101))
([(131, 13), (7, 228), (177, 222), (37, 25)], (55, 143, 126, 140))
([(141, 35), (26, 226), (14, 93), (6, 5)], (212, 203, 229, 241))
([(58, 110), (67, 109), (68, 109), (74, 232)], (78, 189, 2, 82))
([(124, 109), (87, 77), (67, 148), (60, 155)], (170, 195, 207, 183))
([(175, 91), (111, 75), (34, 55), (57, 80), (158, 120)], (98, 40, 6, 35))
([(107, 175), (143, 46), (124, 47)], (126, 168, 18, 251))
([(131, 43), (111, 38), (7, 14), (6, 16), (6, 16)], (204, 236, 33, 166))
([(161, 105), (136, 236), (135, 235), (135, 235), (135, 235), (60, 69), (131, 229), (130, 156)], (237, 94, 103, 155))
([(1, 228), (35, 58), (38, 61), (169, 196)], (98, 116, 198, 40))
([(20, 240), (155, 237), (108, 15)], (226, 17, 89, 80))
([(23, 59), (11, 115), (145, 62), (179, 232)], (171, 172, 34, 46))
([(16, 238), (51, 95), (142, 89)], (127, 137, 212, 75))
([(70, 8), (26, 60), (18, 12)], (253, 106, 193, 17))
([(150, 222), (22, 224), (89, 183), (176, 110)], (241, 70, 250, 65))
([(46, 211), (99, 182), (36, 72), (11, 18), (4, 180)], (190, 93, 179, 144))
([(5, 57), (11, 56), (43, 84)], (204, 191, 90, 15))
([(0, 133), (151, 3), (73, 61), (66, 59), (5, 42)], (200, 194, 141, 255))
([(108, 152), (20, 85), (3, 201)], (46, 74, 238, 184))
([(24, 31), (37, 28), (94, 81)], (150, 247, 36, 183))
([(109, 208), (45, 240), (47, 237), (52, 228)], (164, 229, 98, 215))
([(92, 188), (24, 201), (20, 83)], (20, 212, 216, 206))
([(43, 48), (93, 105), (67, 115)], (27, 169, 125, 214))
([(20, 138), (35, 138), (123, 140), (160, 198), (158, 131)], (90, 204, 112, 243))
([(165, 211), (79, 239), (36, 175)], (228, 238, 211, 247))
([(142, 103), (169, 16), (180, 151)], (158, 103, 67, 175))
([(149, 67), (107, 146), (14, 135)], (77, 171, 241, 37))
([(147, 6), (115, 5), (15, 2), (87, 128), (101, 132)], (174, 66, 158, 199))
([(72, 192), (71, 192), (13, 54)], (49, 248, 206, 36))
([(23, 233), (170, 2), (139, 5), (133, 6), (122, 44)], (245, 67, 221, 206))
([(62, 73), (16, 224), (123, 43)], (35, 97, 27, 170))
([(20, 240), (16, 72), (15, 30), (89, 124)], (84, 220, 243, 114))
([(130, 50), (75, 1), (72, 10)], (137, 9, 28, 173))
([(158, 12), (94, 91), (93, 92), (83, 104), (75, 10)], (185, 177, 49, 239))
([(28, 190), (126, 108), (14, 229)], (46, 50, 6, 95))
([(63, 35), (73, 91), (4, 24)], (69, 167, 250, 86))
([(156, 41), (156, 41), (159, 42), (14, 150), (3, 201)], (38, 106, 3, 20))
([(44, 71), (32, 27), (1, 195), (9, 155), (173, 48), (176, 124), (179, 200)], (154, 181, 253, 254))
([(59, 197), (41, 54), (40, 54)], (189, 227, 137, 98))
([(44, 107), (37, 93), (133, 130)], (50, 51, 164, 155))
([(155, 155), (106, 88), (84, 128)], (215, 81, 86, 204))
([(169, 47), (135, 146), (67, 3)], (161, 120, 11, 8))
([(176, 182), (105, 100), (43, 28), (51, 44), (79, 99)], (71, 42, 105, 143))
([(87, 192), (15, 15), (13, 35)], (202, 193, 117, 239))
([(39, 145), (173, 191), (177, 206), (108, 145), (25, 232)], (140, 232, 249, 239))
([(58, 238), (3, 168), (89, 111), (39, 216), (91, 73), (25, 27), (5, 58)], (248, 204, 171, 140))
([(140, 36), (97, 99), (141, 239)], (116, 138, 55, 139))
([(0, 175), (78, 14), (46, 111), (0, 99)], (175, 215, 148, 245))
([(8, 172), (133, 153), (129, 152), (170, 124), (26, 55), (5, 45)], (209, 231, 99, 223))
([(92, 58), (179, 9), (22, 6), (25, 1)], (219, 254, 29, 68))
([(97, 144), (135, 130), (171, 117), (177, 187)], (213, 223, 5, 148))
([(101, 138), (109, 142), (139, 128), (120, 147), (45, 127)], (159, 163, 71, 202))
([(171, 35), (173, 114), (173, 114), (174, 153), (66, 58)], (250, 175, 195, 98))
([(147, 226), (35, 240), (109, 239), (11, 27), (11, 27), (10, 38)], (180, 249, 219, 219))
([(27, 212), (161, 88), (125, 211), (31, 1)], (166, 227, 153, 69))
([(85, 161), (164, 237), (75, 15)], (220, 173, 102, 197))
([(54, 58), (160, 9), (160, 239)], (249, 253, 74, 230))
([(14, 207), (21, 205), (0, 203), (0, 203), (20, 109)], (18, 119, 194, 118))
([(129, 195), (180, 59), (142, 13)], (197, 99, 153, 231))
([(135, 125), (63, 110), (53, 56), (51, 45), (48, 29)], (51, 91, 93, 156))
([(79, 225), (23, 233), (97, 38)], (57, 81, 209, 211))
([(87, 210), (177, 183), (170, 110)], (74, 80, 222, 37))
([(42, 135), (45, 128), (11, 119)], (2, 72, 13, 178))
([(143, 138), (36, 233), (62, 165)], (219, 100, 50, 117))
([(15, 3), (6, 102), (137, 129), (76, 208), (105, 16)], (220, 242, 218, 225))
([(57, 143), (129, 155), (69, 141)], (8, 233, 88, 108))
([(149, 235), (26, 145), (21, 98)], (208, 208, 47, 36))
([(154, 240), (177, 136), (11, 118)], (208, 223, 178, 20))
([(4, 175), (92, 72), (108, 53), (37, 235)], (2, 51, 64, 195))
([(157, 20), (91, 6), (28, 210), (21, 5), (158, 101)], (240, 251, 199, 180))
([(111, 140), (75, 90), (86, 66), (93, 51)], (43, 226, 226, 9))
([(169, 169), (147, 151), (133, 17), (0, 161)], (245, 231, 172, 138))
([(42, 195), (33, 194), (71, 63)], (27, 161, 239, 189))
([(160, 100), (167, 119), (128, 136), (166, 220)], (127, 192, 224, 194))
([(39, 36), (58, 94), (61, 52), (62, 38), (63, 24), (0, 3), (35, 142), (29, 168), (19, 210)], (177, 121, 246, 107))
([(166, 108), (115, 217), (115, 217)], (236, 210, 125, 231))
([(80, 199), (38, 48), (159, 235)], (192, 145, 224, 176))
([(177, 26), (162, 22), (107, 6), (111, 79), (113, 116), (149, 138)], (234, 62, 19, 255))
([(159, 132), (91, 146), (35, 153)], (125, 189, 228, 142))
([(143, 220), (3, 18), (8, 129)], (218, 199, 217, 178))
([(49, 224), (7, 76), (167, 1)], (232, 82, 135, 197))
([(69, 119), (83, 147), (60, 157)], (16, 183, 70, 27))
([(85, 160), (85, 160), (83, 197), (88, 186)], (185, 160, 42, 156))
([(172, 234), (15, 66), (3, 54), (3, 54), (107, 53), (162, 26)], (144, 199, 15, 136))
([(93, 215), (73, 131), (154, 2)], (175, 210, 128, 112))
([(77, 161), (52, 187), (3, 237), (97, 46)], (53, 138, 251, 219))
([(17, 2), (97, 38), (76, 68), (66, 82), (170, 30), (45, 106), (10, 85)], (234, 203, 233, 223))
([(11, 26), (27, 157), (1, 107)], (183, 178, 250, 141))
([(43, 45), (89, 70), (146, 100)], (142, 113, 195, 183))
([(104, 196), (12, 239), (13, 234), (23, 187)], (114, 213, 133, 77))
([(161, 180), (37, 79), (176, 143)], (208, 19, 25, 187))
([(16, 81), (166, 141), (132, 240)], (212, 203, 212, 247))
([(86, 161), (73, 109), (22, 52)], (231, 244, 190, 190))
([(161, 239), (117, 134), (106, 127), (89, 115), (64, 98)], (44, 242, 171, 9))
([(148, 5), (49, 2), (108, 158)], (242, 136, 85, 128))
([(2, 136), (50, 148), (61, 151), (7, 176)], (208, 251, 244, 251))
([(42, 228), (122, 101), (2, 207)], (49, 180, 226, 222))
([(26, 125), (12, 6), (1, 154)], (221, 219, 221, 207))
([(62, 111), (178, 124), (87, 166), (63, 113), (52, 12), (30, 109)], (94, 26, 214, 140))
([(125, 59), (74, 87), (166, 228), (169, 233)], (86, 138, 97, 237))
([(29, 50), (158, 228), (162, 234), (63, 123), (42, 99)], (137, 212, 159, 205))
([(43, 8), (64, 168), (100, 11), (59, 22)], (244, 160, 5, 170))
([(12, 201), (26, 201), (106, 203), (152, 184), (12, 217)], (25, 72, 247, 128))
([(165, 239), (179, 0), (94, 26)], (226, 90, 55, 227))
([(52, 223), (58, 22), (72, 57)], (238, 194, 84, 65))
([(179, 6), (166, 55), (136, 168), (139, 67)], (73, 246, 228, 155))
([(126, 90), (66, 181), (66, 181), (41, 11)], (29, 64, 69, 182))
([(166, 219), (99, 134), (53, 75), (36, 17), (55, 24), (131, 54)], (211, 86, 176, 214))
([(156, 208), (97, 132), (93, 75)], (241, 212, 115, 97))
([(54, 65), (5, 64), (21, 109)], (206, 180, 129, 109))
([(165, 128), (12, 135), (97, 192)], (244, 242, 251, 180))
([(27, 231), (163, 181), (89, 221), (174, 202)], (148, 196, 174, 253))
([(29, 173), (72, 231), (79, 49), (79, 49)], (109, 243, 73, 30))
([(52, 70), (94, 195), (12, 72)], (206, 56, 142, 33))
([(13, 220), (3, 233), (87, 212)], (52, 157, 199, 224))
([(146, 235), (56, 234), (59, 210), (71, 114), (81, 34), (85, 2), (55, 103)], (244, 214, 89, 162))
([(156, 108), (142, 146), (110, 233), (164, 220)], (221, 244, 167, 254))
([(58, 126), (73, 151), (112, 217), (168, 31), (175, 8)], (251, 58, 107, 164))
([(30, 161), (120, 95), (176, 194), (108, 139)], (1, 205, 194, 40))
([(46, 46), (45, 35), (86, 119)], (198, 24, 146, 177))
([(144, 222), (75, 236), (53, 235), (94, 26)], (212, 238, 157, 199))
([(156, 209), (153, 210), (151, 210), (11, 234), (22, 235), (61, 238)], (228, 251, 225, 127))
([(17, 223), (47, 226), (156, 236), (179, 128)], (226, 239, 139, 145))
([(178, 171), (180, 155), (66, 97), (54, 119)], (254, 34, 101, 232))
([(112, 205), (58, 198), (62, 32), (179, 111)], (239, 211, 142, 89))
([(177, 158), (180, 25), (45, 189)], (171, 80, 16, 244))
([(166, 237), (70, 237), (56, 237), (11, 219)], (219, 167, 251, 75))
([(79, 159), (179, 73), (0, 71)], (52, 91, 136, 45))
([(176, 35), (161, 93), (84, 92)], (239, 26, 160, 227))
([(150, 180), (150, 180), (160, 170), (179, 5), (151, 39), (149, 18), (148, 7)], (232, 74, 46, 212))
([(68, 7), (98, 81), (85, 65), (139, 235), (124, 104)], (197, 207, 252, 199))
([(27, 174), (33, 235), (167, 46), (74, 177)], (15, 0, 144, 110))
([(161, 212), (21, 73), (15, 90), (2, 128)], (253, 227, 248, 246))
([(147, 211), (94, 66), (73, 8), (103, 191)], (219, 241, 208, 135))
([(83, 118), (55, 106), (135, 119)], (162, 10, 133, 116))
([(45, 231), (26, 99), (110, 38), (153, 11)], (249, 232, 133, 196))
([(37, 20), (31, 236), (180, 125), (82, 133), (11, 234), (0, 126)], (188, 223, 207, 97))
([(131, 191), (145, 170), (179, 120), (40, 140), (48, 162), (48, 162), (48, 162)], (254, 107, 56, 189))
([(90, 49), (50, 152), (110, 56)], (0, 185, 232, 20))
([(93, 226), (98, 209), (145, 51)], (233, 152, 9, 119))
([(162, 1), (85, 109), (97, 14)], (234, 145, 189, 164))
([(38, 57), (75, 102), (75, 148)], (79, 73, 15, 183))
([(42, 90), (135, 232), (32, 84)], (244, 175, 176, 137))
([(37, 114), (58, 151), (55, 158), (49, 169)], (26, 53, 77, 228))
([(179, 239), (145, 88), (43, 4), (112, 94)], (228, 8, 90, 48))
([(32, 76), (83, 107), (88, 106), (125, 95)], (98, 210, 41, 55))
([(173, 193), (47, 236), (4, 51)], (235, 238, 246, 181))
([(62, 189), (95, 131), (17, 185)], (78, 47, 32, 59))
([(138, 150), (11, 146), (135, 178)], (234, 213, 58, 66))
([(89, 111), (23, 72), (6, 62), (77, 122), (25, 206)], (118, 85, 181, 153))
([(47, 10), (62, 25), (174, 134), (81, 163)], (227, 27, 28, 251))
([(91, 162), (123, 200), (148, 230), (88, 234)], (224, 251, 236, 218))
([(177, 23), (53, 134), (66, 174), (137, 178), (137, 178), (146, 187)], (236, 58, 31, 121))
([(45, 151), (44, 1), (178, 40)], (239, 104, 1, 175))
([(35, 160), (96, 153), (75, 119), (61, 96), (58, 91), (56, 88), (62, 71)], (155, 0, 173, 86))
([(33, 108), (175, 173), (115, 186), (110, 187), (91, 191)], (105, 33, 33, 111))
([(35, 44), (144, 179), (177, 180), (70, 88), (38, 60)], (125, 3, 91, 16))
([(130, 88), (22, 73), (2, 79)], (146, 27, 90, 89))
([(46, 65), (46, 65), (37, 113), (41, 115), (45, 116), (131, 105), (144, 154)], (212, 108, 3, 101))
([(32, 16), (58, 134), (77, 50)], (199, 139, 106, 95))
([(86, 33), (53, 162), (37, 182)], (167, 16, 100, 223))
([(1, 73), (44, 107), (50, 112), (95, 147), (167, 70), (179, 169), (143, 30)], (187, 0, 0, 51))
([(90, 114), (71, 127), (39, 150), (39, 150)], (20, 143, 30, 249))
([(17, 210), (48, 58), (122, 127)], (189, 64, 109, 66))
([(170, 151), (42, 23), (178, 59)], (236, 128, 67, 121))
([(49, 177), (50, 176), (50, 176), (76, 154), (79, 151), (82, 149)], (96, 13, 62, 70))
([(106, 130), (59, 157), (34, 171), (67, 79)], (220, 128, 10, 173))
([(30, 51), (41, 65), (65, 94), (107, 87), (170, 76)], (253, 22, 61, 78))
([(162, 3), (143, 30), (37, 7)], (144, 16, 69, 179))
([(174, 109), (157, 121), (30, 210), (99, 131)], (188, 86, 17, 22))
([(42, 106), (48, 138), (54, 171), (57, 187), (90, 124), (138, 32)], (231, 22, 51, 170))
([(31, 222), (16, 207), (6, 197), (69, 114)], (4, 91, 159, 82))
([(27, 156), (123, 90), (157, 67), (176, 167)], (255, 60, 118, 82))
([(131, 89), (107, 185), (78, 95), (59, 36)], (233, 221, 45, 26))
