([(163, 165), (64, 231), (18, 234), (19, 135)], (2, 205, 119, 217))
([(107, 81), (38, 71), (33, 70), (143, 20)], (89, 56, 226, 49))
([(173, 23), (60, 169), (110, 197), (24, 192), (125, 3)], (139, 42, 174, 206))
([(1, 81), (124, 235), (112, 196), (66, 45)], (62, 66, 145, 90))
([(78, 56), (26, 145), (21, 98)], (208, 208, 107, 36))
([(74, 230), (180, 228), (162, 108), (155, 62)], (149, 80, 205, 152))
([(146, 232), (3, 204), (91, 45), (152, 78)], (184, 251, 216, 195))
([(2, 61), (6, 52), (14, 35), (21, 20), (64, 196)], (150, 49, 251, 203))
([(46, 211), (99, 182), (36, 72), (11, 18), (4, 180)], (190, 93, 169, 144))
([(27, 2), (148, 4), (135, 31), (110, 131), (95, 113), (32, 148)], (74, 59, 142, 188))
([(101, 138), (105, 147), (132, 148), (147, 148)], (89, 163, 71, 42))
([(158, 138), (148, 140), (67, 124), (72, 88)], (68, 11, 25, 100))
([(177, 192), (102, 23), (96, 10), (85, 182)], (142, 51, 132, 202))
([(36, 77), (34, 72), (137, 106)], (185, 63, 213, 247))
([(127, 196), (145, 220), (0, 166)], (55, 67, 113, 152))
([(128, 9), (162, 207), (83, 31)], (170, 98, 20, 214))
([(109, 176), (90, 166), (161, 17)], (245, 204, 132, 120))
([(133, 198), (164, 8), (154, 9), (123, 11), (4, 222)], (102, 73, 35, 208))
([(9, 116), (110, 31), (9, 197)], (115, 178, 244, 71))
([(165, 211), (79, 239), (120, 41)], (228, 238, 211, 112))
([(56, 172), (44, 200), (69, 1), (31, 212), (8, 227), (0, 232)], (108, 224, 115, 222))
([(45, 2), (45, 2), (147, 18)], (123, 147, 61, 184))
([(127, 130), (141, 102), (92, 172), (141, 102), (142, 103)], (180, 132, 77, 115))
([(15, 148), (14, 119), (14, 119), (42, 87)], (136, 123, 38, 85))
([(174, 97), (0, 16), (0, 73)], (177, 173, 0, 230))
([(80, 71), (137, 214), (91, 236), (30, 192), (161, 237)], (137, 141, 48, 178))
([(84, 204), (177, 232), (119, 91)], (219, 170, 49, 238))
([(158, 12), (83, 104), (75, 10)], (185, 161, 49, 239))
([(18, 185), (75, 1), (64, 145)], (159, 233, 94, 248))
([(49, 122), (176, 94), (26, 12)], (67, 120, 180, 228))
([(94, 77), (78, 29), (150, 87)], (71, 107, 100, 48))
([(5, 237), (40, 200), (39, 187), (167, 163), (27, 34)], (2, 155, 231, 227))
([(21, 184), (27, 170), (27, 170), (28, 168), (102, 8)], (199, 51, 155, 233))
([(162, 100), (179, 40), (159, 71), (47, 238)], (118, 47, 80, 249))
([(132, 88), (109, 237), (48, 29)], (18, 91, 36, 2))
([(157, 115), (18, 29), (54, 88), (121, 199)], (131, 236, 3, 235))
([(153, 125), (71, 195), (20, 23), (98, 159)], (163, 114, 145, 186))
([(136, 138), (11, 146), (138, 132)], (234, 213, 180, 66))
([(68, 7), (98, 81), (85, 65), (139, 235), (124, 104)], (197, 207, 252, 199))
([(125, 147), (128, 199), (128, 199), (130, 233)], (93, 254, 88, 226))
([(1, 133), (11, 133), (0, 140), (33, 201)], (113, 228, 193, 247))
([(62, 158), (84, 149), (0, 207)], (221, 218, 179, 101))
([(157, 32), (172, 69), (28, 30), (18, 72)], (206, 67, 24, 82))
([(157, 170), (147, 151), (94, 221)], (24, 115, 226, 203))
([(105, 158), (148, 156), (129, 152), (170, 124), (5, 45)], (209, 231, 99, 223))
([(76, 189), (91, 62), (92, 54), (70, 7)], (154, 100, 36, 208))
([(6, 192), (3, 171), (93, 145)], (20, 153, 244, 76))
([(20, 183), (42, 135), (76, 61), (62, 132)], (2, 72, 13, 135))
([(177, 209), (166, 81), (55, 20)], (239, 73, 192, 175))
([(94, 165), (57, 143), (54, 141), (130, 102)], (84, 233, 88, 98))
([(175, 159), (141, 114), (143, 211)], (118, 230, 245, 41))
([(1, 228), (35, 58), (38, 61), (38, 61), (133, 141)], (98, 116, 46, 37))
([(79, 225), (23, 233), (86, 130)], (71, 81, 209, 211))
([(145, 26), (94, 70), (7, 133)], (185, 112, 245, 155))
([(5, 57), (18, 55), (112, 165)], (204, 191, 131, 159))
([(63, 69), (7, 16), (39, 200)], (244, 236, 45, 197))
([(39, 36), (53, 29), (63, 24), (19, 210)], (177, 78, 246, 96))
([(86, 142), (85, 160), (83, 197), (88, 186)], (185, 160, 236, 156))
([(162, 56), (110, 145), (62, 227), (63, 155)], (136, 91, 136, 45))
([(149, 192), (18, 14), (166, 42)], (124, 226, 6, 178))
([(137, 117), (131, 11), (165, 84)], (220, 96, 242, 235))
([(5, 25), (115, 217), (115, 217)], (41, 210, 58, 92))
([(131, 13), (165, 167), (177, 222), (93, 120)], (55, 143, 126, 140))
([(176, 137), (131, 124), (81, 151)], (172, 9, 228, 211))
([(110, 108), (111, 70), (124, 47)], (49, 168, 20, 11))
([(99, 51), (20, 163), (0, 208)], (126, 223, 180, 116))
([(14, 141), (70, 73), (1, 201)], (199, 191, 79, 202))
([(173, 50), (125, 64), (70, 79), (35, 89), (4, 22)], (220, 27, 89, 125))
([(29, 228), (81, 240), (59, 240)], (94, 234, 139, 241))
([(149, 67), (120, 216), (141, 219)], (77, 171, 173, 37))
([(66, 131), (50, 152), (5, 102)], (0, 185, 155, 20))
([(3, 202), (36, 205), (71, 88)], (140, 11, 210, 97))
([(159, 182), (110, 135), (173, 42), (22, 4), (4, 0)], (127, 80, 204, 237))
([(179, 210), (0, 230), (159, 28)], (158, 99, 190, 204))
([(86, 161), (73, 109), (51, 20), (66, 111)], (231, 244, 190, 75))
([(15, 3), (137, 129), (112, 166), (107, 59), (105, 16)], (220, 242, 218, 231))
([(80, 114), (112, 217), (175, 8)], (251, 58, 95, 137))
([(131, 43), (7, 14), (7, 14), (80, 237), (81, 240)], (204, 236, 33, 72))
([(23, 67), (44, 227), (109, 146), (16, 51)], (86, 51, 157, 46))
([(161, 105), (136, 236), (135, 235), (135, 235), (131, 229), (131, 229), (130, 156), (70, 92)], (237, 94, 103, 155))
([(36, 2), (40, 24), (172, 20)], (198, 204, 239, 119))
([(72, 33), (26, 60), (100, 61)], (253, 106, 234, 17))
([(64, 19), (135, 75), (27, 92)], (14, 109, 251, 35))
([(89, 225), (51, 95), (142, 89)], (127, 122, 238, 235))
([(106, 207), (167, 135), (9, 186)], (194, 83, 60, 43))
([(95, 159), (22, 224), (89, 183), (176, 110)], (215, 70, 250, 65))
([(14, 56), (62, 119), (72, 57)], (240, 194, 204, 252))
([(128, 69), (30, 18), (149, 52)], (213, 89, 113, 22))
([(93, 215), (73, 131), (154, 2)], (175, 255, 128, 112))
([(43, 105), (24, 31), (155, 3)], (150, 247, 230, 26))
([(0, 133), (151, 3), (73, 61), (5, 42)], (94, 194, 67, 255))
([(127, 127), (108, 152), (47, 234), (20, 85), (3, 201)], (46, 167, 238, 236))
([(15, 67), (132, 15), (112, 46)], (166, 193, 94, 133))
([(172, 20), (145, 46), (154, 11)], (198, 96, 44, 249))
([(31, 35), (44, 225), (45, 240), (51, 230), (52, 228), (55, 99)], (164, 161, 98, 126))
([(58, 238), (25, 196), (3, 168), (11, 179), (48, 228), (25, 27), (5, 58)], (248, 118, 171, 140))
([(101, 186), (65, 214), (24, 201), (16, 184), (81, 43)], (20, 212, 196, 188))
([(87, 210), (177, 183), (115, 31)], (74, 80, 222, 31))
([(20, 138), (30, 124), (38, 112), (158, 131)], (90, 51, 112, 94))
([(142, 103), (111, 163), (180, 151)], (158, 103, 67, 88))
([(147, 6), (15, 2), (87, 128), (57, 102), (21, 70), (43, 87), (101, 132)], (174, 61, 184, 134))
([(161, 180), (37, 79), (176, 143)], (208, 19, 25, 187))
([(101, 239), (101, 239), (100, 131), (41, 229)], (44, 135, 213, 211))
([(119, 144), (111, 128), (4, 24)], (67, 167, 197, 86))
([(2, 81), (170, 2), (133, 6), (76, 216)], (245, 67, 223, 206))
([(69, 119), (97, 100), (42, 103)], (16, 183, 152, 1))
([(124, 109), (108, 121), (60, 155)], (170, 250, 53, 100))
([(153, 91), (3, 237), (138, 14), (126, 97)], (53, 138, 251, 219))
([(125, 59), (74, 87), (169, 233)], (86, 138, 97, 237))
([(135, 34), (156, 41), (159, 42), (14, 150), (3, 201)], (38, 106, 3, 20))
([(6, 136), (100, 71), (101, 70), (43, 53), (40, 54)], (189, 227, 137, 98))
([(21, 209), (138, 234), (131, 177)], (31, 88, 232, 254))
([(161, 239), (81, 49), (64, 98)], (44, 221, 92, 9))
([(113, 94), (75, 90), (12, 51)], (97, 226, 21, 0))
([(142, 13), (32, 27), (1, 195), (12, 140), (173, 48), (179, 200)], (154, 59, 253, 254))
([(16, 81), (166, 141), (132, 240), (97, 143), (83, 160)], (212, 203, 121, 247))
([(148, 5), (49, 2), (57, 23), (108, 158)], (163, 136, 112, 128))
([(58, 110), (68, 109), (74, 232)], (139, 27, 27, 135))
([(87, 192), (15, 15), (13, 35)], (202, 193, 117, 239))
([(16, 7), (15, 30), (89, 124)], (238, 27, 243, 114))
([(162, 151), (173, 191), (177, 206), (108, 145), (19, 67)], (140, 232, 249, 239))
([(156, 209), (151, 210), (11, 234), (22, 235), (61, 238)], (228, 251, 225, 127))
([(92, 58), (174, 164), (135, 227), (25, 1)], (219, 254, 29, 222))
([(58, 91), (75, 1), (53, 67)], (137, 48, 41, 173))
([(95, 45), (133, 46), (67, 115)], (27, 169, 77, 214))
([(86, 103), (82, 110), (68, 135), (55, 158), (49, 169)], (22, 96, 241, 141))
([(85, 161), (164, 237), (75, 15)], (220, 173, 4, 197))
([(54, 58), (160, 9), (160, 239)], (243, 130, 74, 230))
([(72, 192), (71, 192), (133, 216)], (49, 218, 206, 14))
([(34, 207), (24, 205), (21, 205), (0, 203), (20, 109), (13, 78)], (18, 119, 194, 87))
([(160, 100), (52, 74), (166, 220)], (127, 192, 224, 238))
([(29, 75), (106, 88), (84, 128)], (215, 108, 86, 255))
([(141, 35), (47, 191), (26, 226), (14, 93), (6, 5)], (212, 44, 150, 241))
([(163, 71), (180, 59), (83, 89)], (197, 99, 153, 231))
([(138, 54), (127, 65), (115, 63)], (165, 100, 245, 48))
([(94, 195), (94, 195), (103, 135)], (163, 89, 142, 113))
([(0, 175), (2, 144), (2, 144), (7, 67), (46, 111), (0, 99)], (121, 215, 148, 245))
([(176, 35), (161, 93), (84, 92)], (239, 89, 113, 227))
([(143, 138), (36, 233), (62, 165)], (219, 100, 50, 35))
([(147, 211), (118, 110), (148, 222)], (219, 241, 208, 184))
([(44, 69), (78, 236), (103, 183), (151, 81)], (182, 146, 202, 84))
([(4, 175), (108, 53), (37, 235)], (2, 117, 64, 195))
([(97, 144), (171, 117), (177, 187)], (213, 223, 5, 148))
([(34, 225), (50, 228), (111, 239), (117, 240), (124, 175)], (158, 151, 186, 255))
([(169, 169), (122, 131), (123, 128), (0, 161)], (240, 12, 172, 138))
([(126, 90), (66, 181), (41, 11)], (29, 64, 69, 182))
([(140, 36), (97, 99), (44, 177), (19, 37)], (116, 138, 55, 11))
([(68, 178), (50, 73), (56, 26)], (152, 193, 62, 97))
([(177, 26), (107, 6), (106, 6), (133, 89), (149, 138)], (234, 62, 19, 255))
([(120, 227), (137, 145), (138, 149), (143, 146)], (12, 250, 152, 148))
([(73, 237), (76, 224), (79, 210), (99, 122), (158, 231)], (83, 127, 232, 165))
([(143, 220), (3, 18), (8, 129)], (218, 199, 23, 178))
([(2, 136), (9, 138), (50, 148), (61, 151), (7, 176)], (208, 251, 244, 251))
([(49, 224), (7, 76), (167, 1)], (232, 82, 135, 197))
([(42, 195), (33, 194), (29, 193)], (27, 161, 107, 189))
([(172, 234), (2, 49), (3, 54), (11, 90), (12, 95), (15, 109), (162, 26)], (144, 199, 15, 136))
([(86, 60), (83, 60), (115, 212), (171, 212)], (150, 133, 156, 98))
([(17, 2), (97, 38), (76, 68), (66, 82), (48, 108), (20, 91), (17, 89), (10, 85)], (234, 203, 233, 223))
([(99, 170), (119, 188), (21, 73), (2, 128)], (253, 227, 248, 182))
([(104, 196), (12, 239), (23, 187)], (114, 213, 133, 77))
([(21, 131), (45, 22), (70, 143)], (233, 102, 172, 0))
([(154, 240), (177, 136), (11, 118)], (135, 223, 178, 19))
([(42, 228), (122, 101), (2, 207)], (49, 194, 226, 240))
([(23, 59), (85, 58), (179, 232), (4, 114)], (171, 162, 127, 46))
([(153, 158), (27, 157), (1, 107)], (183, 178, 173, 141))
([(26, 125), (12, 6), (4, 132)], (221, 219, 221, 116))
([(113, 117), (140, 78), (12, 135), (97, 192)], (239, 242, 251, 180))
([(29, 50), (34, 69), (42, 99)], (137, 212, 159, 253))
([(54, 52), (100, 11), (59, 22)], (244, 160, 128, 170))
([(113, 158), (179, 0), (94, 26)], (223, 90, 55, 227))
([(16, 214), (136, 168), (139, 67)], (73, 246, 228, 155))
([(48, 16), (60, 236), (116, 98), (122, 105), (18, 222)], (53, 206, 213, 255))
([(178, 140), (154, 62), (83, 237)], (252, 58, 225, 185))
([(166, 219), (87, 190), (53, 75), (36, 17), (36, 17), (36, 17), (55, 24), (131, 54)], (211, 151, 176, 214))
([(12, 201), (28, 160), (72, 21), (76, 29), (152, 184), (12, 217)], (25, 0, 247, 128))
([(108, 207), (118, 181), (176, 28), (112, 174)], (161, 124, 73, 1))
([(111, 111), (130, 90), (147, 71), (119, 128), (95, 177)], (192, 15, 215, 68))
([(43, 45), (89, 70), (147, 101), (122, 78), (91, 50), (152, 107)], (209, 113, 195, 153))
([(67, 65), (54, 65), (5, 64), (21, 109)], (206, 200, 129, 109))
([(62, 208), (27, 231), (17, 237), (174, 202)], (148, 196, 174, 205))
([(6, 63), (18, 55), (62, 26), (63, 103)], (240, 238, 187, 127))
([(176, 182), (43, 28), (79, 99)], (71, 239, 28, 143))
([(162, 1), (72, 212), (97, 14)], (234, 145, 189, 164))
([(94, 118), (3, 233), (87, 212)], (52, 157, 207, 224))
([(27, 212), (126, 213), (95, 147)], (166, 227, 153, 241))
([(146, 235), (56, 234), (71, 114), (79, 50), (85, 2), (30, 77)], (244, 214, 89, 162))
([(62, 111), (178, 124), (62, 111), (63, 113), (39, 110), (30, 109), (65, 93)], (94, 199, 214, 140))
([(156, 108), (110, 233), (164, 220)], (221, 211, 167, 254))
([(118, 186), (116, 108), (44, 65)], (49, 114, 7, 74))
([(30, 161), (120, 95), (50, 127), (176, 194), (121, 150), (63, 103)], (1, 205, 194, 40))
([(46, 46), (46, 46), (45, 35), (43, 14), (118, 135)], (81, 78, 146, 252))
([(121, 178), (177, 180), (151, 163)], (125, 3, 91, 16))
([(144, 222), (75, 236), (57, 235), (53, 235), (30, 233)], (163, 238, 157, 199))
([(31, 222), (16, 228), (69, 114)], (4, 91, 159, 82))
([(17, 223), (156, 236), (179, 128)], (203, 239, 139, 62))
([(28, 190), (64, 120), (97, 55), (113, 62)], (46, 116, 6, 131))
([(178, 171), (155, 122), (155, 122), (66, 97), (153, 70)], (165, 244, 101, 232))
([(177, 158), (180, 25), (66, 163), (45, 189), (43, 191)], (171, 80, 16, 244))
([(166, 237), (162, 209), (143, 75), (11, 219)], (219, 157, 212, 75))
([(63, 21), (44, 93), (72, 172), (61, 18)], (226, 225, 89, 80))
([(84, 62), (135, 106), (66, 58)], (60, 175, 195, 98))
([(142, 187), (150, 180), (157, 173), (160, 170), (179, 5), (151, 39), (149, 18), (148, 7), (49, 63)], (232, 74, 26, 212))
([(131, 197), (112, 205), (58, 198), (39, 92), (19, 98)], (239, 211, 142, 184))
([(45, 45), (79, 150), (47, 141)], (198, 170, 194, 67))
([(65, 43), (27, 174), (33, 235), (167, 46), (74, 177)], (16, 0, 144, 200))
([(156, 208), (97, 132), (49, 70), (93, 75), (57, 101), (37, 115)], (241, 212, 115, 97))
([(129, 179), (44, 1), (178, 40)], (217, 33, 0, 175))
([(57, 34), (36, 41), (148, 121)], (162, 41, 133, 116))
([(45, 231), (25, 92), (110, 38), (153, 11)], (249, 232, 133, 196))
([(37, 20), (31, 236), (180, 125), (82, 133), (21, 220), (11, 234), (0, 126)], (188, 223, 207, 97))
([(131, 191), (179, 120), (65, 145), (57, 149), (48, 162), (48, 162)], (254, 124, 56, 189))
([(38, 57), (75, 102), (75, 148), (67, 106)], (79, 62, 15, 183))
([(128, 209), (159, 235), (159, 235), (159, 235), (33, 120)], (192, 145, 224, 176))
([(111, 8), (24, 88), (139, 14)], (226, 240, 195, 197))
([(147, 226), (120, 181), (13, 4), (11, 27), (11, 27), (10, 38)], (180, 249, 219, 126))
([(91, 0), (113, 160), (135, 232), (54, 116), (32, 84)], (244, 175, 176, 137))
([(177, 83), (145, 88), (112, 94)], (228, 50, 90, 66))
([(91, 5), (83, 107), (83, 107), (83, 107)], (185, 210, 125, 55))
([(50, 11), (49, 63), (73, 54), (97, 46)], (230, 100, 157, 237))
([(173, 193), (173, 193), (47, 236), (4, 51), (13, 36)], (235, 238, 246, 181))
([(102, 138), (95, 131), (93, 121), (17, 185)], (78, 47, 32, 194))
([(1, 73), (50, 112), (95, 147), (128, 127), (167, 70), (179, 169), (143, 30)], (119, 0, 0, 51))
([(89, 111), (6, 62), (77, 122), (25, 206)], (118, 158, 181, 153))
([(47, 10), (118, 159), (81, 163)], (227, 27, 28, 251))
([(177, 23), (120, 32), (101, 130), (53, 134), (66, 174), (137, 178), (137, 178), (146, 187)], (236, 58, 182, 121))
([(62, 73), (118, 104), (141, 13), (29, 198)], (35, 97, 27, 111))
([(29, 173), (162, 80), (79, 49)], (109, 24, 73, 30))
([(169, 47), (135, 146), (124, 178), (105, 32), (128, 89)], (161, 120, 11, 8))
([(35, 160), (96, 153), (56, 88), (37, 6)], (155, 0, 173, 168))
([(175, 91), (111, 75), (34, 55), (53, 76), (57, 80), (166, 161), (158, 120)], (98, 40, 6, 35))
([(99, 6), (93, 226), (145, 51)], (233, 152, 9, 119))
([(33, 108), (93, 39), (175, 173), (115, 186), (110, 187), (91, 191), (60, 198)], (105, 33, 33, 111))
([(130, 88), (22, 73), (2, 79)], (146, 27, 90, 23))
([(157, 20), (130, 14), (91, 6), (28, 210), (21, 5), (20, 91)], (240, 251, 199, 152))
([(46, 65), (46, 65), (37, 113), (41, 115), (45, 116), (131, 105), (144, 154)], (212, 108, 3, 101))
([(58, 49), (91, 162), (123, 200), (148, 230), (88, 234)], (224, 215, 236, 134))
([(32, 16), (57, 125), (77, 50), (81, 16)], (199, 204, 106, 150))
([(86, 33), (53, 162), (37, 182)], (167, 16, 100, 254))
([(39, 150), (39, 150), (39, 150)], (20, 143, 30, 240))
([(100, 148), (117, 26), (43, 51), (12, 61)], (200, 51, 122, 131))
([(106, 130), (119, 69), (67, 79)], (220, 128, 10, 231))
([(17, 210), (48, 58), (48, 58), (122, 127)], (189, 64, 109, 66))
([(170, 151), (42, 23), (178, 59)], (236, 128, 67, 121))
([(49, 177), (50, 176), (76, 154), (82, 149)], (96, 13, 62, 70))
([(30, 51), (65, 94), (170, 76)], (232, 22, 61, 78))
([(162, 3), (158, 9), (143, 30), (83, 115), (37, 7)], (144, 16, 18, 179))
([(174, 109), (30, 210), (99, 131)], (188, 86, 17, 22))
([(42, 106), (48, 138), (57, 187), (68, 164), (138, 32)], (231, 22, 51, 244))
([(27, 156), (157, 67), (176, 167)], (255, 60, 118, 82))
([(131, 89), (107, 185), (78, 95), (59, 36)], (233, 221, 45, 26))
