([(175, 117), (173, 23), (22, 195), (24, 192), (148, 20), (47, 64)], (139, 42, 181, 138))
([(17, 2), (97, 38), (95, 47), (10, 85)], (179, 203, 233, 223))
([(31, 100), (7, 124), (93, 120)], (55, 143, 126, 140))
([(62, 111), (80, 154), (78, 146), (76, 138), (65, 93), (150, 124)], (94, 241, 199, 28))
([(26, 17), (29, 110), (33, 235), (167, 46), (74, 177)], (16, 178, 23, 110))
([(122, 117), (79, 36), (41, 105), (74, 87), (169, 233)], (86, 138, 97, 84))
([(139, 190), (127, 173), (21, 20), (32, 65), (64, 196)], (150, 49, 251, 112))
([(162, 1), (157, 24), (125, 168), (63, 232), (97, 14)], (111, 145, 189, 146))
([(66, 116), (105, 147), (129, 57)], (83, 207, 71, 139))
([(55, 93), (70, 76), (63, 69), (7, 16), (39, 200)], (244, 43, 15, 197))
([(48, 59), (123, 5), (96, 10), (71, 15)], (78, 51, 132, 202))
([(132, 88), (101, 220), (52, 181)], (18, 54, 133, 118))
([(86, 168), (150, 159), (104, 151), (102, 151)], (68, 141, 125, 182))
([(21, 91), (161, 93), (125, 230)], (239, 89, 113, 47))
([(23, 130), (148, 199), (14, 9)], (135, 221, 178, 19))
([(68, 7), (75, 52), (139, 235), (128, 139), (124, 104)], (62, 207, 252, 180))
([(1, 107), (74, 176), (166, 46), (176, 143), (99, 40)], (72, 19, 25, 244))
([(58, 91), (37, 8), (53, 67)], (137, 99, 41, 173))
([(45, 2), (45, 2), (40, 158), (40, 158), (147, 18)], (123, 177, 61, 185))
([(128, 105), (91, 71), (64, 46), (95, 236), (87, 118), (33, 157), (118, 7)], (37, 37, 95, 203))
([(27, 2), (107, 119), (109, 94), (115, 20)], (74, 59, 142, 160))
([(20, 183), (32, 27), (172, 45)], (2, 123, 13, 52))
([(158, 12), (55, 172), (21, 85), (75, 10)], (185, 139, 49, 239))
([(162, 209), (34, 72), (137, 106)], (47, 63, 213, 231))
([(66, 107), (28, 77), (44, 69), (159, 15)], (240, 12, 231, 117))
([(168, 120), (50, 19), (146, 124), (156, 128)], (231, 244, 190, 227))
([(5, 163), (7, 159), (52, 74), (166, 220)], (127, 192, 46, 109))
([(141, 82), (140, 76), (72, 120), (14, 232)], (4, 91, 0, 150))
([(134, 171), (104, 222), (112, 205), (59, 168)], (54, 119, 6, 178))
([(147, 153), (179, 40), (102, 160)], (118, 109, 80, 249))
([(140, 220), (99, 219), (24, 216), (92, 93)], (191, 27, 89, 88))
([(7, 227), (5, 152), (115, 233), (59, 161), (151, 33)], (41, 35, 58, 92))
([(127, 87), (60, 216), (151, 223)], (163, 227, 81, 186))
([(80, 65), (103, 122), (2, 131)], (77, 76, 173, 232))
([(147, 209), (30, 192), (161, 237)], (137, 141, 48, 178))
([(126, 125), (112, 138), (11, 234), (90, 17)], (228, 251, 114, 127))
([(145, 26), (118, 167), (7, 133)], (162, 112, 95, 190))
([(172, 234), (2, 49), (15, 109), (30, 178)], (144, 199, 15, 153))
([(96, 201), (77, 98), (90, 88)], (126, 58, 95, 102))
([(41, 96), (30, 161), (154, 80), (120, 95), (50, 127), (176, 194), (63, 103), (113, 213)], (1, 41, 144, 1))
([(174, 71), (153, 91), (3, 237), (126, 97), (129, 138), (26, 39)], (160, 138, 38, 219))
([(136, 92), (94, 140), (59, 36)], (233, 83, 45, 17))
([(175, 159), (33, 89), (143, 211)], (18, 149, 127, 148))
([(106, 207), (92, 141), (89, 127)], (194, 75, 60, 57))
([(131, 191), (82, 112), (115, 176)], (254, 0, 56, 189))
([(34, 197), (39, 198), (48, 201), (0, 232)], (108, 224, 115, 222))
([(79, 225), (23, 233), (86, 130)], (71, 81, 65, 179))
([(105, 158), (129, 152), (129, 152), (146, 93), (134, 89), (5, 45)], (47, 231, 99, 181))
([(99, 138), (87, 133), (113, 62)], (46, 221, 6, 139))
([(31, 16), (159, 225), (153, 70), (35, 235), (74, 43)], (159, 244, 101, 232))
([(29, 228), (81, 240), (98, 220)], (94, 120, 7, 241))
([(159, 182), (120, 62), (173, 42), (4, 0)], (127, 80, 204, 126))
([(15, 3), (176, 169), (105, 16)], (220, 242, 136, 135))
([(1, 81), (39, 61), (96, 118), (142, 164), (124, 175)], (62, 66, 145, 90))
([(142, 181), (120, 58), (154, 2)], (88, 73, 19, 132))
([(36, 2), (41, 30), (172, 20)], (198, 38, 239, 119))
([(87, 132), (21, 209), (138, 234), (79, 218), (130, 169), (158, 127)], (31, 61, 232, 254))
([(163, 165), (157, 225), (18, 234), (70, 15), (108, 164)], (2, 205, 119, 118))
([(94, 165), (41, 117), (18, 133), (127, 127), (57, 225)], (128, 233, 88, 30))
([(113, 103), (32, 78), (138, 132)], (91, 213, 180, 168))
([(108, 207), (100, 100), (170, 181), (171, 61)], (161, 124, 73, 124))
([(97, 144), (123, 66), (120, 74), (98, 131)], (18, 133, 182, 156))
([(58, 225), (64, 60), (159, 98)], (67, 240, 241, 179))
([(45, 93), (20, 47), (104, 231)], (136, 49, 122, 79))
([(48, 16), (116, 98), (122, 105), (18, 222)], (53, 210, 213, 255))
([(15, 204), (3, 18), (39, 238), (8, 129)], (151, 136, 23, 178))
([(73, 237), (99, 122), (82, 99), (11, 3)], (83, 127, 232, 131))
([(175, 91), (55, 218), (34, 55), (57, 80), (96, 47), (137, 13)], (98, 87, 6, 113))
([(143, 138), (121, 112), (91, 76), (59, 38), (10, 190)], (219, 100, 50, 202))
([(123, 36), (81, 170), (24, 205)], (190, 93, 13, 144))
([(37, 190), (28, 162), (75, 179)], (2, 118, 246, 16))
([(17, 223), (156, 236), (179, 128), (68, 179)], (41, 207, 139, 61))
([(31, 35), (45, 240), (60, 214), (114, 119)], (97, 161, 98, 126))
([(146, 232), (3, 204), (91, 45), (152, 78)], (184, 251, 216, 195))
([(172, 20), (77, 113), (4, 185), (142, 99)], (192, 151, 44, 249))
([(72, 33), (52, 157), (65, 137), (70, 130), (132, 37), (100, 61)], (16, 38, 47, 219))
([(131, 77), (68, 225), (37, 55), (63, 120)], (139, 228, 129, 118))
([(3, 202), (36, 205), (71, 88)], (215, 81, 210, 84))
([(97, 214), (107, 81), (108, 79), (125, 41), (60, 103)], (89, 56, 190, 85))
([(1, 228), (15, 189), (123, 138), (133, 141)], (41, 116, 46, 176))
([(23, 67), (169, 61), (16, 51)], (57, 51, 157, 46))
([(2, 106), (153, 203), (24, 139)], (165, 18, 66, 192))
([(2, 81), (170, 2), (111, 160)], (134, 67, 141, 102))
([(155, 93), (100, 11), (119, 38), (172, 113)], (244, 160, 128, 66))
([(163, 71), (162, 55), (160, 24), (101, 74), (83, 89)], (181, 214, 153, 231))
([(139, 119), (0, 16), (33, 135)], (177, 96, 0, 227))
([(83, 58), (112, 121), (101, 172)], (240, 194, 204, 252))
([(179, 210), (36, 125), (46, 138), (104, 74)], (100, 99, 190, 204))
([(147, 226), (13, 4), (10, 38)], (180, 249, 216, 126))
([(29, 147), (33, 115), (122, 99)], (0, 27, 31, 7))
([(68, 23), (113, 84), (128, 143)], (105, 245, 169, 248))
([(38, 131), (7, 14), (60, 176), (81, 240)], (204, 152, 33, 71))
([(12, 48), (83, 206), (97, 167)], (163, 89, 142, 113))
([(1, 73), (50, 112), (95, 147), (123, 9), (100, 62), (46, 187), (75, 199), (143, 30)], (119, 0, 0, 51))
([(92, 58), (174, 164), (147, 186), (132, 198)], (219, 254, 29, 11))
([(129, 197), (3, 168), (48, 228), (56, 121)], (37, 22, 135, 140))
([(27, 212), (126, 213), (104, 166), (95, 147)], (166, 201, 109, 66))
([(2, 136), (61, 151), (108, 163), (16, 89)], (208, 251, 244, 251))
([(147, 6), (20, 61), (14, 64), (43, 87), (101, 132)], (174, 61, 184, 134))
([(84, 91), (128, 36), (40, 54)], (189, 189, 137, 89))
([(32, 156), (69, 155), (84, 128), (116, 70)], (215, 133, 120, 219))
([(39, 135), (49, 122), (119, 67), (176, 94), (26, 12), (104, 90)], (52, 120, 108, 15))
([(73, 146), (94, 50), (2, 79)], (146, 100, 90, 207))
([(126, 90), (66, 181), (41, 11), (148, 125)], (29, 95, 69, 182))
([(23, 59), (30, 58), (96, 53)], (171, 162, 127, 116))
([(139, 36), (79, 229), (77, 122), (75, 15)], (178, 173, 4, 82))
([(114, 126), (105, 122), (81, 112), (160, 9), (21, 22)], (243, 130, 14, 230))
([(172, 143), (53, 62), (36, 173), (86, 173), (148, 50)], (220, 57, 141, 14))
([(67, 99), (0, 140), (33, 201)], (113, 228, 193, 212))
([(142, 13), (1, 195), (173, 48), (179, 200)], (154, 59, 106, 39))
([(94, 232), (141, 35), (26, 226), (100, 172), (156, 131)], (167, 44, 93, 241))
([(113, 158), (179, 0), (94, 26)], (223, 107, 55, 211))
([(25, 169), (67, 148), (124, 47)], (28, 42, 52, 186))
([(4, 175), (51, 2), (37, 235)], (56, 117, 64, 176))
([(102, 175), (72, 54), (80, 150), (84, 25)], (169, 208, 171, 36))
([(34, 225), (117, 240), (109, 153)], (158, 21, 186, 255))
([(161, 239), (80, 121), (67, 102), (64, 98), (79, 104)], (44, 221, 92, 9))
([(63, 198), (29, 193), (12, 207), (152, 195), (160, 194)], (27, 234, 107, 219))
([(155, 83), (132, 77), (124, 109), (41, 169)], (170, 100, 209, 225))
([(160, 222), (94, 202), (87, 212)], (52, 157, 167, 224))
([(87, 192), (15, 15), (154, 213), (99, 87), (68, 35)], (202, 193, 117, 223))
([(4, 112), (88, 145), (143, 191), (144, 161), (146, 100), (152, 107)], (209, 170, 195, 218))
([(101, 239), (101, 239), (100, 131), (94, 141), (41, 229)], (44, 135, 213, 148))
([(5, 237), (152, 54), (117, 48), (32, 35)], (2, 155, 26, 4))
([(53, 37), (118, 65), (70, 143)], (48, 236, 172, 208))
([(80, 12), (175, 182), (17, 32)], (223, 66, 21, 0))
([(94, 77), (168, 144), (109, 178)], (110, 107, 118, 199))
([(133, 101), (131, 132), (154, 62), (83, 237)], (252, 58, 116, 185))
([(145, 216), (122, 101), (2, 207)], (49, 194, 226, 153))
([(126, 46), (133, 44), (35, 117)], (189, 229, 61, 8))
([(34, 224), (151, 103), (152, 214)], (245, 204, 132, 134))
([(161, 105), (136, 236), (131, 229), (57, 22), (37, 57)], (138, 94, 103, 155))
([(147, 82), (47, 234), (20, 85), (3, 201)], (82, 167, 238, 236))
([(0, 133), (85, 64), (5, 42)], (94, 194, 67, 218))
([(117, 186), (116, 108), (116, 108)], (49, 114, 178, 74))
([(17, 12), (39, 150), (39, 150), (39, 150), (96, 132)], (159, 143, 197, 240))
([(127, 196), (146, 108), (81, 163)], (55, 4, 109, 121))
([(39, 169), (133, 145), (7, 90)], (221, 135, 88, 72))
([(105, 237), (71, 192), (77, 210)], (2, 178, 173, 141))
([(168, 217), (75, 236), (7, 231)], (85, 238, 97, 197))
([(104, 215), (0, 203), (20, 109), (66, 61)], (18, 204, 135, 81))
([(49, 224), (7, 76), (167, 1)], (212, 82, 13, 229))
([(0, 175), (2, 144), (7, 67), (50, 116)], (121, 215, 52, 170))
([(42, 224), (74, 230), (180, 228), (155, 62)], (149, 80, 205, 58))
([(19, 34), (18, 55), (15, 116), (112, 165)], (253, 191, 84, 114))
([(26, 125), (12, 6), (65, 35)], (221, 219, 194, 116))
([(113, 117), (140, 78), (12, 135), (97, 192)], (29, 242, 251, 180))
([(6, 192), (73, 57), (52, 77), (156, 119)], (20, 153, 244, 76))
([(66, 132), (73, 131), (32, 193)], (175, 255, 207, 112))
([(6, 212), (83, 197), (35, 81)], (142, 46, 42, 73))
([(89, 225), (105, 215), (58, 166)], (127, 122, 238, 235))
([(43, 105), (128, 190), (142, 193)], (150, 247, 25, 246))
([(128, 69), (64, 70), (28, 15)], (99, 159, 113, 222))
([(91, 0), (113, 160), (79, 176), (75, 178)], (244, 175, 143, 137))
([(102, 138), (169, 94), (17, 185)], (78, 155, 32, 194))
([(83, 111), (129, 179), (178, 40)], (87, 7, 0, 175))
([(153, 136), (85, 91), (61, 158), (59, 164)], (137, 212, 159, 210))
([(63, 191), (84, 62), (66, 58)], (56, 227, 195, 104))
([(161, 142), (20, 138), (34, 156), (176, 50), (2, 122)], (90, 51, 219, 65))
([(80, 92), (151, 157), (81, 151)], (156, 221, 118, 211))
([(98, 137), (88, 143), (53, 163), (142, 155), (161, 182), (89, 102), (82, 94)], (221, 218, 179, 13))
([(86, 60), (62, 62), (80, 169), (171, 212)], (150, 133, 156, 255))
([(166, 219), (87, 190), (36, 17), (55, 24), (131, 54), (91, 102)], (211, 91, 176, 178))
([(139, 109), (17, 237), (174, 202), (169, 192)], (148, 196, 174, 205))
([(12, 201), (28, 160), (49, 113), (56, 216)], (25, 0, 247, 241))
([(55, 45), (53, 58), (115, 31)], (253, 62, 78, 64))
([(6, 63), (32, 61), (64, 134)], (202, 238, 187, 127))
([(141, 110), (111, 111), (147, 131), (26, 129)], (89, 15, 215, 22))
([(84, 204), (69, 39), (1, 125), (66, 107)], (91, 170, 49, 106))
([(162, 151), (163, 155), (177, 206), (19, 67), (171, 158)], (25, 232, 133, 239))
([(37, 210), (38, 230), (169, 204), (43, 28), (81, 103)], (180, 239, 28, 143))
([(99, 51), (20, 163), (58, 177), (155, 213)], (126, 238, 136, 116))
([(35, 114), (37, 115), (44, 120), (56, 26)], (152, 193, 62, 97))
([(146, 235), (176, 43), (40, 0), (1, 117)], (244, 214, 75, 150))
([(16, 81), (166, 141), (177, 155), (114, 122), (83, 160)], (212, 24, 103, 227))
([(8, 120), (126, 149), (131, 8), (57, 34), (36, 41), (148, 121)], (162, 122, 133, 109))
([(156, 108), (35, 138), (110, 233), (175, 40), (118, 82)], (221, 211, 167, 54))
([(109, 150), (177, 26), (173, 32), (173, 32), (149, 138)], (179, 216, 19, 187))
([(38, 57), (75, 102), (57, 110)], (79, 62, 140, 183))
([(15, 67), (132, 15), (38, 228), (102, 133)], (165, 139, 183, 7))
([(137, 167), (32, 52), (40, 51), (145, 38), (165, 35)], (228, 238, 185, 112))
([(41, 152), (41, 89), (27, 92)], (14, 109, 222, 35))
([(94, 53), (90, 99), (121, 109)], (182, 21, 202, 84))
([(17, 158), (21, 118), (14, 150), (3, 201)], (169, 179, 3, 20))
([(46, 46), (43, 14), (157, 76)], (81, 78, 146, 58))
([(13, 69), (24, 209), (146, 140), (158, 133)], (33, 185, 202, 220))
([(12, 114), (45, 112), (159, 105), (174, 211)], (12, 250, 209, 179))
([(70, 109), (64, 141), (97, 46)], (230, 100, 157, 237))
([(103, 82), (180, 25), (38, 234), (28, 5)], (171, 80, 16, 244))
([(129, 174), (101, 186), (31, 216), (27, 90), (16, 184), (81, 43)], (89, 212, 196, 218))
([(144, 37), (138, 54), (47, 105), (45, 164)], (162, 230, 245, 54))
([(104, 27), (65, 33), (6, 41), (81, 87)], (163, 236, 112, 31))
([(119, 144), (111, 128), (108, 122), (101, 138)], (67, 57, 238, 200))
([(146, 66), (5, 64), (15, 230)], (206, 200, 129, 109))
([(49, 177), (141, 182), (111, 111)], (164, 171, 245, 128))
([(143, 79), (149, 216), (92, 179)], (136, 91, 136, 137))
([(111, 8), (24, 88), (139, 14)], (226, 249, 195, 143))
([(126, 21), (177, 83), (110, 94), (45, 25)], (228, 46, 90, 66))
([(142, 187), (160, 170), (163, 167), (148, 7), (49, 63)], (232, 53, 26, 212))
([(86, 33), (53, 162), (37, 182)], (36, 16, 100, 154))
([(131, 197), (152, 119), (112, 205), (51, 89), (19, 98)], (212, 211, 142, 184))
([(156, 208), (49, 70), (37, 115)], (225, 212, 115, 226))
([(177, 209), (161, 35), (55, 20), (29, 153)], (239, 73, 46, 186))
([(140, 78), (111, 68), (98, 63), (142, 103)], (67, 216, 77, 213))
([(45, 231), (25, 92), (153, 11)], (249, 78, 133, 156))
([(166, 237), (30, 45), (89, 211)], (219, 157, 67, 60))
([(107, 124), (92, 133), (81, 139), (60, 72), (75, 164), (79, 189), (56, 177)], (210, 169, 116, 214))
([(16, 7), (66, 136), (179, 78)], (178, 27, 243, 75))
([(37, 20), (31, 236), (180, 125), (82, 133), (11, 234), (0, 126), (134, 67)], (142, 223, 207, 32))
([(144, 143), (89, 111), (6, 62), (77, 122), (25, 206)], (25, 158, 181, 153))
([(52, 17), (44, 177), (26, 118)], (116, 100, 38, 11))
([(64, 212), (79, 150), (9, 194)], (198, 170, 194, 82))
([(169, 9), (141, 62), (136, 72), (159, 235), (33, 120)], (192, 145, 224, 139))
([(9, 94), (70, 187), (136, 168), (139, 67)], (73, 246, 228, 155))
([(124, 167), (113, 168), (119, 188), (2, 128)], (174, 74, 248, 182))
([(95, 159), (176, 207), (77, 230), (70, 200)], (215, 70, 195, 65))
([(4, 153), (5, 151), (91, 5), (83, 107), (2, 185)], (185, 160, 125, 55))
([(55, 172), (25, 42), (139, 209), (148, 222)], (60, 241, 227, 184))
([(105, 75), (18, 29), (107, 221)], (210, 106, 3, 0))
([(35, 77), (173, 193), (173, 193), (61, 207), (14, 50), (107, 98)], (235, 204, 246, 181))
([(54, 93), (83, 213), (41, 52)], (125, 3, 91, 2))
([(159, 55), (150, 141), (63, 131)], (227, 27, 28, 251))
([(177, 23), (24, 46), (9, 47), (0, 47), (146, 187)], (228, 58, 182, 235))
([(113, 146), (62, 73), (12, 1), (142, 182)], (78, 97, 27, 111))
([(106, 23), (104, 53), (92, 231), (79, 49)], (109, 61, 73, 30))
([(157, 32), (86, 133), (70, 156), (148, 98)], (206, 140, 24, 82))
([(100, 74), (169, 47), (148, 108), (115, 204), (128, 89), (133, 179)], (161, 120, 11, 171))
([(34, 163), (35, 160), (69, 44), (132, 52)], (174, 6, 173, 103))
([(99, 6), (83, 31), (93, 226), (145, 51)], (233, 16, 254, 18))
([(171, 26), (53, 46), (93, 39), (175, 173), (60, 198)], (105, 33, 33, 111))
([(157, 20), (91, 6), (28, 210), (21, 5), (108, 12), (108, 116)], (240, 251, 174, 152))
([(46, 65), (72, 33), (37, 113), (45, 116), (144, 154)], (136, 108, 61, 101))
([(58, 49), (91, 162), (91, 162), (113, 238), (88, 234)], (224, 215, 236, 134))
([(63, 21), (71, 135), (74, 178), (97, 156), (177, 81), (128, 98), (96, 74)], (226, 225, 89, 80))
([(32, 16), (66, 164), (76, 207), (76, 207)], (199, 204, 106, 150))
([(9, 116), (9, 197), (9, 197), (159, 226), (133, 19)], (115, 138, 244, 72))
([(170, 151), (15, 210), (8, 46)], (236, 235, 67, 121))
([(89, 39), (97, 224), (105, 164), (180, 151)], (158, 76, 67, 229))
([(27, 156), (157, 67), (116, 129)], (255, 110, 167, 207))
([(92, 205), (84, 58), (12, 61)], (200, 51, 122, 131))
([(8, 136), (87, 180), (83, 31)], (170, 64, 50, 214))
([(174, 199), (148, 63), (67, 79)], (220, 128, 10, 231))
([(14, 214), (52, 161), (122, 127)], (189, 64, 109, 232))
([(165, 192), (49, 46), (49, 24), (49, 24)], (1, 148, 152, 1))
([(162, 3), (143, 30), (83, 115), (37, 7)], (144, 16, 18, 179))
([(137, 74), (174, 109), (30, 210), (99, 131)], (98, 86, 17, 22))
([(114, 193), (117, 188), (132, 163), (71, 192), (81, 218)], (74, 218, 201, 87))
([(42, 106), (102, 28), (119, 59), (158, 90)], (231, 22, 51, 244))
([(82, 88), (92, 54), (128, 130)], (154, 100, 36, 219))
([(34, 182), (104, 196), (106, 191), (4, 52), (6, 66), (23, 187)], (114, 213, 133, 77))
