([(73, 237), (76, 224), (99, 122), (153, 222), (158, 231)], (83, 127, 232, 223))
([(3, 202), (25, 92), (101, 208), (86, 99)], (140, 11, 210, 189))
([(18, 174), (55, 106), (135, 119)], (162, 10, 133, 116))
([(74, 230), (180, 228), (162, 108)], (246, 80, 41, 152))
([(105, 160), (115, 212), (121, 186)], (150, 93, 156, 98))
([(146, 232), (3, 204), (75, 74), (91, 45), (152, 78)], (184, 251, 228, 195))
([(27, 2), (148, 4), (69, 172), (85, 136), (95, 113), (32, 148)], (74, 59, 142, 188))
([(129, 114), (45, 2), (147, 18)], (123, 63, 14, 249))
([(103, 240), (133, 201), (90, 55), (64, 59), (12, 67)], (197, 89, 113, 30))
([(36, 77), (4, 134), (84, 236)], (185, 230, 113, 247))
([(92, 188), (87, 68), (46, 216)], (244, 0, 203, 82))
([(144, 30), (169, 135), (81, 214)], (237, 79, 194, 197))
([(109, 176), (113, 181), (161, 17)], (111, 204, 132, 251))
([(67, 109), (68, 109), (74, 232)], (78, 119, 2, 51))
([(149, 192), (150, 181), (84, 60)], (94, 226, 167, 126))
([(36, 2), (113, 210), (24, 239)], (198, 204, 239, 119))
([(161, 87), (0, 16), (0, 73)], (177, 173, 0, 230))
([(80, 71), (131, 68), (167, 180), (67, 239), (30, 192), (30, 192), (161, 237)], (156, 141, 160, 178))
([(156, 226), (170, 230), (171, 230), (173, 231), (177, 232), (119, 91)], (219, 170, 49, 239))
([(2, 61), (14, 35), (14, 35), (21, 20), (64, 196)], (226, 66, 251, 203))
([(21, 209), (138, 234), (58, 78), (56, 74)], (31, 254, 232, 254))
([(17, 223), (109, 232), (156, 236), (179, 128)], (226, 239, 139, 145))
([(77, 176), (81, 170), (151, 68)], (158, 98, 219, 235))
([(23, 169), (111, 38), (7, 14), (6, 16), (6, 16)], (204, 236, 70, 166))
([(14, 123), (60, 31), (75, 1), (140, 170), (162, 227)], (251, 233, 94, 248))
([(98, 32), (163, 8), (164, 8), (159, 15), (140, 40)], (102, 171, 35, 208))
([(162, 100), (179, 40), (47, 238)], (118, 182, 80, 249))
([(18, 75), (107, 146), (53, 70)], (65, 171, 65, 37))
([(107, 182), (153, 68), (26, 31)], (4, 115, 99, 74))
([(3, 28), (36, 70), (103, 154), (126, 183), (1, 106)], (194, 232, 60, 217))
([(138, 102), (82, 19), (5, 15)], (131, 124, 14, 59))
([(160, 98), (161, 98), (157, 48), (26, 12)], (67, 138, 180, 228))
([(20, 240), (155, 237), (108, 15)], (226, 139, 89, 80))
([(95, 69), (155, 69), (161, 69), (164, 69), (170, 69), (172, 69), (0, 151), (75, 234)], (186, 67, 24, 171))
([(179, 110), (44, 238), (61, 152), (87, 21)], (171, 100, 245, 48))
([(42, 90), (135, 232), (32, 84)], (244, 175, 176, 5))
([(1, 133), (3, 11), (3, 11), (89, 36)], (88, 228, 201, 230))
([(104, 229), (128, 199), (130, 233)], (121, 254, 252, 226))
([(178, 10), (148, 42), (6, 192), (3, 171)], (20, 153, 244, 76))
([(60, 236), (63, 128), (65, 88)], (27, 206, 213, 255))
([(161, 239), (121, 144), (117, 134), (91, 116), (89, 115), (64, 98)], (217, 242, 238, 9))
([(9, 116), (51, 82), (9, 197)], (137, 91, 244, 84))
([(29, 173), (63, 89), (79, 49), (79, 49)], (109, 243, 73, 30))
([(177, 209), (134, 113), (170, 51)], (239, 147, 192, 175))
([(127, 196), (35, 29), (0, 166)], (55, 234, 113, 152))
([(104, 196), (12, 239), (12, 239), (13, 234), (40, 118)], (114, 213, 133, 77))
([(159, 132), (10, 14), (48, 149)], (125, 244, 182, 142))
([(179, 210), (0, 230), (159, 28)], (158, 110, 190, 204))
([(179, 6), (166, 55), (148, 123), (136, 168), (80, 100)], (73, 246, 228, 155))
([(172, 20), (171, 21), (169, 23), (145, 46), (154, 11)], (198, 96, 44, 154))
([(144, 49), (7, 16), (39, 200)], (244, 236, 158, 215))
([(57, 143), (129, 155), (69, 141)], (46, 136, 88, 182))
([(149, 158), (129, 184), (137, 145)], (119, 106, 83, 216))
([(110, 225), (101, 220), (78, 29)], (5, 107, 50, 205))
([(5, 237), (167, 163), (136, 160), (7, 88)], (2, 155, 231, 227))
([(101, 239), (101, 239), (101, 239), (166, 187), (41, 229)], (44, 135, 248, 211))
([(130, 212), (69, 163), (8, 197)], (161, 143, 198, 1))
([(79, 170), (143, 49), (108, 79), (125, 3)], (139, 42, 174, 206))
([(159, 182), (110, 135), (145, 35), (117, 28), (22, 4), (9, 1), (4, 0)], (127, 80, 204, 237))
([(96, 55), (20, 163), (0, 208)], (96, 223, 180, 223))
([(146, 235), (56, 234), (71, 114), (81, 34), (85, 2)], (244, 214, 89, 162))
([(50, 228), (111, 239), (117, 240), (124, 175)], (181, 151, 220, 255))
([(14, 141), (70, 73), (1, 201)], (199, 224, 238, 202))
([(158, 138), (152, 139), (128, 135)], (188, 61, 151, 61))
([(136, 236), (135, 235), (135, 235), (135, 235), (60, 69), (130, 156)], (237, 94, 103, 155))
([(1, 81), (124, 235), (112, 196), (18, 153)], (62, 66, 182, 90))
([(44, 74), (86, 124), (90, 124), (150, 117)], (181, 51, 122, 136))
([(54, 65), (99, 169), (5, 64)], (97, 180, 227, 222))
([(72, 192), (55, 93), (52, 75), (13, 54)], (49, 248, 206, 204))
([(29, 228), (116, 191), (160, 173), (83, 238), (81, 240), (59, 240)], (211, 234, 247, 241))
([(55, 110), (121, 221), (102, 8)], (199, 225, 155, 233))
([(64, 19), (135, 75), (46, 28), (42, 26), (30, 20)], (191, 109, 32, 195))
([(12, 201), (106, 203), (152, 184), (12, 217)], (25, 72, 107, 135))
([(38, 71), (82, 48), (22, 91), (2, 178)], (89, 140, 226, 49))
([(133, 144), (174, 147), (46, 154)], (75, 123, 7, 85))
([(131, 13), (177, 222), (61, 60)], (55, 143, 126, 140))
([(39, 36), (58, 94), (61, 52), (62, 38), (63, 24), (0, 3), (35, 142), (29, 168), (19, 210)], (177, 121, 246, 107))
([(141, 35), (26, 226), (14, 93), (6, 5)], (233, 203, 229, 241))
([(118, 186), (129, 54), (97, 144)], (119, 114, 117, 126))
([(96, 7), (87, 77), (60, 155)], (180, 195, 213, 183))
([(24, 31), (26, 31), (37, 28), (41, 38), (44, 46)], (150, 247, 220, 179))
([(102, 232), (143, 46), (36, 208)], (126, 168, 145, 30))
([(64, 168), (76, 116), (100, 11), (59, 22)], (221, 160, 5, 170))
([(63, 35), (73, 91), (4, 24)], (69, 167, 250, 34))
([(178, 140), (157, 208), (148, 212), (83, 237)], (252, 45, 225, 214))
([(34, 86), (68, 177), (57, 80)], (228, 40, 180, 70))
([(44, 219), (33, 194), (67, 156)], (27, 121, 239, 189))
([(67, 118), (59, 34), (110, 56)], (0, 185, 232, 20))
([(1, 228), (35, 58), (81, 211), (169, 196)], (98, 116, 198, 207))
([(56, 97), (157, 109), (64, 231), (52, 232), (18, 234), (18, 234), (19, 135)], (21, 174, 141, 217))
([(149, 235), (11, 238), (26, 145), (21, 98)], (208, 208, 247, 36))
([(23, 59), (145, 62), (179, 232)], (216, 172, 34, 207))
([(40, 204), (36, 19), (47, 79), (53, 112)], (177, 106, 193, 17))
([(136, 227), (89, 221), (174, 202)], (148, 196, 174, 253))
([(46, 211), (36, 72), (4, 180)], (190, 93, 179, 144))
([(140, 36), (97, 99), (141, 239)], (116, 138, 197, 192))
([(108, 152), (20, 85), (3, 201)], (46, 74, 238, 184))
([(79, 152), (0, 207), (6, 104)], (99, 218, 179, 101))
([(109, 208), (45, 240), (47, 237), (52, 228)], (164, 229, 98, 215))
([(160, 100), (46, 228), (128, 136), (124, 119), (166, 220)], (127, 192, 224, 194))
([(0, 133), (151, 3), (158, 30), (5, 42)], (200, 194, 141, 255))
([(17, 134), (67, 226), (8, 98)], (228, 146, 202, 84))
([(43, 48), (48, 56), (88, 124), (89, 127), (67, 115)], (68, 169, 125, 194))
([(69, 81), (35, 138), (160, 198), (158, 131)], (158, 204, 112, 211))
([(53, 173), (132, 15), (112, 46)], (15, 251, 132, 30))
([(165, 211), (79, 239), (36, 175)], (228, 238, 211, 247))
([(142, 103), (169, 16), (180, 151)], (158, 103, 67, 249))
([(147, 6), (15, 2), (21, 199), (44, 49)], (174, 66, 158, 199))
([(149, 114), (154, 87), (170, 2), (133, 6), (105, 13), (95, 15), (90, 16)], (245, 67, 221, 206))
([(72, 71), (87, 188), (88, 186)], (185, 160, 42, 218))
([(62, 73), (16, 224), (123, 43)], (35, 60, 27, 170))
([(20, 240), (19, 198), (15, 30), (89, 124)], (84, 220, 243, 114))
([(68, 185), (49, 121), (178, 213), (98, 159)], (145, 196, 213, 55))
([(32, 76), (146, 215), (125, 95)], (98, 210, 41, 16))
([(130, 50), (75, 1), (72, 10)], (137, 9, 28, 173))
([(158, 12), (134, 42), (17, 17), (94, 91), (75, 10)], (185, 177, 49, 239))
([(85, 134), (82, 46), (83, 31)], (170, 98, 20, 207))
([(28, 190), (126, 108), (84, 153), (14, 229)], (31, 50, 6, 95))
([(53, 52), (14, 150), (179, 240)], (38, 106, 237, 208))
([(35, 240), (109, 239), (11, 27), (10, 38)], (180, 249, 219, 219))
([(1, 127), (32, 27), (1, 195), (9, 155), (173, 48), (179, 88), (176, 124), (179, 200)], (154, 181, 253, 254))
([(21, 131), (105, 192), (155, 229), (120, 177), (111, 104), (106, 63)], (233, 102, 172, 236))
([(59, 197), (24, 27), (34, 34), (122, 96)], (165, 184, 210, 65))
([(169, 47), (132, 140), (67, 3)], (161, 120, 11, 8))
([(176, 182), (43, 28), (79, 99)], (71, 42, 105, 143))
([(87, 192), (15, 15), (13, 35)], (202, 193, 117, 130))
([(39, 145), (136, 178), (173, 191), (177, 206), (108, 145), (25, 232)], (140, 232, 249, 239))
([(0, 175), (112, 158), (0, 99)], (175, 215, 148, 245))
([(8, 172), (35, 101), (129, 152), (26, 55), (5, 45)], (209, 231, 99, 223))
([(69, 119), (68, 154), (60, 157)], (16, 183, 109, 210))
([(128, 8), (22, 6), (25, 1)], (219, 254, 29, 68))
([(169, 91), (150, 179), (143, 211)], (172, 177, 245, 54))
([(97, 144), (171, 117), (177, 187)], (213, 223, 5, 148))
([(171, 35), (173, 114), (174, 153), (66, 58)], (250, 85, 195, 98))
([(27, 212), (161, 88), (31, 1)], (166, 227, 162, 186))
([(85, 161), (164, 237), (75, 15)], (220, 173, 212, 197))
([(54, 58), (160, 9), (160, 239)], (249, 253, 74, 230))
([(14, 207), (0, 203), (0, 203), (19, 114), (20, 109)], (18, 119, 194, 118))
([(129, 195), (134, 182), (134, 182), (180, 59), (142, 13)], (217, 81, 153, 231))
([(53, 56), (51, 45), (95, 105)], (51, 91, 93, 156))
([(79, 225), (52, 219), (59, 45)], (189, 81, 231, 211))
([(42, 135), (61, 98), (171, 70)], (158, 72, 13, 178))
([(143, 138), (40, 223), (137, 236)], (219, 247, 195, 117))
([(126, 150), (11, 56), (43, 84)], (204, 191, 68, 204))
([(15, 3), (6, 102), (76, 208), (105, 16)], (220, 242, 218, 225))
([(154, 240), (177, 136), (121, 130), (11, 118)], (208, 223, 178, 20))
([(16, 81), (166, 141), (132, 240)], (212, 203, 212, 247))
([(58, 238), (3, 168), (166, 1), (89, 111), (167, 76), (91, 73), (25, 27), (25, 27), (5, 58)], (248, 204, 171, 140))
([(4, 175), (92, 72), (101, 61), (108, 53), (37, 235)], (2, 51, 64, 195))
([(157, 20), (91, 6), (28, 210), (21, 5), (158, 101)], (240, 251, 199, 180))
([(155, 155), (106, 88), (128, 34)], (215, 81, 1, 126))
([(93, 215), (73, 131), (154, 2)], (175, 243, 128, 112))
([(150, 222), (89, 183), (176, 110)], (241, 128, 250, 252))
([(169, 169), (147, 151), (133, 17), (0, 161)], (245, 231, 172, 142))
([(166, 108), (115, 217), (112, 1)], (236, 210, 125, 231))
([(177, 26), (107, 6), (113, 116)], (234, 135, 19, 255))
([(111, 111), (79, 20), (54, 215)], (192, 15, 203, 68))
([(163, 182), (3, 18), (8, 129)], (218, 199, 217, 178))
([(164, 190), (126, 172), (20, 123), (9, 83), (7, 76), (167, 1)], (232, 82, 135, 197))
([(49, 57), (82, 138), (91, 62), (70, 7)], (144, 100, 36, 208))
([(130, 81), (147, 191), (122, 31)], (240, 50, 246, 22))
([(180, 120), (94, 70), (153, 22), (167, 10)], (199, 112, 245, 155))
([(172, 234), (15, 66), (3, 54), (3, 54), (107, 53), (162, 26)], (144, 199, 15, 136))
([(17, 2), (97, 38), (76, 68), (135, 228), (170, 30), (10, 85)], (234, 203, 233, 138))
([(162, 150), (74, 126), (56, 152)], (50, 51, 164, 155))
([(11, 26), (27, 157), (1, 107)], (183, 178, 250, 141))
([(43, 45), (89, 70), (146, 100)], (7, 102, 111, 183))
([(132, 72), (34, 15), (149, 0)], (220, 27, 172, 160))
([(161, 180), (94, 105), (160, 136), (176, 143)], (208, 19, 217, 247))
([(56, 172), (44, 200), (67, 17), (67, 17), (69, 1), (36, 55), (15, 222), (8, 227), (0, 232), (0, 232)], (108, 224, 115, 218))
([(86, 161), (73, 109), (22, 52)], (231, 244, 190, 190))
([(29, 50), (158, 228), (9, 142), (63, 123), (42, 99)], (137, 212, 159, 205))
([(2, 136), (61, 151), (7, 176)], (208, 251, 244, 251))
([(42, 228), (122, 101), (2, 207)], (49, 180, 226, 222))
([(45, 45), (48, 112), (54, 119), (79, 150)], (198, 90, 4, 191))
([(150, 154), (12, 6), (1, 154)], (221, 219, 221, 210))
([(178, 124), (124, 141), (52, 12), (51, 16), (30, 109)], (94, 26, 214, 140))
([(68, 178), (62, 143), (56, 26)], (152, 84, 62, 156))
([(125, 59), (68, 24), (166, 228), (169, 233)], (86, 138, 97, 237))
([(165, 239), (177, 34), (179, 0), (94, 26)], (226, 90, 55, 227))
([(52, 223), (58, 22), (72, 57)], (238, 194, 84, 65))
([(166, 219), (99, 134), (53, 75), (36, 17), (42, 11), (131, 54)], (211, 86, 176, 229))
([(156, 208), (71, 139), (93, 75)], (241, 212, 115, 167))
([(165, 128), (12, 135), (13, 136), (97, 192)], (244, 242, 251, 180))
([(87, 210), (177, 183), (170, 110)], (32, 80, 222, 37))
([(47, 190), (139, 128), (45, 127)], (159, 234, 71, 82))
([(52, 70), (71, 127), (12, 72)], (206, 56, 131, 33))
([(13, 220), (3, 233), (32, 234), (88, 235)], (52, 157, 199, 224))
([(0, 140), (18, 55), (156, 150)], (240, 238, 187, 127))
([(156, 108), (110, 233), (156, 222), (164, 220)], (221, 244, 167, 254))
([(30, 161), (104, 107), (120, 95), (176, 194)], (1, 9, 194, 40))
([(144, 222), (75, 236), (53, 235), (94, 26)], (213, 238, 157, 199))
([(29, 78), (135, 163), (122, 123), (97, 46)], (59, 100, 11, 36))
([(178, 171), (180, 155), (180, 155), (66, 97), (54, 119)], (254, 34, 101, 232))
([(139, 222), (62, 32), (160, 98), (179, 111)], (239, 211, 142, 89))
([(177, 158), (180, 25), (152, 59), (143, 70), (45, 189)], (171, 80, 16, 244))
([(166, 237), (56, 237), (11, 219)], (219, 167, 251, 75))
([(150, 180), (150, 180), (160, 170), (179, 5), (148, 7)], (232, 74, 46, 212))
([(79, 159), (132, 113), (179, 73), (0, 71)], (52, 91, 136, 212))
([(176, 35), (161, 93), (84, 92)], (239, 26, 160, 227))
([(84, 138), (98, 81), (85, 65), (139, 235), (124, 104)], (197, 207, 252, 199))
([(27, 174), (33, 235), (59, 198), (74, 177)], (15, 0, 132, 110))
([(77, 161), (52, 187), (22, 218), (3, 237), (74, 93), (97, 46)], (53, 138, 251, 219))
([(161, 212), (21, 73), (15, 90), (2, 128)], (253, 227, 248, 246))
([(147, 211), (73, 8), (103, 191)], (219, 241, 234, 135))
([(45, 231), (26, 99), (110, 38)], (249, 232, 249, 196))
([(31, 236), (82, 133), (11, 234), (0, 126)], (188, 223, 207, 97))
([(131, 191), (141, 176), (145, 170), (179, 120), (40, 140), (48, 162), (48, 162), (48, 162)], (254, 107, 56, 189))
([(16, 238), (51, 95), (142, 89)], (127, 182, 212, 75))
([(177, 192), (149, 129), (85, 182)], (142, 217, 132, 33))
([(46, 46), (45, 35), (52, 49), (86, 119)], (236, 24, 110, 177))
([(93, 226), (98, 209), (145, 51)], (233, 152, 9, 25))
([(156, 209), (151, 210), (11, 234), (22, 235), (61, 238)], (228, 251, 225, 127))
([(58, 126), (73, 151), (137, 119), (168, 31), (175, 8)], (251, 58, 107, 148))
([(162, 1), (130, 46), (85, 109), (97, 14)], (234, 145, 189, 164))
([(38, 57), (75, 102), (41, 239)], (79, 73, 15, 183))
([(37, 114), (75, 52), (55, 158), (51, 165), (49, 169)], (26, 53, 77, 228))
([(148, 5), (49, 2), (108, 158)], (242, 136, 85, 161))
([(179, 239), (145, 88), (43, 4), (161, 235)], (228, 8, 90, 48))
([(80, 199), (174, 204), (167, 218), (159, 235)], (192, 217, 224, 176))
([(173, 193), (47, 236), (4, 51)], (235, 238, 246, 181))
([(62, 189), (95, 131), (31, 180)], (78, 47, 32, 59))
([(138, 150), (107, 171), (135, 178)], (234, 213, 58, 66))
([(111, 140), (120, 116), (86, 66), (90, 57), (93, 51)], (43, 226, 226, 9))
([(89, 111), (23, 72), (6, 62), (45, 95), (77, 122)], (118, 85, 181, 153))
([(126, 90), (123, 95), (121, 98), (103, 125), (66, 181), (41, 11)], (29, 64, 69, 182))
([(47, 10), (174, 134), (81, 163)], (245, 27, 28, 251))
([(91, 162), (105, 179), (119, 195), (148, 230), (88, 234)], (224, 251, 236, 218))
([(177, 23), (53, 134), (66, 174), (137, 178), (146, 187)], (236, 58, 31, 121))
([(90, 114), (71, 127), (41, 149), (39, 150), (39, 150)], (20, 143, 30, 249))
([(45, 151), (44, 1), (45, 1), (178, 40)], (239, 68, 32, 175))
([(35, 160), (96, 153), (75, 119), (61, 96), (58, 91), (56, 88), (62, 71)], (155, 0, 173, 86))
([(33, 108), (175, 173), (34, 195), (110, 187), (91, 191)], (105, 33, 33, 111))
([(144, 179), (177, 180), (70, 88), (38, 60)], (158, 3, 91, 16))
([(130, 88), (22, 73), (2, 79)], (146, 27, 60, 201))
([(46, 65), (46, 65), (37, 113), (41, 115), (74, 154), (131, 105), (144, 154)], (212, 108, 3, 101))
([(32, 16), (58, 134), (77, 50)], (199, 139, 106, 95))
([(86, 33), (53, 162), (51, 165), (51, 165), (37, 182)], (167, 16, 100, 223))
([(1, 73), (44, 107), (50, 112), (167, 70), (179, 169), (143, 30)], (187, 0, 0, 51))
([(17, 210), (48, 58), (122, 127)], (189, 64, 109, 66))
([(49, 177), (49, 177), (50, 176), (50, 176), (82, 149)], (96, 13, 62, 70))
([(84, 183), (59, 157), (38, 169), (34, 171), (62, 93), (67, 79)], (220, 128, 10, 173))
([(30, 51), (41, 65), (50, 76), (65, 94), (107, 87), (170, 76)], (253, 22, 61, 78))
([(162, 3), (143, 30), (59, 12), (37, 7)], (189, 16, 69, 179))
([(174, 109), (157, 121), (30, 210), (58, 178), (99, 131)], (188, 86, 17, 22))
([(42, 106), (54, 171), (57, 187), (90, 124), (138, 32)], (231, 22, 51, 170))
([(31, 222), (6, 197), (69, 114)], (30, 91, 159, 82))
([(27, 156), (123, 90), (157, 67), (176, 167)], (255, 60, 118, 82))
([(170, 151), (42, 23), (178, 59)], (236, 128, 67, 121))
([(131, 89), (107, 185), (59, 36)], (233, 221, 45, 26))
