([(163, 165), (157, 109), (64, 231), (52, 232), (39, 233), (18, 234), (19, 135)], (21, 205, 119, 217))
([(95, 69), (133, 69), (172, 69), (128, 139), (91, 197), (26, 38)], (186, 67, 24, 171))
([(73, 237), (76, 224), (99, 122), (158, 231)], (83, 127, 232, 165))
([(74, 230), (180, 228), (162, 108)], (246, 80, 205, 152))
([(146, 232), (3, 204), (91, 45), (152, 78)], (184, 251, 216, 195))
([(46, 211), (99, 182), (36, 72), (11, 18), (4, 180)], (190, 93, 169, 144))
([(3, 28), (126, 183), (167, 135)], (194, 83, 60, 217))
([(154, 70), (145, 65), (124, 47)], (126, 168, 161, 251))
([(27, 2), (148, 4), (69, 172), (73, 139), (96, 114), (95, 113), (32, 148)], (74, 59, 142, 188))
([(158, 138), (152, 139), (148, 140), (72, 88)], (148, 11, 25, 100))
([(177, 192), (102, 23), (85, 182)], (142, 217, 132, 202))
([(139, 191), (78, 236), (139, 106)], (193, 146, 202, 84))
([(103, 240), (81, 155), (138, 69), (149, 52)], (213, 89, 113, 22))
([(36, 77), (27, 93), (5, 227)], (185, 230, 113, 247))
([(56, 172), (44, 200), (69, 1), (31, 212), (15, 222), (8, 227), (0, 232)], (108, 224, 115, 222))
([(127, 196), (75, 30), (0, 166), (0, 166)], (55, 67, 113, 152))
([(109, 176), (102, 172), (90, 166), (161, 17)], (139, 204, 132, 117))
([(98, 32), (163, 8), (164, 8), (140, 40), (4, 222)], (102, 171, 35, 208))
([(160, 229), (14, 119), (15, 118), (42, 87)], (136, 123, 60, 85))
([(161, 87), (0, 16), (0, 73)], (177, 173, 0, 230))
([(80, 71), (119, 169), (91, 236), (30, 192), (161, 237)], (137, 141, 160, 178))
([(25, 161), (156, 226), (170, 230), (177, 232), (119, 91)], (219, 170, 49, 239))
([(2, 61), (14, 35), (21, 20), (64, 196)], (150, 66, 251, 203))
([(21, 209), (138, 234), (36, 54)], (31, 88, 232, 254))
([(105, 160), (115, 212), (121, 186)], (150, 97, 156, 98))
([(14, 123), (75, 1), (162, 227)], (251, 233, 94, 248))
([(111, 8), (24, 88), (139, 14)], (240, 208, 194, 197))
([(9, 116), (110, 31), (9, 197)], (115, 178, 244, 101))
([(5, 237), (167, 163), (86, 120), (45, 98), (7, 88)], (2, 155, 231, 227))
([(162, 100), (179, 40), (173, 49), (47, 238)], (118, 47, 80, 249))
([(157, 115), (168, 179), (54, 88), (5, 15)], (131, 53, 3, 178))
([(1, 133), (11, 133), (33, 201)], (88, 228, 193, 247))
([(49, 122), (160, 98), (176, 94), (26, 12)], (67, 120, 180, 228))
([(50, 11), (24, 36), (97, 46)], (59, 100, 157, 36))
([(179, 110), (150, 129), (73, 179), (105, 91), (115, 63)], (171, 100, 245, 48))
([(124, 109), (70, 146), (67, 148), (62, 153), (60, 155)], (170, 81, 207, 100))
([(128, 199), (128, 199), (130, 233)], (93, 254, 252, 226))
([(107, 182), (153, 68), (94, 221)], (4, 115, 99, 251))
([(76, 189), (79, 163), (82, 138), (91, 62), (70, 7)], (144, 100, 36, 208))
([(6, 192), (6, 192), (3, 171), (93, 145)], (20, 153, 244, 76))
([(113, 94), (75, 90), (93, 51)], (43, 226, 21, 9))
([(169, 91), (146, 197), (143, 211)], (118, 23, 245, 192))
([(1, 81), (124, 235), (112, 196), (66, 45)], (62, 66, 145, 90))
([(177, 209), (166, 81), (55, 20)], (239, 73, 192, 175))
([(111, 111), (130, 90), (173, 58)], (192, 15, 203, 68))
([(57, 143), (129, 155), (63, 140)], (8, 233, 88, 98))
([(179, 210), (0, 230), (159, 28)], (158, 99, 190, 204))
([(21, 131), (155, 229), (99, 172), (70, 143)], (233, 102, 172, 110))
([(26, 164), (94, 70), (167, 10)], (199, 112, 245, 155))
([(63, 69), (7, 16), (39, 200)], (244, 236, 45, 197))
([(149, 192), (163, 40), (166, 42)], (124, 226, 6, 119))
([(77, 176), (143, 198), (70, 180)], (220, 98, 219, 235))
([(125, 34), (81, 29), (78, 29), (150, 87)], (5, 107, 50, 48))
([(159, 132), (131, 124), (91, 146), (81, 151)], (125, 189, 228, 142))
([(10, 22), (45, 2), (147, 18)], (123, 63, 61, 249))
([(159, 182), (110, 135), (173, 42), (145, 35), (22, 4), (4, 0)], (127, 80, 204, 237))
([(99, 51), (96, 55), (21, 162), (20, 163), (0, 208)], (96, 223, 180, 116))
([(14, 56), (62, 119), (72, 57)], (238, 194, 84, 65))
([(100, 148), (86, 124), (67, 52)], (200, 51, 122, 131))
([(55, 74), (144, 133), (142, 103)], (240, 132, 246, 113))
([(14, 141), (70, 73), (1, 201)], (199, 224, 79, 202))
([(144, 85), (132, 72), (125, 64), (149, 0), (35, 89)], (220, 27, 172, 125))
([(29, 228), (44, 231), (69, 237), (81, 240), (59, 240)], (94, 234, 139, 241))
([(68, 178), (62, 143), (50, 73), (56, 26)], (152, 193, 62, 97))
([(71, 195), (20, 23), (98, 159)], (163, 114, 213, 22))
([(173, 23), (60, 169), (34, 94), (125, 3)], (139, 42, 174, 206))
([(90, 49), (50, 152), (110, 56)], (0, 185, 22, 20))
([(22, 182), (27, 170), (28, 168), (55, 110), (71, 75), (102, 8)], (199, 51, 155, 233))
([(38, 71), (69, 55), (82, 48), (74, 119), (89, 209)], (89, 56, 226, 49))
([(3, 202), (101, 208), (71, 88)], (140, 11, 210, 97))
([(128, 9), (162, 207), (83, 31)], (170, 98, 20, 207))
([(120, 227), (129, 184), (137, 145)], (12, 250, 152, 216))
([(62, 158), (79, 152), (45, 176), (0, 207), (0, 207)], (99, 218, 179, 101))
([(131, 13), (7, 228), (177, 222), (93, 120)], (55, 143, 126, 140))
([(141, 35), (26, 226), (14, 93), (6, 5)], (212, 203, 229, 241))
([(131, 43), (7, 14), (6, 16), (6, 16), (81, 240)], (204, 236, 33, 166))
([(161, 105), (136, 236), (135, 235), (135, 235), (135, 235), (60, 69), (131, 229), (130, 156)], (237, 94, 103, 155))
([(1, 228), (35, 58), (38, 61), (169, 196)], (98, 116, 198, 40))
([(63, 21), (155, 237), (108, 15)], (226, 17, 89, 80))
([(23, 59), (79, 153), (157, 191), (179, 232)], (171, 172, 127, 46))
([(56, 112), (51, 95), (142, 89)], (127, 137, 238, 75))
([(60, 236), (80, 194), (153, 220), (122, 105), (18, 222)], (53, 206, 213, 255))
([(72, 33), (26, 60), (18, 12)], (253, 106, 234, 17))
([(24, 31), (37, 28), (55, 74), (72, 118)], (150, 247, 230, 183))
([(150, 222), (22, 224), (89, 183), (176, 110)], (241, 70, 250, 65))
([(5, 57), (11, 56), (43, 84)], (204, 191, 90, 235))
([(0, 133), (151, 3), (73, 61), (5, 42)], (94, 194, 141, 255))
([(108, 152), (47, 234), (20, 85), (3, 201)], (46, 74, 238, 212))
([(44, 225), (45, 240), (47, 237), (52, 228)], (164, 229, 98, 215))
([(101, 186), (92, 188), (24, 201), (20, 83)], (20, 212, 196, 188))
([(20, 138), (123, 140), (153, 140), (153, 140), (158, 131)], (90, 204, 112, 243))
([(69, 119), (83, 147), (42, 103)], (16, 183, 70, 27))
([(142, 103), (169, 16), (180, 151)], (158, 103, 67, 175))
([(149, 67), (107, 146), (14, 135)], (77, 171, 92, 37))
([(147, 6), (115, 5), (15, 2), (87, 128), (21, 70), (43, 87), (101, 132)], (174, 61, 158, 134))
([(101, 239), (101, 239), (101, 239), (100, 131), (41, 229)], (44, 135, 213, 211))
([(72, 192), (71, 192), (13, 54)], (49, 248, 206, 239))
([(23, 233), (170, 2), (139, 5), (133, 6), (76, 216)], (245, 67, 223, 206))
([(62, 73), (16, 224), (123, 43), (29, 198)], (35, 97, 27, 170))
([(39, 187), (75, 1), (72, 10)], (137, 48, 28, 173))
([(158, 12), (94, 91), (83, 104), (75, 10)], (185, 161, 49, 239))
([(28, 190), (126, 108), (14, 229)], (46, 116, 6, 36))
([(63, 35), (73, 91), (4, 24)], (69, 167, 250, 86))
([(110, 145), (179, 73), (0, 71)], (52, 91, 136, 45))
([(156, 41), (156, 41), (159, 42), (14, 150), (3, 201)], (38, 106, 3, 20))
([(36, 2), (59, 182), (172, 20)], (198, 204, 239, 119))
([(44, 71), (32, 27), (1, 195), (9, 155), (173, 48), (176, 124), (179, 200)], (154, 181, 253, 254))
([(6, 136), (43, 53), (41, 54), (40, 54)], (189, 227, 137, 98))
([(44, 227), (44, 107), (16, 51)], (86, 51, 176, 155))
([(169, 47), (135, 146), (124, 178), (67, 3)], (161, 120, 11, 8))
([(16, 81), (166, 141), (132, 240)], (212, 203, 212, 247))
([(176, 182), (43, 28), (51, 44), (79, 99)], (71, 42, 105, 143))
([(39, 145), (173, 191), (177, 206), (138, 172), (108, 145), (19, 67)], (140, 232, 249, 239))
([(95, 45), (161, 30), (67, 115)], (27, 169, 77, 214))
([(148, 5), (49, 2), (108, 158)], (163, 136, 112, 128))
([(58, 110), (68, 109), (74, 232)], (139, 189, 2, 168))
([(87, 192), (15, 15), (13, 35)], (202, 193, 117, 239))
([(58, 238), (3, 168), (89, 111), (39, 216), (48, 228), (25, 27), (5, 58)], (248, 204, 171, 140))
([(20, 240), (15, 30), (89, 124)], (136, 220, 243, 114))
([(140, 36), (97, 99), (136, 223), (141, 239)], (116, 138, 55, 113))
([(64, 19), (135, 75), (97, 55), (30, 20)], (191, 109, 251, 195))
([(0, 175), (78, 14), (7, 67), (46, 111), (0, 99)], (175, 215, 148, 245))
([(105, 158), (134, 153), (133, 153), (129, 152), (170, 124), (26, 55), (5, 45)], (209, 231, 99, 223))
([(156, 209), (151, 210), (11, 234), (22, 235), (61, 238)], (228, 251, 225, 127))
([(147, 211), (73, 8), (103, 191)], (219, 241, 208, 135))
([(165, 211), (79, 239), (36, 175)], (228, 238, 211, 112))
([(118, 223), (176, 28), (112, 174)], (161, 143, 30, 1))
([(92, 58), (95, 64), (135, 227), (25, 1)], (219, 254, 29, 68))
([(101, 138), (109, 142), (112, 143), (120, 147), (45, 127)], (20, 163, 71, 42))
([(171, 35), (173, 114), (174, 153), (66, 58)], (250, 175, 195, 98))
([(147, 226), (35, 240), (13, 4), (11, 27), (11, 27), (10, 38)], (180, 249, 219, 209))
([(172, 20), (171, 21), (169, 23), (145, 46), (154, 11)], (198, 96, 44, 249))
([(85, 161), (164, 237), (75, 15)], (220, 173, 4, 197))
([(54, 58), (160, 9), (160, 239)], (249, 130, 74, 230))
([(34, 207), (21, 205), (0, 203), (0, 203), (20, 109)], (18, 119, 194, 118))
([(38, 127), (4, 37), (106, 88), (84, 128)], (215, 81, 86, 51))
([(129, 195), (180, 59), (142, 13)], (197, 99, 153, 231))
([(74, 29), (63, 110), (51, 45), (48, 29)], (51, 91, 9, 2))
([(79, 225), (23, 233), (97, 38)], (57, 81, 209, 211))
([(87, 210), (177, 183), (170, 110)], (74, 80, 222, 37))
([(94, 195), (94, 195), (94, 195), (12, 72)], (206, 61, 142, 33))
([(42, 135), (45, 128), (76, 61)], (2, 72, 13, 20))
([(143, 138), (36, 233), (62, 165)], (219, 100, 50, 117))
([(15, 3), (124, 116), (137, 129), (107, 59), (105, 16)], (220, 242, 218, 231))
([(149, 235), (26, 145), (21, 98)], (208, 208, 47, 36))
([(154, 240), (177, 136), (11, 118)], (135, 223, 178, 20))
([(4, 175), (92, 72), (108, 53), (37, 235)], (2, 51, 64, 195))
([(157, 20), (91, 6), (28, 210), (21, 5), (20, 91), (20, 91), (158, 101)], (240, 251, 199, 180))
([(97, 144), (135, 130), (171, 117), (177, 187)], (213, 223, 5, 148))
([(118, 186), (129, 54), (116, 108), (44, 65)], (119, 114, 69, 74))
([(34, 225), (50, 228), (111, 239), (117, 240), (124, 175)], (158, 151, 186, 255))
([(169, 169), (147, 151), (133, 17), (0, 161)], (245, 231, 172, 138))
([(42, 195), (33, 194), (71, 63)], (27, 161, 58, 189))
([(160, 100), (81, 111), (6, 100), (142, 202), (166, 220)], (127, 192, 224, 194))
([(39, 36), (58, 94), (63, 24), (48, 87), (35, 142), (29, 168), (19, 210)], (177, 78, 246, 96))
([(5, 25), (115, 217), (115, 217)], (236, 210, 58, 252))
([(159, 235), (38, 48), (159, 235)], (192, 145, 224, 176))
([(177, 26), (162, 22), (107, 6), (113, 116), (149, 138)], (234, 62, 19, 255))
([(143, 220), (3, 18), (8, 129)], (218, 199, 217, 178))
([(49, 224), (7, 76), (167, 1)], (232, 82, 135, 197))
([(86, 142), (85, 160), (85, 160), (83, 197), (88, 186)], (185, 160, 42, 156))
([(172, 234), (56, 161), (3, 54), (3, 54), (11, 90), (107, 53), (162, 26)], (144, 199, 15, 136))
([(29, 173), (72, 231), (79, 49)], (109, 243, 73, 30))
([(93, 215), (73, 131), (154, 2)], (175, 255, 128, 112))
([(77, 161), (3, 237), (97, 46)], (53, 138, 251, 219))
([(17, 2), (97, 38), (76, 68), (66, 82), (48, 108), (10, 85)], (234, 203, 233, 223))
([(11, 26), (27, 157), (1, 107)], (183, 178, 250, 141))
([(104, 196), (12, 239), (13, 234), (23, 187)], (114, 213, 133, 77))
([(161, 180), (37, 79), (176, 143)], (208, 19, 25, 187))
([(86, 161), (73, 109), (22, 52)], (231, 244, 190, 75))
([(161, 239), (117, 134), (64, 98)], (44, 242, 92, 9))
([(2, 136), (50, 148), (61, 151), (7, 176)], (208, 251, 244, 251))
([(42, 228), (122, 101), (2, 207)], (49, 180, 226, 222))
([(26, 125), (12, 6), (1, 154)], (221, 219, 221, 116))
([(178, 140), (50, 172), (83, 237)], (252, 58, 225, 214))
([(62, 111), (178, 124), (87, 166), (63, 113), (39, 110), (30, 109), (65, 93)], (94, 26, 214, 140))
([(125, 59), (74, 87), (169, 233)], (86, 138, 97, 237))
([(29, 50), (162, 234), (42, 99)], (137, 212, 159, 253))
([(56, 203), (100, 11), (59, 22)], (244, 160, 5, 170))
([(165, 239), (179, 0), (94, 26)], (223, 90, 55, 227))
([(179, 6), (136, 168), (139, 67)], (73, 246, 228, 155))
([(126, 90), (66, 181), (66, 181), (51, 79), (41, 11)], (29, 64, 69, 182))
([(166, 219), (53, 75), (36, 17), (55, 24), (131, 54)], (211, 86, 176, 214))
([(156, 208), (97, 132), (49, 70), (93, 75)], (241, 212, 115, 97))
([(12, 201), (26, 201), (106, 203), (152, 184), (12, 217)], (25, 72, 247, 128))
([(43, 45), (89, 70), (141, 184), (146, 100)], (142, 113, 195, 183))
([(54, 65), (5, 64), (21, 109)], (206, 180, 129, 109))
([(165, 128), (12, 135), (97, 192)], (239, 242, 251, 180))
([(27, 231), (17, 237), (89, 221), (174, 202)], (148, 196, 174, 205))
([(53, 173), (132, 15), (112, 46)], (251, 251, 64, 133))
([(0, 140), (18, 55), (62, 26), (62, 26), (156, 150)], (240, 238, 187, 127))
([(162, 1), (85, 109), (97, 14)], (234, 145, 189, 164))
([(13, 220), (3, 233), (87, 212)], (52, 157, 207, 224))
([(27, 212), (161, 88), (125, 211), (31, 1)], (166, 227, 153, 69))
([(146, 235), (56, 234), (71, 114), (85, 2), (30, 77)], (244, 214, 89, 162))
([(156, 108), (110, 233), (164, 220)], (221, 244, 167, 254))
([(58, 126), (73, 151), (112, 217), (168, 31), (175, 8)], (251, 58, 95, 164))
([(30, 161), (120, 95), (176, 194), (121, 150), (108, 139)], (1, 205, 194, 40))
([(46, 46), (45, 35), (86, 119)], (198, 24, 146, 177))
([(144, 222), (75, 236), (53, 235), (94, 26)], (212, 238, 157, 199))
([(17, 223), (156, 236), (179, 128)], (226, 239, 139, 62))
([(178, 171), (122, 64), (66, 97), (153, 70)], (165, 199, 101, 232))
([(112, 205), (58, 198), (111, 24), (179, 111)], (239, 211, 142, 184))
([(177, 158), (180, 25), (45, 189)], (171, 80, 16, 244))
([(166, 237), (56, 237), (11, 219)], (219, 167, 251, 75))
([(176, 35), (161, 93), (84, 92)], (239, 89, 160, 227))
([(142, 187), (150, 180), (150, 180), (157, 173), (160, 170), (179, 5), (151, 39), (149, 18), (148, 7)], (232, 74, 26, 212))
([(45, 45), (77, 144), (79, 150)], (198, 170, 194, 67))
([(68, 7), (98, 81), (85, 65), (139, 235), (124, 104)], (197, 207, 252, 199))
([(27, 174), (33, 235), (167, 46), (74, 177)], (15, 0, 144, 110))
([(31, 222), (6, 197), (69, 114)], (4, 91, 159, 82))
([(45, 151), (44, 1), (178, 40)], (239, 104, 1, 175))
([(161, 212), (21, 73), (2, 128)], (253, 227, 248, 246))
([(83, 118), (55, 106), (148, 121)], (162, 41, 133, 116))
([(45, 231), (26, 99), (110, 38), (153, 11)], (249, 232, 133, 196))
([(37, 20), (31, 236), (180, 125), (82, 133), (11, 234), (0, 126)], (188, 223, 207, 97))
([(131, 191), (179, 120), (40, 140), (48, 162), (48, 162), (48, 162)], (254, 107, 56, 189))
([(38, 57), (75, 102), (75, 148)], (79, 73, 15, 183))
([(42, 90), (135, 232), (32, 84)], (244, 175, 176, 137))
([(37, 114), (58, 151), (55, 158), (49, 169)], (26, 53, 77, 228))
([(179, 239), (145, 88), (121, 92), (112, 94)], (228, 8, 90, 48))
([(32, 76), (83, 107), (88, 106), (88, 106), (125, 95)], (185, 210, 41, 55))
([(173, 193), (47, 236), (4, 51)], (235, 238, 246, 181))
([(62, 189), (95, 131), (17, 185)], (78, 47, 32, 59))
([(138, 150), (11, 146), (135, 178)], (234, 213, 58, 66))
([(89, 111), (23, 72), (6, 62), (77, 122), (25, 206)], (118, 85, 181, 153))
([(47, 10), (62, 25), (174, 134), (81, 163)], (227, 27, 28, 251))
([(91, 162), (123, 200), (148, 230), (148, 230), (88, 234)], (224, 215, 236, 218))
([(177, 23), (120, 32), (53, 134), (66, 174), (137, 178), (137, 178), (146, 187)], (236, 58, 31, 121))
([(35, 160), (96, 153), (75, 119), (61, 96), (56, 88), (62, 71)], (155, 0, 173, 86))
([(175, 91), (111, 75), (34, 55), (53, 76), (57, 80), (158, 120)], (98, 40, 6, 35))
([(93, 226), (98, 209), (145, 51)], (233, 152, 9, 119))
([(130, 88), (22, 73), (2, 79)], (146, 27, 90, 89))
([(46, 65), (46, 65), (37, 113), (41, 115), (45, 116), (131, 105), (144, 154)], (212, 108, 3, 101))
([(32, 16), (57, 125), (77, 50)], (199, 139, 106, 150))
([(86, 33), (53, 162), (37, 182)], (167, 16, 100, 223))
([(1, 73), (50, 112), (95, 147), (63, 141), (167, 70), (179, 169), (143, 30)], (187, 0, 0, 51))
([(39, 150), (39, 150), (39, 150)], (20, 143, 30, 240))
([(17, 210), (48, 58), (122, 127)], (189, 64, 109, 66))
([(170, 151), (42, 23), (178, 59)], (236, 128, 67, 121))
([(121, 178), (177, 180), (70, 88), (38, 60)], (125, 3, 91, 16))
([(49, 177), (50, 176), (76, 154), (79, 151), (82, 149)], (96, 13, 62, 70))
([(106, 130), (59, 157), (34, 171), (67, 79)], (220, 128, 10, 173))
([(30, 51), (41, 65), (65, 94), (170, 76)], (253, 22, 61, 78))
([(33, 108), (175, 173), (115, 186), (110, 187), (91, 191), (60, 198)], (105, 33, 33, 111))
([(162, 3), (158, 9), (143, 30), (83, 115), (37, 7)], (144, 16, 69, 179))
([(174, 109), (157, 121), (30, 210), (99, 131)], (188, 86, 17, 22))
([(42, 106), (48, 138), (54, 171), (57, 187), (90, 124), (138, 32)], (231, 22, 51, 170))
([(27, 156), (157, 67), (176, 167)], (255, 60, 118, 82))
([(131, 89), (107, 185), (78, 95), (59, 36)], (233, 221, 45, 26))
