([(175, 117), (173, 23), (170, 200), (24, 192), (6, 124), (47, 64)], (139, 42, 174, 206))
([(160, 222), (3, 233), (87, 212)], (52, 157, 167, 224))
([(31, 100), (7, 124), (93, 120)], (55, 143, 126, 140))
([(62, 111), (63, 113), (80, 154), (65, 93), (150, 124)], (94, 241, 199, 28))
([(25, 153), (29, 110), (33, 235), (167, 46), (74, 177)], (16, 178, 23, 110))
([(125, 59), (79, 36), (74, 87), (120, 158), (169, 233)], (86, 138, 97, 90))
([(139, 190), (2, 61), (21, 20), (32, 65), (53, 151), (64, 196)], (150, 49, 251, 112))
([(30, 161), (120, 95), (50, 127), (176, 194), (121, 150), (85, 121), (63, 103), (113, 213)], (1, 41, 144, 40))
([(105, 158), (148, 156), (129, 152), (146, 93), (134, 89), (5, 45)], (47, 231, 99, 181))
([(66, 116), (105, 147), (129, 57)], (83, 73, 71, 139))
([(63, 69), (7, 16), (39, 200)], (244, 43, 15, 197))
([(123, 5), (96, 10), (71, 15)], (78, 51, 132, 202))
([(81, 170), (11, 18), (24, 205)], (190, 93, 13, 144))
([(145, 26), (139, 57), (118, 167), (7, 133)], (185, 112, 95, 162))
([(86, 168), (104, 151), (72, 88)], (68, 141, 125, 182))
([(176, 35), (161, 93), (137, 184), (125, 230)], (239, 89, 113, 227))
([(154, 240), (148, 199), (14, 9)], (135, 221, 178, 19))
([(68, 7), (75, 52), (139, 235), (124, 104)], (62, 207, 252, 180))
([(1, 107), (74, 176), (166, 46), (176, 143)], (72, 19, 25, 244))
([(58, 91), (37, 8), (53, 67)], (137, 48, 41, 173))
([(45, 2), (45, 2), (40, 158), (84, 100), (147, 18)], (123, 177, 61, 185))
([(134, 171), (104, 222), (105, 220), (59, 168)], (54, 119, 6, 178))
([(147, 209), (30, 192), (161, 237)], (137, 141, 48, 178))
([(27, 2), (148, 4), (95, 113), (65, 217)], (74, 59, 142, 160))
([(97, 144), (123, 66), (177, 187)], (18, 222, 5, 148))
([(20, 183), (32, 27), (172, 45)], (2, 163, 13, 52))
([(158, 12), (55, 172), (21, 85), (75, 10)], (185, 139, 49, 239))
([(162, 209), (148, 194), (57, 97), (34, 72), (106, 96), (137, 106)], (47, 63, 213, 231))
([(169, 169), (122, 131), (159, 15)], (240, 12, 231, 138))
([(168, 120), (161, 114), (50, 19), (68, 38), (155, 127), (156, 128)], (231, 244, 190, 227))
([(112, 68), (98, 63), (142, 103)], (67, 247, 77, 84))
([(68, 23), (113, 84), (128, 143)], (105, 137, 169, 248))
([(141, 82), (42, 178), (16, 228), (14, 232)], (4, 91, 0, 150))
([(149, 146), (162, 100), (179, 40), (102, 160)], (118, 109, 80, 249))
([(84, 91), (101, 70), (128, 36), (43, 53), (40, 54)], (189, 189, 137, 98))
([(140, 220), (24, 216), (92, 93)], (191, 27, 89, 88))
([(7, 227), (5, 152), (115, 233), (115, 217), (151, 33)], (41, 35, 58, 92))
([(127, 87), (71, 195), (60, 216), (151, 223)], (163, 227, 81, 186))
([(172, 234), (2, 49), (3, 54), (15, 109), (162, 26)], (144, 199, 15, 153))
([(84, 204), (69, 39), (1, 125), (66, 107)], (91, 170, 49, 106))
([(162, 1), (72, 212), (97, 14)], (112, 145, 189, 146))
([(128, 105), (64, 46), (95, 236), (94, 221), (87, 118), (33, 157)], (37, 37, 95, 203))
([(155, 83), (124, 109), (41, 169)], (170, 100, 53, 225))
([(153, 91), (3, 237), (66, 146), (126, 97), (129, 138), (26, 39)], (160, 138, 38, 219))
([(136, 92), (85, 135), (59, 36)], (233, 83, 45, 17))
([(5, 163), (7, 159), (52, 74), (166, 220)], (127, 192, 224, 238))
([(175, 159), (33, 89), (143, 211)], (18, 149, 127, 148))
([(163, 165), (157, 225), (18, 234), (70, 15), (108, 164)], (2, 205, 119, 118))
([(56, 172), (39, 198), (48, 201), (0, 232)], (108, 224, 115, 222))
([(79, 225), (23, 233), (86, 130)], (71, 81, 209, 179))
([(137, 167), (86, 129), (120, 41)], (228, 238, 185, 112))
([(128, 9), (162, 207), (83, 31)], (170, 98, 50, 214))
([(2, 106), (27, 170), (24, 139)], (165, 18, 66, 233))
([(31, 16), (159, 225), (155, 122), (153, 70), (35, 235), (74, 43)], (159, 244, 101, 232))
([(139, 119), (0, 16), (33, 135)], (177, 96, 0, 227))
([(29, 228), (81, 240), (98, 220)], (94, 120, 7, 241))
([(87, 192), (87, 192), (15, 15), (154, 213), (99, 87), (68, 35)], (202, 193, 117, 239))
([(23, 67), (169, 61), (16, 51)], (57, 51, 157, 46))
([(52, 17), (44, 177), (26, 118)], (116, 100, 38, 11))
([(159, 182), (120, 62), (173, 42), (4, 0)], (127, 80, 204, 187))
([(15, 3), (163, 156), (176, 169), (105, 16)], (220, 242, 136, 135))
([(80, 92), (80, 92), (81, 151)], (172, 82, 118, 211))
([(38, 131), (7, 14), (60, 176), (81, 240)], (204, 152, 33, 71))
([(1, 81), (124, 235), (141, 168), (142, 164), (124, 175)], (62, 66, 145, 90))
([(124, 167), (113, 168), (116, 178), (119, 188), (2, 128)], (174, 74, 248, 182))
([(113, 103), (32, 78), (138, 132)], (114, 213, 180, 66))
([(175, 91), (34, 55), (57, 80), (166, 161), (137, 13)], (98, 87, 6, 41))
([(133, 198), (164, 8), (154, 2)], (88, 73, 19, 132))
([(36, 2), (41, 30), (172, 20)], (198, 38, 239, 119))
([(106, 207), (92, 141), (92, 141), (92, 141), (89, 127)], (194, 75, 60, 57))
([(87, 132), (21, 209), (138, 234), (79, 218), (130, 169), (158, 127)], (31, 61, 232, 254))
([(94, 165), (41, 117), (54, 141), (79, 186)], (128, 233, 88, 30))
([(108, 207), (119, 65), (121, 39), (90, 35), (171, 61)], (161, 124, 73, 124))
([(58, 225), (64, 60), (159, 98)], (67, 96, 241, 80))
([(45, 93), (6, 165), (58, 200), (104, 231)], (136, 49, 122, 79))
([(15, 204), (3, 18), (39, 238), (8, 129)], (151, 136, 23, 178))
([(80, 12), (82, 169), (141, 127)], (223, 66, 21, 0))
([(73, 237), (99, 122), (82, 99), (11, 3)], (83, 127, 232, 131))
([(161, 147), (116, 152), (28, 162), (19, 210)], (2, 246, 246, 16))
([(132, 88), (101, 220), (52, 181)], (18, 54, 36, 118))
([(17, 223), (156, 236), (179, 128), (68, 179)], (203, 239, 139, 61))
([(48, 16), (116, 98), (122, 105), (18, 222)], (53, 206, 213, 255))
([(31, 35), (45, 240), (114, 119)], (164, 161, 98, 126))
([(96, 201), (77, 98), (90, 88)], (126, 58, 95, 193))
([(161, 142), (20, 138), (176, 50), (43, 105), (2, 122)], (90, 51, 219, 65))
([(143, 138), (59, 38), (10, 190)], (219, 100, 50, 202))
([(146, 232), (3, 204), (91, 45), (152, 78)], (184, 251, 216, 195))
([(172, 20), (145, 46), (4, 185), (142, 99)], (192, 151, 44, 249))
([(46, 46), (43, 14), (157, 76)], (81, 78, 146, 58))
([(72, 33), (52, 157), (65, 137), (100, 61)], (16, 38, 234, 219))
([(131, 77), (106, 136), (37, 55)], (139, 191, 129, 179))
([(3, 202), (36, 205), (71, 88)], (215, 81, 210, 107))
([(107, 81), (33, 70), (60, 103)], (89, 56, 190, 85))
([(25, 42), (139, 209), (148, 222)], (60, 241, 227, 184))
([(2, 81), (170, 2), (111, 160)], (134, 67, 141, 102))
([(54, 52), (100, 11), (172, 113)], (244, 160, 128, 66))
([(163, 71), (180, 59), (83, 89)], (181, 99, 153, 231))
([(166, 155), (112, 121), (101, 172)], (240, 194, 204, 252))
([(179, 210), (36, 125), (46, 138), (104, 74)], (158, 99, 190, 204))
([(67, 99), (11, 133), (0, 140), (33, 201)], (113, 228, 193, 212))
([(58, 110), (33, 115), (122, 99)], (0, 27, 31, 7))
([(16, 81), (166, 141), (132, 240), (114, 122), (97, 143), (83, 160)], (212, 24, 121, 227))
([(161, 239), (80, 121), (67, 102), (64, 98), (79, 104)], (44, 221, 92, 9))
([(55, 45), (53, 58), (115, 31)], (74, 62, 78, 175))
([(53, 163), (142, 155), (161, 182), (95, 142), (82, 94)], (221, 218, 179, 13))
([(117, 186), (116, 108), (116, 108)], (49, 114, 7, 74))
([(12, 48), (83, 206), (97, 167)], (163, 89, 142, 113))
([(162, 151), (50, 19), (163, 155), (177, 206), (19, 67), (171, 158)], (25, 232, 249, 239))
([(137, 117), (53, 62), (38, 160), (40, 226), (148, 50)], (220, 57, 242, 14))
([(92, 58), (174, 164), (135, 227), (87, 31)], (219, 254, 29, 115))
([(1, 228), (15, 189), (133, 141)], (41, 116, 46, 176))
([(27, 212), (126, 213), (104, 166), (104, 166), (95, 147)], (166, 201, 109, 24))
([(147, 6), (20, 61), (14, 64), (43, 87), (101, 132)], (174, 61, 184, 134))
([(32, 156), (69, 155), (84, 128)], (215, 133, 210, 219))
([(39, 135), (49, 122), (119, 67), (176, 94), (26, 12), (104, 90)], (67, 120, 108, 15))
([(126, 90), (66, 181), (41, 11)], (29, 95, 69, 182))
([(141, 110), (111, 111), (147, 131), (26, 129)], (89, 15, 215, 101))
([(23, 59), (30, 58), (96, 53)], (171, 162, 127, 46))
([(139, 36), (77, 122), (75, 15)], (220, 173, 4, 84))
([(104, 215), (34, 207), (0, 203), (20, 109), (66, 61)], (18, 204, 135, 81))
([(80, 65), (152, 178), (2, 131)], (77, 76, 173, 230))
([(114, 126), (105, 122), (81, 112), (160, 9), (21, 22)], (243, 130, 14, 230))
([(142, 13), (1, 195), (173, 48), (179, 200)], (154, 59, 106, 39))
([(53, 37), (118, 65), (70, 143)], (48, 236, 172, 208))
([(0, 175), (2, 144), (7, 67), (50, 116)], (121, 215, 148, 245))
([(94, 232), (141, 35), (26, 226), (6, 5), (156, 131)], (167, 44, 93, 241))
([(25, 169), (67, 148), (104, 82), (111, 70), (124, 47)], (28, 42, 52, 186))
([(4, 175), (51, 2), (37, 235)], (56, 117, 64, 168))
([(2, 136), (61, 151), (102, 161), (108, 163), (29, 12)], (208, 251, 244, 251))
([(102, 175), (72, 54), (80, 150), (83, 56)], (24, 208, 171, 36))
([(34, 225), (50, 228), (111, 239), (117, 240), (109, 153)], (158, 21, 186, 255))
([(63, 198), (33, 194), (29, 193), (152, 195), (160, 194)], (27, 161, 107, 219))
([(156, 164), (24, 209), (130, 149), (146, 140)], (33, 185, 202, 220))
([(88, 145), (143, 191), (144, 161), (146, 100), (152, 107)], (209, 170, 195, 218))
([(101, 239), (101, 239), (100, 131), (94, 141), (41, 229)], (44, 135, 213, 148))
([(5, 237), (152, 54), (117, 48), (32, 35)], (2, 155, 26, 79))
([(94, 77), (168, 144), (109, 178)], (110, 107, 118, 199))
([(133, 101), (154, 62), (83, 237)], (252, 58, 204, 185))
([(101, 186), (31, 216), (27, 90), (27, 90), (16, 184), (81, 43)], (89, 212, 196, 218))
([(34, 224), (150, 104), (151, 103), (152, 214)], (245, 204, 132, 134))
([(17, 2), (97, 38), (48, 108), (10, 85)], (179, 203, 233, 223))
([(113, 158), (179, 0), (94, 26)], (223, 107, 55, 211))
([(161, 105), (136, 236), (131, 229), (130, 156), (37, 57)], (138, 94, 103, 155))
([(41, 152), (41, 89), (27, 92)], (14, 109, 222, 35))
([(0, 133), (151, 3), (73, 61), (5, 42)], (94, 194, 67, 218))
([(127, 196), (146, 108), (99, 198)], (55, 67, 109, 121))
([(39, 169), (133, 145), (7, 90)], (93, 135, 88, 72))
([(132, 127), (22, 73), (2, 79)], (146, 100, 90, 23))
([(1, 73), (50, 112), (95, 147), (123, 9), (100, 62), (167, 70), (179, 169), (143, 30)], (119, 0, 0, 51))
([(105, 237), (91, 218), (1, 107)], (2, 178, 173, 141))
([(168, 217), (75, 236), (30, 233), (7, 231)], (85, 238, 97, 197))
([(49, 224), (7, 76), (167, 1)], (212, 82, 135, 229))
([(42, 224), (74, 230), (180, 228), (155, 62)], (149, 80, 205, 58))
([(19, 34), (18, 55), (15, 116), (112, 165)], (253, 191, 84, 114))
([(26, 125), (12, 6), (4, 132)], (221, 219, 194, 116))
([(113, 117), (140, 78), (12, 135), (97, 192)], (29, 242, 251, 180))
([(6, 192), (73, 57), (66, 64), (52, 77), (115, 102), (156, 119)], (20, 153, 244, 76))
([(93, 215), (73, 131), (32, 193)], (175, 255, 207, 112))
([(25, 189), (83, 197), (35, 81)], (142, 46, 42, 73))
([(89, 225), (105, 215), (58, 166)], (127, 122, 238, 235))
([(43, 105), (120, 63), (142, 193)], (150, 247, 25, 26))
([(128, 69), (64, 70), (30, 18), (28, 15)], (99, 159, 113, 222))
([(83, 111), (129, 179), (148, 125), (161, 88), (178, 40)], (90, 7, 0, 175))
([(153, 136), (85, 91), (29, 50), (59, 164)], (137, 212, 159, 253))
([(84, 62), (73, 60), (66, 58)], (56, 128, 195, 104))
([(92, 161), (150, 202), (113, 62)], (46, 116, 6, 38))
([(9, 94), (16, 214), (136, 168), (139, 67)], (73, 246, 228, 155))
([(86, 60), (62, 62), (80, 169), (171, 212)], (150, 133, 156, 255))
([(166, 219), (87, 190), (36, 17), (52, 23), (55, 24), (131, 54)], (211, 91, 176, 178))
([(126, 46), (128, 45), (35, 117)], (231, 229, 61, 8))
([(129, 197), (42, 177), (3, 168), (39, 216), (48, 228), (54, 148), (56, 121)], (248, 118, 135, 140))
([(139, 109), (17, 237), (174, 202)], (148, 196, 174, 205))
([(12, 201), (28, 160), (49, 113), (56, 216)], (25, 0, 247, 241))
([(127, 127), (47, 234), (20, 85), (3, 201)], (150, 167, 238, 236))
([(6, 63), (60, 10), (64, 134)], (202, 238, 187, 127))
([(169, 204), (66, 60), (43, 28), (81, 103)], (180, 239, 28, 143))
([(99, 51), (20, 163), (0, 208), (155, 213)], (126, 238, 136, 116))
([(35, 114), (37, 115), (44, 120), (50, 73), (56, 26)], (152, 193, 62, 97))
([(146, 235), (56, 234), (40, 0), (1, 117)], (244, 214, 75, 150))
([(8, 120), (126, 149), (57, 34), (36, 41), (148, 121)], (162, 122, 133, 109))
([(156, 108), (110, 233), (11, 224), (118, 82)], (221, 211, 167, 54))
([(147, 226), (13, 4), (10, 38)], (180, 249, 216, 126))
([(177, 26), (173, 32), (173, 32), (149, 138)], (179, 216, 19, 255))
([(38, 57), (75, 102), (57, 110)], (79, 62, 44, 183))
([(39, 150), (39, 150), (39, 150)], (159, 143, 197, 240))
([(15, 67), (132, 15), (38, 228), (102, 133)], (165, 190, 183, 7))
([(58, 142), (21, 118), (14, 150), (3, 201)], (169, 179, 3, 20))
([(12, 114), (159, 105), (103, 222)], (12, 250, 209, 179))
([(70, 109), (64, 141), (97, 46)], (230, 100, 157, 237))
([(94, 53), (91, 88), (121, 109)], (182, 61, 202, 84))
([(103, 82), (180, 25), (175, 32), (38, 234), (28, 5)], (171, 80, 16, 244))
([(138, 54), (84, 84), (47, 105), (45, 164)], (162, 230, 245, 54))
([(148, 5), (65, 33), (6, 41)], (163, 236, 112, 128))
([(119, 144), (111, 128), (101, 138)], (67, 57, 197, 86))
([(146, 66), (5, 64), (15, 230)], (206, 200, 129, 109))
([(49, 177), (82, 149), (72, 77)], (164, 136, 245, 228))
([(162, 56), (127, 182), (92, 179)], (136, 91, 136, 137))
([(111, 8), (24, 88), (139, 14)], (226, 249, 195, 197))
([(142, 187), (160, 170), (162, 168), (163, 167), (148, 7), (49, 63)], (232, 53, 26, 212))
([(131, 197), (152, 119), (112, 205), (58, 198), (51, 89), (19, 98)], (239, 211, 142, 184))
([(145, 216), (125, 116), (122, 101), (2, 207)], (49, 194, 226, 240))
([(156, 208), (49, 70), (37, 115)], (225, 212, 115, 226))
([(177, 209), (166, 81), (55, 20)], (239, 73, 192, 186))
([(45, 231), (25, 92), (153, 11)], (249, 78, 133, 196))
([(166, 237), (143, 75), (109, 161), (89, 211)], (219, 157, 67, 60))
([(107, 124), (100, 128), (92, 133), (81, 139), (60, 72), (67, 115), (79, 189)], (210, 169, 116, 214))
([(16, 7), (66, 136), (89, 124), (179, 78)], (178, 27, 243, 75))
([(37, 20), (31, 236), (180, 125), (82, 133), (11, 234), (0, 126)], (142, 223, 207, 32))
([(144, 143), (128, 134), (89, 111), (6, 62), (77, 122), (25, 206)], (118, 158, 181, 153))
([(131, 191), (93, 130), (82, 112), (57, 149), (48, 162)], (254, 0, 56, 189))
([(64, 212), (163, 200), (79, 150), (9, 194)], (198, 170, 194, 67))
([(141, 62), (136, 72), (137, 79), (159, 235), (33, 120)], (192, 145, 224, 139))
([(91, 0), (113, 160), (135, 232), (75, 178)], (244, 175, 143, 137))
([(95, 159), (77, 230), (70, 200)], (215, 70, 195, 65))
([(9, 116), (9, 197), (9, 197), (159, 226), (122, 96)], (115, 138, 244, 72))
([(126, 21), (177, 83), (110, 94)], (228, 50, 90, 66))
([(4, 153), (5, 151), (91, 5), (83, 107), (2, 185)], (185, 210, 125, 55))
([(105, 75), (18, 29), (107, 221)], (210, 106, 3, 0))
([(173, 193), (173, 193), (35, 240), (14, 50), (107, 98)], (235, 204, 246, 181))
([(54, 93), (83, 213), (41, 52)], (125, 3, 91, 2))
([(156, 209), (11, 234), (90, 17)], (228, 251, 114, 127))
([(102, 138), (65, 99), (17, 185)], (78, 155, 32, 194))
([(47, 10), (118, 159), (63, 131)], (227, 27, 28, 251))
([(177, 23), (24, 46), (9, 47), (0, 47), (146, 187)], (228, 58, 182, 235))
([(113, 146), (62, 73), (12, 1), (142, 182)], (142, 97, 27, 111))
([(29, 173), (104, 53), (92, 231), (79, 49)], (109, 61, 73, 30))
([(157, 32), (70, 156), (29, 28)], (206, 67, 24, 82))
([(169, 47), (148, 108), (115, 204), (128, 89), (133, 179)], (161, 120, 11, 171))
([(34, 163), (35, 160), (56, 88), (132, 52)], (174, 6, 173, 103))
([(99, 6), (83, 31), (93, 226), (145, 51)], (233, 16, 254, 18))
([(171, 26), (139, 31), (53, 46), (93, 39), (175, 173), (115, 186), (60, 198)], (105, 33, 33, 111))
([(157, 20), (91, 6), (28, 210), (21, 5), (86, 10), (108, 12), (108, 116)], (240, 251, 174, 152))
([(46, 65), (37, 113), (45, 116), (73, 127), (144, 154)], (136, 108, 61, 101))
([(58, 49), (66, 189), (91, 162), (123, 200), (148, 230), (88, 234)], (224, 215, 236, 134))
([(63, 21), (71, 135), (74, 178), (97, 156), (128, 98), (123, 94), (96, 74)], (226, 225, 89, 80))
([(32, 16), (66, 164), (76, 207), (76, 207)], (199, 204, 106, 150))
([(170, 151), (42, 23), (178, 59)], (236, 235, 67, 121))
([(89, 39), (97, 224), (105, 164), (180, 151)], (158, 76, 67, 229))
([(86, 33), (53, 162), (37, 182)], (36, 16, 100, 254))
([(27, 156), (157, 67), (78, 42)], (255, 110, 118, 207))
([(92, 205), (84, 58), (12, 61)], (200, 51, 122, 131))
([(174, 199), (148, 63), (119, 69), (67, 79)], (220, 128, 10, 231))
([(14, 214), (17, 210), (52, 161), (122, 127)], (189, 64, 109, 232))
([(165, 192), (49, 46), (49, 24)], (1, 148, 152, 1))
([(162, 3), (143, 30), (83, 115), (37, 7)], (144, 16, 18, 179))
([(174, 109), (30, 210), (99, 131)], (98, 86, 17, 22))
([(114, 193), (71, 192), (81, 218), (81, 218)], (74, 218, 206, 87))
([(42, 106), (57, 187), (68, 164), (119, 59), (158, 90)], (231, 22, 51, 244))
([(82, 88), (92, 54), (128, 130)], (154, 100, 36, 219))
([(104, 196), (106, 191), (4, 52), (6, 66), (23, 187)], (114, 213, 133, 77))
