([(25, 169), (67, 148), (124, 47)], (28, 42, 52, 186))
([(17, 2), (97, 38), (95, 47), (64, 187)], (179, 203, 61, 223))
([(31, 100), (7, 124), (93, 120)], (9, 143, 109, 200))
([(62, 111), (80, 154), (65, 93), (65, 93)], (94, 241, 199, 99))
([(58, 77), (26, 17), (29, 110), (33, 235), (167, 46), (156, 61), (74, 177)], (16, 178, 23, 110))
([(139, 190), (21, 20), (64, 196)], (98, 49, 251, 112))
([(15, 3), (176, 169), (105, 16)], (89, 242, 136, 135))
([(70, 76), (70, 76), (63, 69), (7, 16), (75, 184)], (225, 43, 15, 197))
([(23, 130), (103, 172), (14, 9)], (135, 159, 178, 19))
([(68, 7), (75, 52), (139, 235), (124, 104)], (62, 207, 252, 34))
([(122, 117), (79, 36), (41, 105), (74, 87), (169, 233)], (86, 138, 97, 84))
([(1, 107), (74, 176), (166, 46), (176, 143), (99, 40)], (72, 19, 25, 244))
([(34, 197), (48, 201), (0, 232)], (108, 21, 115, 222))
([(115, 142), (85, 171), (150, 42), (174, 211)], (12, 250, 209, 169))
([(146, 235), (33, 165), (176, 43), (40, 0), (1, 117)], (244, 214, 75, 32))
([(128, 105), (91, 71), (64, 46), (95, 236), (87, 118), (33, 157), (118, 7)], (37, 37, 95, 203))
([(27, 2), (107, 119), (115, 20)], (74, 59, 142, 160))
([(20, 183), (32, 27), (179, 126)], (2, 208, 13, 52))
([(158, 12), (55, 172), (64, 162), (75, 10)], (185, 139, 49, 239))
([(48, 16), (116, 98), (122, 105), (18, 222)], (53, 210, 213, 255))
([(162, 209), (34, 72), (137, 106)], (47, 63, 213, 231))
([(66, 107), (28, 77), (159, 15)], (152, 12, 231, 117))
([(155, 83), (132, 77), (124, 109), (124, 109), (41, 169)], (170, 100, 209, 225))
([(168, 120), (72, 156), (141, 59), (156, 128)], (231, 244, 190, 30))
([(140, 78), (89, 128), (157, 24)], (67, 216, 77, 213))
([(175, 159), (33, 89), (57, 17)], (18, 149, 127, 235))
([(102, 175), (156, 77), (80, 150), (84, 25)], (150, 208, 124, 36))
([(98, 234), (112, 205), (173, 77), (59, 168)], (54, 119, 6, 178))
([(109, 143), (179, 40), (102, 160), (140, 33)], (118, 109, 80, 17))
([(140, 220), (24, 216), (92, 93), (19, 153)], (191, 27, 89, 88))
([(126, 90), (66, 181), (41, 11), (148, 125)], (29, 95, 69, 182))
([(66, 116), (112, 155), (129, 57)], (83, 207, 113, 139))
([(7, 227), (5, 152), (115, 233), (59, 161), (151, 33)], (41, 35, 58, 92))
([(80, 65), (103, 122), (2, 131)], (77, 76, 173, 232))
([(96, 153), (32, 156), (69, 155), (116, 70)], (215, 231, 120, 219))
([(37, 190), (28, 162), (132, 199)], (2, 23, 246, 16))
([(147, 209), (50, 195), (30, 192), (161, 237)], (137, 141, 48, 178))
([(21, 91), (161, 93), (125, 230)], (118, 89, 104, 47))
([(116, 69), (2, 49), (30, 178)], (144, 199, 15, 153))
([(174, 71), (3, 237), (126, 97), (127, 29), (26, 39)], (160, 112, 38, 219))
([(136, 92), (94, 140), (59, 36)], (233, 83, 45, 17))
([(106, 207), (92, 141), (89, 127), (17, 51)], (194, 119, 60, 57))
([(105, 158), (129, 152), (5, 45)], (47, 231, 99, 181))
([(79, 225), (23, 233), (86, 130)], (71, 81, 65, 179))
([(141, 82), (129, 10), (72, 120), (14, 232)], (4, 91, 0, 112))
([(29, 53), (85, 232), (73, 127), (113, 62)], (193, 221, 6, 139))
([(31, 16), (159, 225), (151, 18), (35, 235), (74, 43)], (68, 244, 101, 232))
([(29, 228), (56, 209), (81, 240), (98, 220)], (94, 120, 7, 241))
([(109, 150), (177, 26), (173, 32), (149, 138), (148, 55)], (179, 216, 19, 187))
([(159, 182), (120, 62), (173, 42), (4, 0)], (127, 80, 204, 126))
([(36, 2), (41, 30), (172, 20)], (198, 38, 51, 119))
([(119, 144), (108, 64), (128, 143)], (53, 245, 169, 248))
([(87, 132), (21, 209), (23, 209), (79, 218), (130, 169), (158, 127)], (31, 61, 232, 254))
([(163, 165), (18, 234), (70, 15), (108, 164)], (2, 205, 119, 118))
([(94, 165), (41, 117), (18, 133), (10, 92), (57, 225)], (128, 233, 88, 187))
([(96, 201), (77, 98), (67, 44), (63, 22), (90, 88)], (126, 58, 95, 102))
([(108, 207), (100, 100), (170, 181), (171, 61)], (161, 124, 187, 124))
([(56, 96), (56, 96), (133, 44), (35, 117)], (189, 64, 61, 8))
([(58, 225), (64, 60), (159, 98)], (67, 240, 242, 179))
([(145, 216), (122, 101), (69, 179), (59, 182)], (49, 194, 209, 153))
([(123, 36), (81, 170), (81, 170), (24, 205)], (127, 93, 13, 148))
([(175, 117), (173, 23), (22, 195), (24, 192), (148, 20), (47, 64)], (61, 42, 181, 138))
([(15, 204), (54, 179), (39, 238), (8, 129)], (151, 136, 23, 218))
([(175, 91), (55, 218), (34, 55), (57, 80), (137, 13)], (98, 87, 6, 113))
([(132, 88), (101, 220), (68, 162), (52, 181)], (18, 54, 133, 67))
([(143, 138), (91, 76), (59, 38), (57, 44), (10, 190)], (248, 100, 50, 202))
([(104, 27), (65, 33), (6, 41), (81, 87)], (163, 236, 112, 31))
([(56, 54), (162, 3), (143, 30), (83, 115), (37, 7)], (144, 16, 18, 31))
([(73, 216), (37, 8), (53, 67)], (137, 99, 41, 173))
([(146, 232), (3, 204), (91, 45), (152, 78)], (184, 251, 216, 195))
([(162, 1), (125, 168), (63, 232), (118, 15)], (111, 145, 189, 146))
([(172, 20), (77, 113), (4, 185), (142, 99)], (192, 151, 197, 14))
([(63, 198), (30, 193), (29, 193), (27, 193), (160, 194)], (27, 234, 107, 114))
([(131, 77), (68, 225), (37, 55), (23, 193), (63, 120)], (139, 228, 125, 118))
([(3, 202), (63, 179), (36, 205), (71, 88), (83, 204)], (215, 81, 210, 84))
([(103, 48), (32, 78), (138, 132), (136, 13)], (91, 213, 28, 168))
([(101, 239), (100, 131), (100, 131), (94, 141), (41, 229)], (44, 22, 213, 148))
([(23, 67), (169, 61), (16, 51)], (57, 51, 157, 46))
([(48, 59), (123, 5), (96, 10), (71, 15)], (78, 51, 132, 202))
([(2, 106), (153, 203), (24, 139)], (165, 18, 66, 192))
([(39, 169), (133, 145), (63, 119)], (88, 135, 88, 135))
([(1, 81), (29, 66), (39, 61), (142, 164), (156, 178)], (62, 66, 145, 90))
([(155, 93), (100, 11), (119, 38), (172, 113)], (85, 160, 128, 66))
([(163, 71), (160, 24), (101, 74), (83, 89)], (181, 214, 153, 231))
([(139, 119), (0, 16), (33, 135), (28, 145), (9, 208)], (177, 96, 0, 227))
([(151, 65), (112, 121), (101, 172)], (240, 194, 1, 252))
([(103, 234), (36, 125), (46, 138), (104, 74)], (100, 99, 190, 218))
([(147, 226), (147, 6), (10, 38)], (112, 249, 216, 126))
([(145, 26), (118, 167), (7, 133)], (162, 112, 95, 225))
([(142, 181), (120, 58), (47, 163)], (88, 73, 19, 97))
([(166, 219), (87, 190), (36, 17), (55, 24), (131, 54), (91, 102)], (60, 91, 176, 178))
([(12, 48), (78, 220), (97, 167)], (163, 89, 142, 34))
([(107, 73), (95, 147), (123, 9), (46, 187), (119, 135), (143, 30)], (66, 0, 0, 51))
([(75, 173), (129, 197), (3, 168), (48, 228), (56, 121)], (37, 22, 135, 140))
([(2, 136), (108, 163), (16, 89)], (208, 251, 244, 87))
([(147, 6), (20, 61), (14, 64), (43, 87), (101, 132)], (174, 61, 184, 134))
([(172, 143), (53, 62), (36, 173), (86, 173), (148, 50)], (146, 178, 141, 14))
([(98, 137), (53, 163), (142, 155), (161, 182), (89, 102), (82, 94)], (221, 218, 179, 13))
([(73, 146), (94, 50), (2, 79)], (146, 100, 90, 207))
([(145, 99), (23, 59), (96, 53)], (191, 162, 127, 116))
([(139, 36), (79, 229), (75, 15)], (178, 173, 4, 82))
([(1, 228), (15, 189), (123, 138), (133, 141), (178, 16)], (226, 116, 46, 176))
([(97, 214), (107, 81), (125, 41), (60, 103)], (89, 56, 107, 85))
([(32, 16), (66, 164), (76, 207), (76, 207), (5, 88)], (199, 204, 106, 150))
([(123, 65), (0, 140), (33, 201)], (113, 228, 193, 212))
([(142, 13), (1, 195), (173, 48), (179, 200)], (154, 59, 106, 39))
([(114, 126), (105, 122), (81, 112), (149, 228), (21, 22)], (243, 130, 14, 230))
([(94, 232), (141, 35), (26, 226), (156, 131)], (167, 44, 93, 241))
([(113, 158), (179, 0), (94, 26)], (223, 107, 55, 211))
([(17, 223), (156, 236), (143, 95), (68, 179)], (41, 207, 12, 61))
([(130, 56), (118, 65), (70, 143)], (48, 236, 172, 79))
([(4, 175), (19, 120), (51, 2), (37, 235)], (56, 117, 64, 176))
([(5, 163), (52, 74), (166, 220)], (127, 192, 46, 18))
([(89, 158), (117, 240), (109, 153)], (158, 21, 186, 255))
([(161, 239), (64, 98), (79, 104)], (44, 221, 92, 9))
([(31, 35), (176, 119), (45, 240), (114, 119)], (97, 161, 98, 6))
([(92, 58), (174, 164), (132, 198)], (219, 254, 29, 11))
([(76, 112), (46, 28), (53, 47), (87, 212)], (52, 157, 167, 224))
([(4, 112), (110, 58), (114, 63), (146, 100), (152, 107)], (209, 170, 195, 218))
([(5, 237), (152, 54), (32, 35)], (2, 155, 26, 4))
([(132, 12), (175, 182), (85, 145), (17, 32)], (223, 66, 21, 0))
([(133, 101), (131, 132), (154, 62), (174, 2)], (252, 58, 116, 185))
([(2, 81), (170, 2), (111, 160)], (134, 67, 141, 102))
([(78, 199), (30, 161), (154, 80), (120, 95), (50, 127), (176, 194), (63, 103), (113, 213)], (1, 41, 75, 1))
([(34, 224), (151, 103), (152, 214)], (245, 10, 132, 134))
([(161, 105), (136, 236), (131, 229), (91, 174), (37, 57)], (138, 94, 103, 155))
([(45, 93), (20, 47), (140, 79), (104, 231)], (44, 229, 122, 153))
([(147, 82), (47, 234), (20, 85), (3, 201)], (82, 167, 238, 236))
([(41, 152), (41, 89), (89, 173)], (14, 109, 222, 35))
([(0, 133), (85, 64), (5, 42)], (94, 194, 67, 218))
([(117, 186), (116, 108), (116, 108)], (49, 114, 178, 74))
([(17, 12), (39, 150), (96, 132)], (159, 143, 197, 240))
([(16, 81), (166, 141), (177, 155), (66, 61), (83, 160)], (212, 24, 103, 155))
([(57, 23), (71, 192), (77, 210)], (2, 178, 173, 141))
([(166, 237), (30, 45), (89, 211)], (219, 157, 67, 60))
([(168, 217), (75, 236), (7, 231)], (85, 238, 97, 197))
([(104, 215), (0, 203), (20, 109), (66, 61)], (18, 204, 135, 81))
([(0, 175), (46, 224), (50, 116)], (121, 155, 52, 170))
([(42, 224), (74, 230), (99, 189), (131, 116), (155, 62)], (149, 80, 205, 58))
([(29, 132), (19, 34), (18, 55), (15, 116), (112, 203)], (253, 191, 84, 21))
([(26, 125), (12, 6), (65, 35)], (221, 219, 194, 116))
([(113, 117), (140, 78), (12, 135), (97, 192)], (29, 171, 251, 180))
([(132, 119), (11, 234), (90, 17)], (228, 251, 114, 127))
([(97, 144), (123, 66), (98, 131)], (18, 133, 182, 156))
([(67, 32), (73, 57), (110, 210)], (20, 153, 244, 49))
([(152, 123), (89, 194), (32, 193)], (175, 11, 207, 112))
([(127, 196), (146, 108), (81, 127)], (23, 4, 109, 103))
([(89, 225), (105, 215), (103, 73)], (127, 122, 238, 235))
([(43, 105), (128, 190), (146, 194)], (150, 247, 25, 246))
([(128, 69), (64, 70), (28, 15)], (99, 157, 113, 38))
([(91, 0), (113, 160), (79, 176), (75, 178)], (244, 175, 143, 137))
([(134, 32), (55, 45), (53, 58), (115, 31)], (253, 62, 78, 64))
([(49, 224), (7, 76), (167, 1)], (212, 82, 13, 229))
([(94, 111), (102, 138), (169, 94), (163, 79), (17, 185), (65, 46)], (78, 155, 32, 194))
([(83, 111), (129, 179), (178, 40)], (87, 7, 163, 175))
([(153, 136), (85, 91), (59, 164)], (192, 77, 159, 214))
([(117, 84), (84, 62), (66, 58)], (56, 227, 195, 104))
([(161, 142), (56, 141), (38, 141), (34, 156), (152, 28), (2, 122)], (90, 51, 219, 65))
([(80, 92), (151, 157), (81, 151), (81, 151)], (156, 221, 46, 211))
([(86, 168), (91, 172), (129, 201)], (68, 141, 125, 182))
([(12, 201), (28, 160), (49, 113), (56, 216)], (25, 0, 247, 105))
([(6, 63), (32, 61), (64, 134)], (202, 238, 187, 127))
([(141, 110), (111, 111), (57, 115), (26, 129)], (89, 15, 215, 22))
([(84, 204), (69, 39), (1, 125), (66, 107)], (91, 170, 49, 106))
([(42, 83), (177, 206), (19, 67), (171, 158)], (25, 225, 133, 239))
([(32, 110), (38, 230), (169, 204), (43, 28), (81, 103)], (180, 239, 28, 143))
([(29, 147), (33, 115), (122, 99)], (0, 27, 31, 7))
([(17, 158), (21, 118), (3, 201)], (122, 179, 3, 20))
([(86, 33), (53, 162), (165, 45), (37, 182)], (36, 66, 100, 154))
([(8, 120), (126, 149), (131, 8), (36, 41), (148, 121)], (162, 87, 133, 109))
([(156, 108), (107, 117), (110, 233), (175, 40), (118, 82)], (221, 211, 167, 54))
([(55, 115), (141, 182), (136, 172), (130, 159)], (171, 171, 245, 128))
([(58, 49), (91, 162), (113, 238), (88, 234)], (123, 215, 236, 134))
([(38, 57), (147, 191), (102, 164)], (79, 62, 140, 76))
([(15, 67), (153, 176), (132, 15), (38, 228), (102, 133)], (165, 139, 183, 7))
([(164, 221), (131, 191), (82, 112), (115, 176)], (221, 0, 56, 200))
([(94, 53), (90, 99), (124, 122), (112, 69)], (182, 198, 224, 29))
([(112, 236), (46, 46), (43, 14), (157, 76), (155, 123)], (81, 78, 146, 58))
([(23, 175), (39, 135), (49, 122), (119, 67), (104, 33), (26, 12), (104, 90)], (52, 21, 108, 15))
([(13, 69), (24, 209), (146, 140), (158, 133)], (33, 185, 202, 220))
([(70, 109), (103, 197), (97, 46)], (230, 100, 157, 237))
([(137, 167), (32, 52), (40, 51), (145, 38), (165, 35)], (174, 238, 185, 112))
([(103, 82), (180, 25), (38, 234), (28, 5)], (171, 80, 16, 244))
([(129, 174), (31, 216), (27, 90), (16, 184), (81, 43)], (89, 212, 196, 218))
([(84, 91), (128, 36), (120, 78)], (189, 163, 137, 247))
([(144, 37), (83, 206), (32, 44)], (162, 230, 245, 251))
([(157, 20), (28, 210), (21, 5), (108, 12), (108, 116)], (240, 251, 174, 152))
([(99, 51), (20, 163), (58, 177), (155, 213)], (121, 238, 136, 116))
([(109, 172), (135, 26), (49, 46), (49, 24)], (210, 148, 152, 1))
([(119, 144), (108, 122), (101, 138)], (16, 57, 238, 162))
([(45, 2), (45, 2), (40, 158), (40, 158), (147, 18)], (123, 177, 61, 185))
([(125, 80), (24, 88), (75, 140)], (226, 249, 195, 143))
([(126, 21), (177, 83), (110, 94), (10, 161), (45, 25)], (228, 46, 90, 66))
([(142, 187), (160, 170), (163, 167), (148, 7), (49, 63), (116, 132)], (232, 53, 26, 212))
([(131, 197), (152, 119), (112, 205), (51, 89), (19, 98)], (212, 211, 142, 184))
([(177, 209), (161, 35), (55, 20), (29, 153)], (239, 73, 28, 186))
([(143, 79), (62, 21), (92, 179)], (136, 91, 136, 137))
([(156, 208), (174, 74), (49, 70), (37, 115), (23, 167)], (225, 212, 9, 226))
([(0, 110), (25, 92), (153, 11)], (249, 78, 1, 156))
([(107, 124), (92, 133), (81, 139), (60, 72), (79, 189), (56, 177)], (210, 169, 116, 214))
([(16, 7), (84, 78), (81, 149)], (178, 27, 243, 75))
([(37, 20), (31, 236), (180, 125), (82, 133), (11, 234), (0, 126), (134, 67)], (142, 223, 133, 32))
([(146, 66), (5, 64), (15, 230)], (206, 200, 129, 109))
([(144, 143), (85, 109), (77, 122), (25, 206)], (25, 158, 181, 153))
([(52, 17), (44, 177), (26, 118)], (116, 100, 38, 11))
([(108, 174), (79, 150), (9, 194)], (198, 170, 90, 82))
([(169, 9), (136, 72), (159, 235), (33, 120)], (192, 145, 169, 139))
([(9, 94), (70, 187), (136, 168), (139, 67)], (73, 246, 228, 155))
([(124, 167), (113, 168), (132, 231), (2, 128)], (174, 74, 248, 234))
([(95, 159), (176, 207), (77, 230), (70, 200)], (215, 51, 195, 65))
([(4, 153), (91, 5), (83, 107), (15, 158), (9, 162)], (185, 111, 125, 55))
([(87, 192), (15, 15), (154, 213), (99, 87), (68, 35)], (202, 193, 117, 223))
([(45, 217), (55, 172), (25, 42), (148, 222)], (60, 241, 227, 184))
([(133, 75), (105, 75), (18, 29), (107, 221)], (210, 211, 3, 0))
([(35, 77), (173, 193), (173, 193), (173, 193), (149, 205), (55, 128), (107, 98)], (235, 204, 246, 181))
([(54, 93), (83, 213), (130, 56)], (125, 3, 223, 2))
([(27, 212), (126, 213), (139, 28)], (166, 201, 109, 66))
([(159, 55), (150, 141), (63, 131)], (227, 27, 28, 251))
([(8, 72), (102, 28), (164, 221), (119, 59), (114, 41)], (231, 22, 51, 244))
([(177, 23), (24, 46), (9, 47), (0, 47), (146, 187)], (228, 58, 182, 235))
([(113, 146), (77, 94), (62, 73), (12, 1), (46, 77), (142, 182), (127, 217)], (78, 97, 27, 111))
([(49, 23), (106, 23), (104, 53), (92, 231), (79, 49)], (109, 61, 73, 30))
([(94, 77), (168, 144), (109, 178)], (110, 111, 118, 32))
([(157, 32), (70, 156), (148, 98)], (206, 140, 24, 236))
([(72, 33), (52, 157), (132, 37), (100, 61)], (16, 87, 47, 219))
([(100, 74), (169, 47), (115, 204), (128, 89), (120, 221), (133, 179)], (161, 120, 11, 171))
([(6, 212), (83, 197), (35, 81)], (142, 46, 42, 73))
([(34, 163), (35, 160), (69, 44), (132, 52)], (174, 6, 173, 103))
([(127, 87), (60, 216), (151, 223)], (163, 227, 81, 186))
([(73, 237), (99, 122), (11, 3)], (83, 127, 232, 131))
([(99, 6), (40, 100), (145, 51)], (233, 16, 254, 18))
([(86, 60), (140, 60), (80, 169), (171, 212)], (150, 133, 156, 255))
([(24, 106), (35, 114), (44, 120), (56, 26)], (152, 193, 62, 97))
([(139, 109), (17, 237), (174, 202), (106, 2), (169, 192)], (148, 114, 174, 196))
([(46, 65), (72, 33), (163, 52), (144, 154)], (136, 108, 61, 101))
([(63, 21), (74, 178), (97, 156), (177, 81), (128, 98), (96, 74)], (226, 225, 251, 143))
([(9, 116), (9, 197), (9, 197), (159, 226), (133, 19)], (115, 138, 244, 72))
([(170, 151), (15, 210), (8, 46)], (236, 235, 67, 121))
([(89, 39), (97, 224), (105, 164), (180, 151)], (158, 76, 67, 229))
([(27, 156), (157, 67), (116, 129)], (255, 110, 167, 207))
([(68, 106), (84, 58), (12, 61)], (200, 51, 122, 204))
([(8, 136), (87, 180), (83, 31)], (170, 64, 50, 214))
([(174, 199), (148, 63), (67, 79), (132, 24)], (220, 128, 10, 231))
([(38, 131), (7, 14), (81, 240)], (204, 152, 33, 71))
([(14, 214), (52, 161), (122, 127), (108, 51)], (189, 64, 109, 232))
([(171, 26), (53, 46), (93, 39), (175, 173), (60, 198)], (105, 33, 33, 111))
([(137, 74), (174, 109), (30, 210), (99, 131)], (98, 86, 17, 22))
([(114, 193), (117, 188), (132, 163), (71, 192), (81, 218)], (74, 218, 201, 87))
([(50, 110), (82, 88), (92, 54), (128, 130)], (154, 100, 36, 219))
([(34, 182), (104, 196), (153, 205), (4, 52), (23, 187)], (114, 213, 133, 77))
