([(204, 160), (157, 105), (142, 105), (35, 101)], (102, 173, 59, 152))
([(37, 138), (169, 94), (210, 80), (224, 75), (222, 82)], (82, 119, 167, 138))
([(145, 94), (31, 52), (92, 75), (171, 105)], (144, 143, 3, 99))
([(107, 24), (11, 48), (156, 128), (160, 130)], (90, 181, 145, 143))
([(208, 73), (111, 78), (24, 82)], (199, 86, 129, 249))
([(124, 161), (131, 73), (71, 151), (200, 5)], (37, 226, 39, 154))
([(155, 69), (235, 73), (38, 0), (124, 111)], (133, 76, 16, 76))
([(128, 171), (206, 66), (194, 64), (149, 56)], (246, 183, 194, 78))
([(0, 102), (71, 4), (128, 36), (150, 49)], (231, 243, 114, 83))
([(111, 109), (145, 90), (159, 65), (94, 81), (92, 81), (199, 146)], (137, 196, 47, 239))
([(213, 112), (182, 22), (205, 21), (223, 21), (220, 32), (227, 123), (94, 100), (158, 90), (146, 94), (98, 110)], (34, 99, 208, 175))
([(81, 59), (109, 43), (214, 120), (82, 5)], (247, 163, 127, 154))
([(208, 0), (8, 106), (77, 72), (139, 41)], (223, 239, 204, 98))
([(67, 146), (150, 61), (53, 119), (22, 137)], (93, 109, 3, 144))
([(238, 1), (230, 19), (222, 36), (190, 105), (172, 90), (76, 8), (173, 58), (183, 63)], (109, 153, 56, 218))
([(132, 160), (31, 93), (134, 49), (240, 4)], (172, 110, 200, 178))
([(85, 75), (85, 75), (123, 168)], (231, 0, 32, 32))
([(224, 126), (228, 149), (135, 59), (119, 43), (184, 49), (234, 54)], (2, 40, 221, 35))
([(236, 86), (9, 133), (1, 69), (156, 20)], (1, 237, 117, 168))
([(181, 89), (111, 5), (225, 100)], (178, 143, 135, 238))
([(31, 37), (40, 132), (110, 112), (107, 153), (169, 157)], (43, 76, 236, 122))
([(178, 80), (48, 15), (40, 37), (40, 37), (216, 132), (5, 112), (58, 119)], (17, 201, 82, 215))
([(158, 173), (176, 89), (182, 61), (122, 125)], (231, 77, 92, 140))
([(133, 56), (20, 97), (138, 16)], (205, 200, 91, 44))
([(57, 132), (66, 118), (32, 87)], (79, 122, 149, 148))
([(114, 138), (150, 33), (34, 35)], (130, 76, 206, 17))
([(30, 176), (65, 67), (29, 177)], (19, 205, 142, 132))
([(174, 135), (119, 85), (227, 114)], (199, 200, 227, 49))
([(76, 145), (208, 88), (206, 71)], (89, 183, 219, 153))
([(171, 130), (94, 67), (21, 8), (63, 94)], (109, 210, 26, 172))
([(233, 121), (54, 146), (87, 119), (92, 119), (178, 122), (192, 164), (215, 37)], (68, 80, 249, 132))
([(21, 71), (38, 95), (48, 109), (104, 112), (189, 154)], (241, 184, 137, 114))
([(136, 156), (127, 159), (188, 164)], (218, 94, 101, 140))
([(122, 149), (88, 162), (73, 149), (27, 172), (26, 173), (140, 95)], (166, 187, 92, 99))
([(239, 61), (94, 156), (131, 152)], (174, 46, 149, 119))
([(131, 89), (1, 119), (109, 1)], (196, 204, 159, 209))
([(122, 175), (6, 156), (5, 115), (3, 32)], (200, 137, 186, 27))
([(238, 72), (0, 62), (90, 156)], (103, 194, 187, 171))
([(126, 99), (91, 121), (44, 151)], (152, 20, 145, 198))
([(184, 84), (184, 84), (185, 83), (78, 25)], (120, 36, 174, 97))
([(167, 120), (86, 39), (36, 19)], (77, 59, 144, 14))
([(198, 98), (114, 135), (158, 81), (103, 97), (84, 32), (165, 18), (226, 7)], (255, 148, 169, 206))
([(5, 37), (108, 3), (137, 104)], (18, 158, 224, 244))
([(180, 40), (107, 134), (68, 111), (62, 107)], (118, 209, 67, 145))
([(0, 13), (39, 31), (221, 20)], (26, 181, 120, 188))
([(161, 36), (230, 56), (230, 107), (186, 13)], (157, 93, 235, 71))
([(166, 121), (59, 129), (60, 127), (85, 73), (8, 41), (114, 154), (14, 56)], (109, 209, 245, 62))
([(61, 145), (27, 48), (129, 35)], (22, 178, 237, 188))
([(86, 128), (146, 159), (179, 11)], (195, 20, 187, 108))
([(87, 147), (149, 155), (151, 144), (166, 59)], (253, 37, 21, 168))
([(213, 156), (96, 58), (150, 48), (55, 34), (204, 88), (69, 6)], (10, 36, 194, 160))
([(86, 21), (222, 72), (179, 70), (49, 63)], (95, 214, 45, 40))
([(224, 48), (135, 39), (155, 179)], (252, 168, 200, 240))
([(138, 159), (168, 13), (119, 141)], (197, 79, 54, 65))
([(201, 60), (176, 22), (195, 27)], (18, 208, 201, 225))
([(15, 105), (15, 105), (0, 97)], (40, 247, 211, 232))
([(125, 54), (150, 152), (177, 111), (234, 24), (36, 98)], (239, 110, 3, 246))
([(25, 13), (33, 64), (32, 50)], (69, 249, 115, 91))
([(25, 46), (27, 51), (22, 56)], (240, 129, 133, 157))
([(137, 139), (173, 42), (125, 164)], (160, 34, 202, 1))
([(223, 81), (233, 107), (23, 78), (57, 67), (125, 46), (141, 41)], (12, 129, 79, 195))
([(170, 129), (210, 24), (214, 124)], (153, 254, 191, 196))
([(140, 76), (37, 159), (145, 46)], (210, 205, 236, 35))
([(17, 91), (0, 26), (39, 48), (145, 115), (122, 36)], (191, 11, 108, 172))
([(239, 138), (191, 121), (31, 60)], (193, 148, 187, 235))
([(172, 46), (213, 161), (175, 123)], (130, 237, 26, 132))
([(169, 129), (72, 15), (224, 82)], (214, 6, 158, 175))
([(83, 108), (0, 18), (234, 92)], (104, 83, 177, 209))
([(145, 2), (214, 158), (5, 130)], (18, 6, 143, 41))
([(152, 72), (110, 43), (230, 40), (156, 60)], (243, 132, 64, 41))
([(0, 74), (237, 18), (61, 170)], (81, 215, 148, 189))
([(3, 148), (24, 64), (172, 63), (188, 55), (177, 57), (173, 58), (72, 81)], (210, 144, 207, 62))
([(227, 129), (122, 156), (239, 118)], (98, 23, 22, 6))
([(212, 43), (82, 52), (32, 56), (88, 26), (75, 166)], (25, 115, 176, 74))
([(20, 103), (202, 83), (122, 67), (26, 105)], (18, 201, 138, 242))
([(154, 179), (39, 104), (43, 102), (46, 100), (229, 1)], (25, 252, 191, 128))
([(160, 14), (138, 124), (134, 116)], (58, 154, 250, 151))
([(58, 21), (66, 26), (198, 107), (194, 108), (122, 129)], (215, 29, 162, 146))
([(227, 109), (192, 123), (180, 132)], (243, 163, 18, 54))
([(234, 26), (216, 55), (212, 43), (209, 34), (64, 2), (37, 176), (237, 34)], (246, 139, 93, 30))
([(128, 147), (50, 137), (104, 106)], (204, 108, 97, 108))
([(7, 130), (51, 179), (226, 33)], (0, 42, 122, 75))
([(238, 24), (108, 167), (231, 48)], (199, 188, 5, 49))
([(55, 71), (111, 37), (125, 142), (171, 64), (214, 84)], (190, 152, 15, 113))
([(153, 112), (53, 95), (204, 116), (195, 80)], (154, 154, 70, 231))
([(132, 171), (155, 180), (128, 115)], (113, 140, 91, 221))
([(224, 139), (179, 122), (54, 74), (100, 41)], (244, 162, 173, 45))
([(16, 168), (61, 62), (0, 52)], (122, 55, 228, 166))
([(4, 98), (213, 7), (105, 85)], (7, 68, 243, 114))
([(221, 90), (14, 168), (8, 160)], (172, 1, 72, 220))
([(172, 9), (77, 29), (105, 135)], (221, 137, 90, 17))
([(13, 4), (170, 146), (82, 57), (144, 66), (207, 97), (95, 105)], (206, 162, 200, 74))
([(221, 136), (228, 106), (215, 79), (142, 122), (195, 83)], (103, 23, 83, 98))
([(115, 144), (86, 61), (148, 87), (200, 109), (123, 73)], (141, 219, 103, 203))
([(180, 64), (67, 146), (44, 163), (205, 72)], (30, 80, 39, 186))
([(91, 132), (93, 132), (122, 128), (46, 129)], (202, 68, 45, 228))
([(196, 177), (69, 102), (76, 172), (10, 102), (54, 175)], (12, 84, 28, 172))
([(121, 143), (8, 60), (236, 16)], (32, 207, 255, 167))
([(225, 20), (61, 2), (12, 180)], (2, 85, 27, 62))
([(164, 10), (42, 26), (90, 140)], (235, 38, 74, 165))
([(122, 129), (152, 168), (173, 122)], (38, 17, 153, 115))
([(174, 54), (166, 53), (122, 159)], (148, 240, 64, 1))
([(182, 102), (200, 16), (3, 43)], (156, 46, 88, 33))
([(204, 25), (205, 31), (210, 61), (184, 90)], (234, 180, 6, 56))
([(131, 137), (209, 2), (14, 27)], (208, 62, 93, 58))
([(174, 139), (11, 4), (191, 38)], (48, 118, 41, 181))
([(139, 81), (143, 18), (143, 18)], (65, 82, 242, 165))
([(165, 34), (0, 88), (114, 60), (235, 31)], (250, 83, 110, 99))
([(194, 126), (51, 145), (30, 85), (93, 153), (146, 9), (50, 106), (110, 22), (110, 22), (118, 116)], (82, 240, 139, 116))
([(196, 108), (88, 71), (63, 39)], (255, 237, 72, 236))
([(106, 119), (222, 1), (78, 45), (144, 87)], (89, 36, 89, 239))
([(74, 20), (97, 120), (100, 36)], (24, 95, 7, 168))
([(82, 47), (72, 135), (23, 142)], (21, 164, 204, 11))
([(86, 145), (54, 85), (50, 77), (43, 8)], (209, 68, 107, 157))
([(166, 62), (129, 96), (79, 141), (165, 37), (143, 45)], (200, 53, 66, 226))
([(61, 133), (6, 65), (168, 153), (153, 148), (149, 147), (209, 102)], (27, 181, 174, 100))
([(88, 153), (28, 61), (190, 134), (186, 137)], (11, 249, 104, 5))
([(225, 128), (60, 14), (170, 159)], (132, 12, 203, 70))
([(111, 146), (66, 93), (203, 20)], (183, 48, 252, 225))
([(105, 0), (197, 16), (42, 104)], (38, 4, 57, 214))
([(119, 136), (100, 27), (232, 173), (77, 102), (196, 14)], (197, 255, 140, 123))
([(155, 135), (141, 90), (131, 58), (126, 42), (235, 21)], (77, 68, 20, 35))
([(238, 142), (187, 162), (185, 147), (180, 109), (221, 65)], (203, 185, 64, 67))
([(104, 93), (130, 97), (46, 21)], (156, 248, 113, 224))
([(53, 116), (78, 157), (91, 174), (35, 137), (89, 107), (169, 11)], (202, 96, 56, 91))
([(77, 154), (122, 72), (72, 65), (214, 119)], (35, 94, 81, 75))
([(96, 100), (94, 104), (87, 119)], (52, 184, 176, 195))
([(142, 19), (73, 64), (21, 98)], (215, 47, 178, 82))
([(126, 169), (92, 41), (184, 151)], (76, 60, 83, 221))
([(139, 96), (137, 104), (13, 18), (208, 111), (208, 111)], (254, 46, 6, 33))
([(62, 43), (87, 50), (137, 172), (25, 116)], (137, 4, 5, 238))
([(108, 81), (109, 56), (131, 172)], (73, 234, 55, 2))
([(123, 85), (236, 132), (87, 41)], (200, 66, 135, 93))
([(228, 85), (160, 112), (147, 88), (105, 100), (238, 83)], (160, 81, 164, 199))
([(234, 116), (144, 141), (90, 169)], (227, 94, 132, 83))
([(3, 129), (14, 122), (227, 8)], (146, 161, 49, 124))
([(74, 1), (171, 52), (118, 40), (96, 125), (104, 38), (18, 20), (214, 1)], (68, 189, 195, 173))
([(194, 130), (123, 110), (65, 121), (128, 70)], (17, 210, 15, 227))
([(60, 31), (39, 136), (32, 152), (131, 130)], (12, 30, 125, 225))
([(179, 176), (209, 162), (200, 126)], (38, 82, 255, 51))
([(40, 155), (152, 58), (234, 100)], (103, 74, 94, 23))
([(124, 8), (91, 172), (175, 177)], (31, 108, 20, 161))
([(12, 152), (213, 27), (181, 150)], (15, 17, 43, 144))
([(76, 132), (229, 160), (149, 92), (128, 74), (166, 179)], (15, 185, 252, 116))
([(167, 18), (169, 165), (122, 99), (61, 13)], (67, 48, 122, 203))
([(71, 114), (9, 117), (218, 3), (227, 58), (229, 70)], (135, 173, 163, 228))
([(106, 136), (72, 174), (96, 150), (183, 61)], (76, 250, 49, 41))
([(163, 5), (233, 173), (178, 119), (36, 133)], (125, 47, 91, 112))
([(70, 67), (42, 29), (22, 2), (118, 51), (97, 71), (26, 138)], (34, 5, 146, 48))
([(64, 39), (164, 102), (165, 102)], (156, 136, 206, 92))
([(51, 37), (145, 45), (100, 20), (121, 83)], (153, 211, 211, 176))
([(87, 89), (240, 99), (240, 17)], (194, 238, 162, 184))
([(3, 8), (41, 36), (79, 63), (52, 55), (144, 24)], (2, 13, 111, 104))
([(219, 117), (92, 121), (85, 110), (60, 72)], (211, 54, 1, 191))
([(76, 45), (115, 16), (119, 59)], (48, 150, 94, 186))
([(228, 0), (31, 44), (189, 33)], (70, 253, 97, 154))
([(73, 126), (139, 4), (193, 115), (202, 134)], (208, 79, 200, 142))
([(16, 47), (34, 92), (33, 64), (65, 96), (63, 35)], (116, 123, 245, 124))
([(214, 14), (138, 74), (108, 46), (36, 65), (59, 64), (6, 70)], (220, 237, 236, 82))
([(184, 34), (122, 164), (184, 150), (0, 50)], (71, 152, 112, 227))
([(160, 18), (101, 61), (157, 147)], (177, 31, 56, 101))
([(143, 64), (180, 100), (203, 123), (145, 24), (189, 165)], (87, 141, 156, 61))
([(144, 51), (185, 69), (183, 172)], (232, 63, 159, 79))
([(67, 3), (237, 112), (130, 132), (0, 43)], (24, 34, 68, 164))
([(196, 75), (183, 51), (62, 56)], (55, 226, 121, 195))
([(172, 21), (74, 131), (72, 127), (1, 1)], (144, 224, 179, 132))
([(119, 34), (119, 34), (151, 79), (220, 31)], (248, 166, 161, 173))
([(158, 7), (11, 26), (2, 121), (133, 9)], (164, 144, 154, 24))
([(103, 112), (35, 59), (33, 34), (32, 21)], (74, 1, 76, 166))
([(133, 92), (89, 151), (86, 155), (73, 172)], (63, 231, 116, 81))
([(76, 150), (129, 79), (18, 98)], (141, 11, 19, 186))
([(32, 59), (0, 21), (203, 23), (231, 178)], (167, 14, 209, 27))
([(153, 22), (41, 70), (61, 23)], (83, 104, 232, 99))
([(43, 57), (31, 97), (13, 64), (158, 76)], (5, 146, 210, 131))
([(213, 17), (40, 56), (56, 49)], (224, 185, 43, 126))
([(14, 49), (222, 15), (136, 65), (194, 99)], (24, 183, 229, 220))
([(45, 165), (46, 9), (106, 5)], (111, 157, 6, 7))
([(111, 176), (155, 180), (92, 11), (0, 124)], (84, 102, 130, 14))
([(28, 69), (161, 4), (136, 28)], (35, 192, 130, 132))
([(212, 140), (227, 27), (194, 41)], (197, 179, 107, 15))
([(130, 87), (148, 71), (180, 156), (139, 105)], (32, 229, 238, 195))
([(53, 57), (166, 147), (206, 40), (76, 51), (72, 178)], (194, 202, 90, 59))
([(119, 103), (35, 37), (26, 70)], (34, 38, 55, 203))
([(10, 89), (237, 150), (212, 108), (198, 84), (162, 24)], (232, 180, 150, 138))
([(52, 80), (46, 91), (46, 91), (171, 157), (4, 121)], (150, 63, 200, 163))
([(165, 168), (191, 152), (206, 142), (211, 45), (134, 174)], (12, 67, 21, 173))
([(148, 58), (16, 174), (15, 180)], (28, 157, 115, 88))
([(52, 7), (8, 58), (213, 103), (183, 62), (158, 28)], (104, 52, 168, 134))
([(161, 40), (29, 6), (50, 137)], (6, 82, 135, 107))
([(137, 53), (141, 57), (234, 142), (233, 171)], (42, 45, 102, 186))
([(39, 5), (34, 113), (31, 177), (227, 10)], (145, 24, 86, 55))
([(33, 62), (45, 100), (49, 113), (1, 144)], (18, 217, 122, 34))
([(148, 27), (117, 44), (48, 76)], (48, 83, 38, 243))
([(20, 124), (56, 26), (239, 112)], (73, 145, 65, 184))
([(85, 174), (238, 152), (9, 8)], (23, 44, 138, 27))
([(105, 111), (13, 59), (28, 78), (55, 111)], (48, 248, 92, 48))
([(172, 76), (55, 175), (109, 171), (224, 164)], (94, 84, 65, 242))
([(38, 177), (33, 28), (17, 70), (14, 78)], (40, 172, 252, 119))
([(27, 72), (188, 144), (203, 111), (238, 35)], (229, 109, 132, 110))
([(55, 56), (134, 102), (170, 123)], (141, 42, 136, 23))
([(39, 119), (120, 111), (117, 75)], (205, 193, 209, 98))
([(70, 6), (125, 13), (126, 30), (135, 178), (157, 179), (170, 179), (215, 55)], (83, 17, 114, 178))
([(214, 40), (164, 100), (129, 78)], (26, 230, 199, 64))
([(213, 135), (91, 74), (135, 168)], (250, 119, 14, 38))
([(24, 62), (92, 120), (160, 177), (14, 128)], (32, 8, 42, 131))
([(217, 91), (123, 100), (174, 5), (96, 128), (227, 64), (80, 49), (85, 51), (55, 18), (53, 16)], (53, 0, 83, 229))
([(53, 95), (92, 93), (179, 39)], (239, 9, 169, 84))
([(234, 36), (240, 71), (158, 107)], (32, 130, 184, 114))
([(144, 130), (216, 151), (15, 94), (107, 63), (113, 58), (146, 31)], (160, 151, 6, 125))
([(45, 130), (213, 152), (129, 4)], (25, 255, 26, 22))
([(208, 39), (154, 48), (9, 73), (230, 7), (197, 85)], (193, 211, 20, 140))
([(172, 119), (211, 81), (163, 14)], (18, 117, 214, 154))
([(78, 125), (100, 124), (234, 117), (234, 105)], (14, 58, 179, 44))
([(52, 132), (163, 84), (70, 127), (53, 135), (194, 55), (182, 22)], (8, 117, 234, 49))
([(72, 171), (201, 162), (230, 160), (100, 51)], (91, 53, 169, 109))
([(127, 24), (145, 19), (207, 4), (51, 9)], (221, 142, 110, 12))
([(154, 2), (35, 166), (158, 153), (136, 173)], (8, 169, 124, 123))
([(95, 10), (4, 111), (134, 78), (21, 50), (204, 26)], (68, 59, 72, 108))
([(71, 163), (48, 157), (81, 102)], (165, 56, 39, 140))
([(12, 149), (88, 125), (120, 154)], (20, 85, 16, 184))
([(122, 68), (127, 59), (155, 83), (204, 125)], (38, 225, 153, 247))
([(9, 160), (20, 80), (26, 36), (226, 121), (143, 54)], (37, 43, 183, 116))
([(145, 16), (85, 110), (173, 123), (235, 133)], (25, 130, 185, 150))
([(123, 134), (106, 111), (112, 96), (120, 76), (126, 61)], (33, 7, 174, 98))
([(136, 101), (153, 80), (40, 101)], (120, 12, 50, 19))
([(77, 114), (67, 5), (229, 146)], (27, 41, 90, 168))
([(1, 113), (23, 81), (34, 49), (82, 76), (119, 97), (72, 26)], (240, 94, 206, 62))
([(107, 93), (207, 150), (215, 155), (168, 168), (160, 170)], (32, 35, 27, 96))
([(59, 21), (235, 83), (97, 49), (52, 38)], (115, 5, 112, 16))
([(195, 38), (54, 86), (13, 100), (66, 21), (36, 28)], (127, 28, 30, 67))
([(154, 108), (89, 121), (172, 2)], (92, 84, 217, 39))
([(149, 49), (201, 126), (16, 1)], (182, 214, 193, 26))
([(114, 29), (69, 64), (46, 42), (47, 34)], (120, 76, 177, 93))
([(86, 47), (35, 25), (83, 34), (95, 37), (96, 37)], (130, 67, 45, 84))
([(167, 165), (50, 13), (193, 65), (239, 62)], (14, 232, 136, 23))
([(49, 78), (135, 157), (230, 76)], (44, 112, 148, 158))
([(162, 84), (122, 31), (103, 149)], (47, 31, 169, 91))
([(18, 99), (120, 148), (14, 79), (75, 71), (129, 63)], (65, 6, 200, 37))
([(221, 135), (166, 24), (143, 31), (81, 49), (60, 77)], (73, 170, 130, 63))
([(166, 11), (194, 87), (233, 32)], (96, 146, 184, 68))
([(171, 109), (114, 158), (232, 2), (82, 6), (159, 148), (135, 0)], (125, 51, 171, 35))
([(78, 149), (31, 89), (70, 104)], (57, 50, 25, 101))
([(142, 44), (212, 131), (166, 6)], (197, 58, 69, 67))
([(166, 179), (35, 62), (38, 63), (22, 0)], (89, 166, 128, 119))
([(207, 110), (205, 105), (58, 167), (141, 38)], (113, 41, 19, 101))
([(102, 134), (210, 78), (117, 91), (106, 78), (103, 75)], (100, 145, 179, 169))
([(79, 158), (81, 169), (7, 35), (9, 129)], (160, 131, 16, 117))
([(95, 97), (206, 151), (159, 72), (68, 30)], (43, 208, 161, 17))
([(16, 139), (90, 32), (83, 23)], (97, 65, 120, 40))
([(232, 66), (164, 41), (239, 10), (75, 40), (82, 114)], (120, 155, 210, 79))
