([(181, 71), (193, 14), (181, 36), (194, 169)], (202, 48, 9, 15))
([(68, 3), (46, 4), (1, 128), (3, 45), (4, 4)], (241, 215, 143, 41))
([(65, 163), (26, 173), (17, 164), (4, 150)], (185, 187, 219, 32))
([(157, 176), (129, 15), (42, 26), (215, 3), (238, 0)], (163, 165, 102, 125))
([(239, 136), (119, 93), (179, 119)], (231, 200, 131, 177))
([(13, 79), (179, 113), (183, 178), (1, 59)], (137, 204, 43, 120))
([(222, 102), (41, 73), (51, 3)], (118, 209, 67, 114))
([(154, 179), (39, 104), (3, 23), (5, 57), (229, 1)], (70, 123, 169, 128))
([(6, 65), (14, 27), (24, 131)], (27, 181, 174, 100))
([(133, 173), (75, 92), (222, 128)], (163, 133, 113, 153))
([(124, 82), (114, 170), (147, 119), (112, 105)], (215, 41, 198, 225))
([(206, 55), (27, 112), (24, 155), (137, 104)], (18, 158, 18, 188))
([(232, 117), (195, 108), (26, 137)], (247, 29, 135, 237))
([(148, 58), (23, 157), (17, 174), (15, 180)], (115, 146, 115, 115))
([(178, 36), (223, 21), (220, 32)], (152, 99, 152, 169))
([(31, 87), (36, 54), (238, 156)], (111, 177, 232, 194))
([(159, 95), (170, 84), (176, 62), (188, 18)], (77, 249, 73, 239))
([(111, 103), (129, 79), (237, 152)], (122, 66, 19, 103))
([(192, 52), (47, 70), (21, 155)], (208, 163, 138, 170))
([(136, 102), (18, 159), (38, 114), (7, 39), (84, 25)], (158, 22, 157, 210))
([(193, 20), (19, 150), (167, 149)], (204, 181, 120, 228))
([(112, 153), (240, 143), (213, 120)], (72, 128, 17, 203))
([(3, 148), (24, 64), (1, 111)], (210, 144, 207, 111))
([(169, 24), (160, 33), (99, 93), (76, 10)], (24, 193, 69, 152))
([(238, 1), (236, 112), (222, 36), (76, 8), (9, 90)], (109, 101, 192, 125))
([(216, 111), (168, 13), (96, 100)], (26, 12, 44, 147))
([(38, 74), (84, 140), (236, 132), (102, 19)], (200, 66, 135, 184))
([(20, 133), (27, 48), (130, 139), (132, 141)], (166, 48, 237, 204))
([(0, 102), (71, 4), (154, 23)], (231, 243, 114, 83))
([(150, 121), (236, 180), (231, 48)], (199, 85, 117, 66))
([(208, 0), (67, 119), (139, 41)], (223, 17, 172, 132))
([(9, 133), (1, 69), (99, 20), (137, 13)], (1, 222, 184, 92))
([(233, 147), (139, 96), (94, 36), (50, 46)], (254, 46, 0, 43))
([(106, 51), (147, 18), (69, 82)], (101, 199, 70, 225))
([(0, 122), (83, 144), (121, 107), (178, 52), (207, 24)], (217, 172, 191, 108))
([(149, 49), (194, 116), (73, 143), (16, 1)], (152, 214, 193, 26))
([(178, 174), (187, 56), (13, 8)], (168, 164, 222, 141))
([(111, 176), (155, 180), (92, 11), (0, 124)], (84, 102, 130, 156))
([(235, 132), (23, 97), (18, 121)], (95, 250, 176, 40))
([(207, 161), (171, 70), (61, 25)], (123, 172, 92, 149))
([(111, 94), (1, 119), (58, 107)], (172, 204, 159, 146))
([(136, 108), (142, 105), (37, 8)], (72, 178, 172, 74))
([(49, 86), (171, 136), (46, 91)], (178, 6, 167, 177))
([(122, 18), (114, 58), (91, 172), (178, 179)], (31, 35, 68, 172))
([(188, 65), (233, 173), (114, 176), (32, 178)], (125, 65, 91, 48))
([(40, 133), (52, 38), (11, 4), (106, 22), (150, 30), (191, 38)], (77, 43, 41, 243))
([(234, 116), (188, 136), (43, 145)], (195, 159, 218, 225))
([(162, 69), (211, 130), (84, 161), (204, 109), (147, 28)], (55, 58, 69, 124))
([(239, 138), (219, 178), (238, 139)], (162, 230, 18, 70))
([(146, 159), (146, 159), (74, 4)], (203, 169, 207, 52))
([(238, 142), (238, 142), (240, 95), (240, 95), (214, 130)], (203, 214, 212, 93))
([(239, 149), (191, 145), (174, 144), (189, 92), (195, 71), (197, 64)], (218, 204, 194, 78))
([(89, 151), (117, 157), (121, 159)], (4, 74, 231, 168))
([(30, 85), (146, 9), (162, 27), (185, 54), (197, 68), (220, 94), (110, 22)], (82, 251, 39, 180))
([(59, 143), (30, 28), (112, 60)], (237, 90, 252, 217))
([(77, 154), (137, 9), (72, 65), (102, 77), (149, 95)], (35, 94, 76, 208))
([(30, 176), (55, 98), (29, 177)], (19, 60, 142, 75))
([(123, 41), (80, 92), (48, 76)], (48, 206, 38, 248))
([(170, 179), (148, 177), (68, 77), (0, 97)], (40, 172, 67, 138))
([(98, 14), (237, 18), (144, 35)], (205, 215, 148, 254))
([(25, 145), (26, 143), (86, 39), (159, 45)], (83, 36, 227, 120))
([(63, 143), (108, 123), (230, 160)], (91, 180, 27, 3))
([(217, 86), (132, 111), (34, 113), (236, 85), (58, 54), (197, 26), (213, 17)], (145, 30, 86, 55))
([(49, 141), (72, 36), (17, 75)], (16, 18, 8, 200))
([(103, 72), (35, 166), (238, 64)], (8, 169, 124, 48))
([(35, 83), (216, 132), (5, 112)], (150, 176, 82, 224))
([(215, 20), (137, 129), (147, 119), (77, 112), (194, 70)], (40, 151, 90, 192))
([(153, 158), (181, 94), (222, 1), (78, 45)], (89, 48, 117, 239))
([(84, 68), (84, 68), (92, 41), (206, 79)], (177, 4, 83, 174))
([(198, 98), (233, 127), (230, 119), (192, 35), (217, 14), (226, 7)], (145, 148, 169, 241))
([(0, 88), (110, 61), (62, 45), (34, 36)], (154, 103, 110, 193))
([(140, 163), (140, 163), (140, 163), (140, 163)], (97, 101, 248, 67))
([(172, 76), (164, 147), (156, 68), (0, 166)], (94, 12, 65, 206))
([(168, 49), (126, 59), (91, 67)], (0, 58, 173, 106))
([(132, 171), (64, 7), (119, 115)], (227, 123, 91, 130))
([(207, 119), (123, 124), (44, 128), (240, 4)], (172, 110, 200, 144))
([(233, 121), (179, 121), (208, 86)], (68, 80, 249, 241))
([(16, 168), (61, 62), (0, 52)], (69, 90, 208, 130))
([(189, 30), (69, 168), (59, 163), (48, 157), (81, 102)], (54, 17, 39, 140))
([(221, 90), (87, 140), (14, 168), (22, 177), (22, 177), (23, 178), (206, 122)], (172, 1, 72, 35))
([(11, 65), (0, 106), (222, 82)], (82, 185, 167, 138))
([(62, 136), (8, 60), (9, 38), (236, 16)], (112, 207, 89, 52))
([(62, 43), (98, 32), (187, 150), (82, 39), (39, 56), (34, 19)], (136, 1, 163, 173))
([(40, 155), (219, 159), (208, 108), (239, 152)], (187, 148, 94, 29))
([(98, 151), (18, 64), (158, 76)], (5, 235, 239, 131))
([(221, 104), (217, 89), (60, 104)], (39, 244, 245, 240))
([(22, 2), (22, 2), (39, 131), (104, 65), (109, 60), (64, 78)], (201, 5, 146, 48))
([(74, 1), (190, 42), (96, 125), (92, 85), (214, 1)], (68, 68, 195, 132))
([(239, 61), (236, 64), (122, 176), (213, 128)], (174, 88, 149, 170))
([(231, 52), (206, 159), (38, 0), (46, 0), (60, 1), (160, 7)], (133, 173, 221, 76))
([(168, 63), (155, 11), (40, 62)], (211, 54, 1, 218))
([(69, 130), (216, 153), (183, 141)], (155, 202, 122, 215))
([(221, 136), (228, 106), (215, 79), (190, 97)], (59, 23, 35, 194))
([(144, 88), (145, 89), (221, 147), (229, 153)], (230, 46, 114, 95))
([(30, 19), (234, 1), (189, 86)], (69, 164, 204, 49))
([(112, 156), (95, 162), (51, 179), (226, 33)], (0, 42, 98, 75))
([(171, 130), (36, 85), (94, 67), (129, 61), (154, 56), (91, 65), (21, 8)], (178, 210, 26, 187))
([(110, 138), (8, 62), (0, 62), (0, 4)], (136, 194, 233, 113))
([(72, 4), (19, 27), (85, 88), (131, 130)], (14, 30, 158, 225))
([(213, 135), (123, 134), (91, 133), (135, 168)], (135, 246, 119, 38))
([(85, 75), (110, 136), (123, 168)], (231, 127, 71, 74))
([(205, 31), (213, 167), (203, 149), (151, 58)], (58, 74, 6, 132))
([(51, 41), (113, 102), (189, 130), (238, 83)], (160, 81, 219, 199))
([(71, 38), (49, 96), (234, 28)], (65, 72, 160, 182))
([(159, 68), (159, 93), (189, 56)], (194, 61, 215, 163))
([(81, 59), (67, 87), (13, 52), (82, 5)], (247, 250, 24, 221))
([(36, 46), (115, 81), (209, 1)], (81, 107, 69, 80))
([(206, 146), (175, 54), (146, 80)], (47, 31, 169, 132))
([(67, 143), (62, 139), (25, 113), (8, 114)], (176, 240, 198, 62))
([(107, 30), (97, 34), (208, 29)], (145, 9, 169, 236))
([(4, 160), (120, 127), (79, 118)], (20, 84, 70, 184))
([(166, 11), (194, 87), (177, 21)], (96, 146, 184, 68))
([(25, 46), (136, 25), (76, 0), (52, 25), (22, 56)], (240, 172, 245, 104))
([(214, 40), (147, 134), (118, 175)], (122, 74, 89, 46))
([(136, 101), (93, 71), (85, 65), (18, 17), (34, 121)], (120, 12, 33, 99))
([(7, 162), (165, 52), (198, 95)], (0, 124, 74, 145))
([(114, 43), (218, 3), (222, 28), (222, 28)], (144, 173, 163, 190))
([(6, 155), (3, 117), (1, 92), (55, 15), (59, 9)], (246, 139, 239, 38))
([(12, 85), (46, 104), (75, 22)], (119, 204, 93, 243))
([(93, 81), (93, 81), (34, 122)], (78, 23, 111, 239))
([(192, 142), (72, 37), (196, 25), (22, 137)], (197, 248, 211, 150))
([(171, 124), (60, 114), (154, 13)], (78, 249, 211, 222))
([(43, 99), (30, 62), (29, 59), (188, 179)], (26, 156, 57, 108))
([(84, 76), (43, 102), (64, 70), (101, 10)], (241, 252, 15, 237))
([(238, 74), (16, 58), (237, 146)], (48, 62, 91, 160))
([(183, 39), (164, 153), (160, 177), (51, 17), (45, 8)], (4, 8, 42, 103))
([(12, 152), (63, 120), (52, 14), (181, 150)], (15, 17, 43, 238))
([(11, 14), (67, 134), (74, 6)], (116, 42, 154, 154))
([(177, 111), (234, 24), (94, 82)], (166, 28, 3, 246))
([(214, 14), (138, 74), (135, 96), (133, 111), (191, 147)], (220, 237, 147, 221))
([(16, 47), (14, 70), (11, 104), (58, 42), (63, 35)], (102, 127, 245, 124))
([(172, 21), (60, 126), (1, 1)], (144, 185, 179, 132))
([(67, 3), (87, 16), (237, 112), (236, 121), (202, 110), (0, 43)], (24, 58, 68, 156))
([(166, 179), (24, 8), (22, 0)], (125, 212, 102, 197))
([(79, 158), (41, 93), (7, 35), (8, 82), (9, 129)], (145, 131, 75, 117))
([(152, 168), (5, 105), (35, 58), (144, 116)], (16, 50, 153, 115))
([(16, 139), (21, 132), (18, 130), (17, 130), (8, 127)], (92, 65, 91, 212))
([(217, 52), (56, 99), (61, 104), (86, 128)], (202, 128, 45, 228))
([(77, 20), (51, 39), (39, 48)], (112, 11, 105, 187))
([(196, 177), (69, 102), (54, 175)], (12, 62, 28, 172))
([(240, 172), (164, 91), (211, 172)], (59, 205, 236, 35))
([(80, 84), (112, 78), (98, 17)], (68, 30, 219, 177))
([(211, 29), (210, 24), (116, 139)], (211, 254, 143, 96))
([(34, 126), (105, 84), (67, 5)], (27, 36, 72, 250))
([(3, 8), (36, 73), (82, 163), (183, 89)], (2, 13, 86, 104))
([(195, 179), (189, 113), (217, 179)], (199, 60, 180, 72))
([(169, 129), (188, 58), (215, 76), (224, 82)], (191, 186, 158, 167))
([(56, 91), (203, 111), (163, 68)], (229, 90, 33, 40))
([(0, 21), (168, 17), (189, 17), (210, 98), (231, 178)], (88, 79, 209, 27))
([(181, 46), (183, 35), (174, 5), (96, 128), (227, 64)], (53, 0, 83, 241))
([(148, 154), (109, 21), (152, 154), (153, 154), (155, 154), (180, 156), (193, 25)], (32, 94, 238, 195))
([(4, 93), (73, 110), (203, 152), (238, 152), (9, 8)], (8, 44, 171, 46))
([(11, 169), (172, 37), (119, 60)], (48, 49, 124, 129))
([(86, 145), (177, 31), (8, 16)], (24, 68, 118, 157))
([(165, 168), (206, 142), (183, 92), (134, 174)], (11, 67, 21, 165))
([(184, 34), (186, 10), (186, 10), (184, 150), (0, 50)], (71, 152, 164, 234))
([(52, 7), (8, 58), (16, 61), (107, 91)], (104, 70, 136, 134))
([(213, 156), (97, 46), (237, 88), (147, 102), (174, 36)], (65, 36, 194, 120))
([(161, 40), (46, 10), (37, 8), (29, 6), (50, 137)], (6, 82, 135, 243))
([(167, 18), (148, 50), (129, 81), (61, 13)], (54, 48, 127, 223))
([(141, 90), (120, 160), (235, 21)], (252, 133, 20, 35))
([(6, 156), (6, 156), (100, 135), (5, 115), (3, 32)], (113, 221, 186, 32))
([(34, 53), (81, 44), (135, 61)], (88, 190, 137, 58))
([(87, 89), (211, 97), (240, 99), (240, 17)], (194, 238, 162, 184))
([(190, 44), (8, 159), (142, 121)], (173, 0, 136, 15))
([(181, 66), (195, 118), (98, 158)], (12, 91, 97, 210))
([(155, 146), (86, 67), (33, 66), (31, 95)], (34, 73, 16, 232))
([(45, 130), (37, 102), (95, 118), (117, 124)], (25, 48, 13, 188))
([(19, 38), (172, 34), (206, 6)], (18, 89, 97, 91))
([(145, 19), (207, 4), (51, 9)], (136, 133, 110, 12))
([(122, 98), (197, 150), (190, 149), (91, 130)], (11, 249, 157, 206))
([(233, 107), (46, 75), (37, 132), (33, 157)], (12, 16, 16, 195))
([(20, 3), (115, 109), (165, 37)], (226, 80, 147, 49))
([(172, 119), (195, 97), (183, 66)], (199, 217, 214, 169))
([(180, 93), (234, 142), (233, 171)], (42, 45, 102, 186))
([(125, 13), (135, 178), (137, 178), (157, 179), (170, 179), (215, 55)], (83, 24, 114, 128))
([(152, 64), (46, 9), (82, 6), (106, 5)], (35, 157, 6, 9))
([(167, 78), (103, 43), (157, 10)], (248, 166, 148, 205))
([(122, 76), (178, 22), (54, 2), (54, 2), (61, 23)], (83, 104, 232, 103))
([(181, 39), (145, 45), (152, 126), (125, 106), (125, 106)], (218, 211, 67, 201))
([(147, 12), (158, 40), (100, 41)], (244, 147, 66, 218))
([(144, 130), (15, 94), (179, 94)], (160, 169, 172, 125))
([(231, 73), (68, 67), (106, 67)], (212, 145, 7, 151))
([(29, 177), (47, 172), (216, 124), (38, 21)], (2, 21, 58, 35))
([(136, 102), (138, 110), (141, 122), (141, 122), (138, 16)], (217, 200, 187, 245))
([(40, 106), (94, 104), (123, 47)], (219, 50, 226, 137))
([(166, 29), (217, 93), (151, 89), (68, 74)], (110, 255, 140, 17))
([(101, 90), (104, 87), (117, 75)], (213, 80, 209, 172))
([(185, 49), (97, 77), (98, 77), (163, 102)], (144, 143, 77, 99))
([(68, 128), (114, 138), (164, 142), (142, 144), (152, 105)], (67, 31, 108, 167))
([(198, 28), (35, 59), (32, 21)], (74, 1, 76, 110))
([(236, 48), (240, 71), (240, 71), (158, 107)], (32, 130, 184, 114))
([(174, 135), (169, 135), (20, 125), (37, 124), (83, 122)], (7, 105, 181, 70))
([(225, 20), (61, 2), (12, 180)], (6, 49, 27, 62))
([(208, 39), (127, 98), (198, 17), (230, 7), (197, 85)], (193, 211, 20, 140))
([(194, 130), (132, 162), (123, 110), (175, 46), (187, 31)], (17, 67, 126, 227))
([(234, 110), (223, 147), (221, 154), (192, 134)], (251, 154, 135, 48))
([(76, 45), (76, 45), (154, 52)], (2, 165, 94, 110))
([(162, 42), (230, 40), (52, 96)], (180, 132, 38, 41))
([(228, 21), (175, 112), (138, 97)], (239, 12, 203, 11))
([(71, 7), (185, 107), (146, 165)], (35, 42, 163, 80))
([(102, 147), (11, 22), (182, 59)], (98, 149, 225, 10))
([(76, 135), (206, 50), (137, 159), (53, 135), (194, 55), (234, 67), (236, 68)], (8, 42, 138, 49))
([(64, 30), (120, 17), (96, 146)], (15, 153, 252, 51))
([(173, 30), (32, 56), (88, 26)], (17, 151, 176, 182))
([(53, 57), (125, 45), (142, 42), (60, 160), (74, 115), (72, 178), (72, 178)], (175, 43, 90, 33))
([(35, 105), (110, 112), (166, 155), (169, 157)], (43, 153, 236, 78))
([(91, 96), (122, 87), (136, 83), (139, 88)], (87, 141, 89, 168))
([(73, 126), (90, 63), (196, 130)], (208, 133, 200, 147))
([(82, 98), (67, 111), (119, 96)], (212, 210, 27, 234))
([(164, 135), (143, 65), (191, 117)], (230, 182, 206, 105))
([(69, 84), (201, 44), (66, 95), (61, 98)], (99, 147, 219, 50))
([(181, 89), (171, 98), (113, 150), (225, 100)], (178, 143, 165, 177))
([(12, 106), (16, 103), (34, 49), (82, 76), (72, 26)], (240, 213, 206, 62))
([(9, 160), (20, 80), (26, 36)], (37, 101, 140, 72))
([(235, 83), (230, 28), (149, 62)], (190, 5, 4, 16))
([(161, 50), (13, 100), (79, 165), (36, 28)], (73, 28, 30, 75))
([(145, 16), (85, 110), (119, 130), (203, 179), (235, 133)], (25, 130, 185, 53))
([(98, 31), (10, 72), (221, 67), (131, 172)], (152, 234, 121, 17))
([(166, 121), (60, 127), (70, 105), (85, 73), (29, 60), (14, 56)], (132, 255, 232, 62))
([(114, 29), (109, 33), (72, 62), (47, 34)], (120, 134, 177, 148))
([(78, 125), (95, 124), (105, 119), (172, 123)], (15, 58, 179, 78))
([(123, 134), (174, 98), (226, 61), (193, 35), (181, 25), (172, 155)], (33, 125, 187, 98))
([(107, 93), (207, 150), (215, 155), (213, 156), (168, 168)], (32, 15, 32, 81))
([(95, 10), (4, 111), (66, 95), (134, 78), (87, 66), (204, 26)], (68, 59, 72, 108))
([(49, 78), (67, 95), (99, 124), (111, 120), (230, 76)], (127, 158, 148, 100))
([(60, 151), (44, 163), (94, 145)], (18, 61, 39, 154))
([(38, 177), (27, 121), (17, 70), (14, 78)], (40, 144, 252, 17))
([(170, 39), (163, 10), (230, 56), (228, 56), (111, 43), (230, 107)], (157, 93, 145, 8))
([(13, 4), (82, 57), (136, 45), (230, 135), (95, 105)], (117, 162, 200, 50))
([(50, 13), (67, 116), (72, 146), (191, 158)], (77, 232, 136, 23))
([(10, 89), (237, 150), (232, 142), (198, 84)], (232, 180, 47, 16))
([(187, 41), (144, 144), (60, 77)], (67, 170, 130, 63))
([(33, 62), (37, 75), (45, 100), (110, 73), (133, 63), (212, 30), (107, 87), (1, 144)], (106, 217, 247, 40))
([(51, 74), (153, 84), (196, 43)], (88, 227, 208, 9))
([(174, 132), (114, 158), (232, 2), (82, 6), (159, 148)], (125, 72, 171, 35))
([(154, 108), (153, 126), (111, 156), (86, 147)], (19, 84, 245, 39))
([(12, 67), (125, 97), (180, 104), (98, 56), (95, 54)], (56, 20, 125, 70))
([(154, 95), (110, 167), (200, 126)], (51, 82, 255, 51))
([(218, 149), (63, 166), (138, 38), (141, 38)], (78, 41, 19, 101))
([(211, 132), (175, 139), (227, 42), (233, 31), (239, 118)], (98, 5, 158, 6))
([(126, 11), (11, 26), (2, 121), (82, 1), (85, 1), (100, 4)], (164, 166, 190, 24))
([(73, 54), (35, 25), (48, 27), (63, 30), (83, 34), (86, 35), (94, 37), (96, 37)], (125, 113, 103, 84))
([(212, 140), (7, 99), (75, 134), (113, 154)], (19, 179, 173, 15))
([(102, 134), (146, 112), (210, 78), (117, 91), (103, 75)], (100, 140, 179, 117))
([(31, 105), (31, 105), (120, 148), (216, 10), (75, 71), (45, 100)], (121, 227, 200, 3))
([(206, 151), (192, 127), (159, 72), (68, 30)], (59, 148, 161, 65))
([(78, 149), (60, 126), (23, 179), (55, 120), (54, 119), (31, 89), (63, 101), (70, 104)], (42, 40, 25, 156))
([(232, 66), (164, 41), (182, 34), (239, 10), (75, 40), (80, 93), (82, 114)], (117, 130, 210, 79))
([(55, 56), (178, 0), (183, 77)], (71, 104, 136, 169))
