([(179, 99), (73, 149), (27, 172), (26, 173), (140, 95)], (166, 187, 91, 99))
([(203, 108), (111, 16), (111, 16)], (251, 154, 135, 231))
([(130, 89), (107, 95), (1, 119), (109, 1)], (172, 204, 159, 146))
([(204, 160), (142, 105), (37, 8)], (102, 173, 59, 125))
([(88, 99), (188, 144), (203, 111), (238, 35)], (229, 134, 132, 110))
([(124, 161), (71, 151), (74, 6)], (37, 91, 46, 154))
([(94, 81), (92, 81), (199, 146)], (137, 57, 39, 239))
([(123, 85), (236, 132), (102, 19)], (200, 66, 135, 93))
([(213, 112), (182, 22), (205, 21), (223, 21), (220, 32), (227, 123), (94, 100), (104, 98), (146, 94)], (20, 99, 208, 169))
([(81, 59), (13, 52), (82, 5)], (247, 163, 24, 154))
([(57, 99), (210, 80), (224, 75), (222, 82)], (82, 119, 167, 138))
([(208, 0), (77, 72), (139, 41)], (223, 239, 204, 98))
([(111, 103), (129, 79), (237, 152)], (246, 11, 19, 186))
([(20, 133), (27, 48), (132, 141)], (22, 48, 237, 233))
([(238, 1), (230, 19), (222, 36), (172, 90), (76, 8), (173, 58)], (109, 153, 56, 218))
([(130, 21), (193, 20), (221, 20)], (26, 181, 120, 149))
([(234, 116), (144, 141), (90, 169)], (208, 255, 132, 83))
([(221, 104), (60, 104), (100, 36)], (39, 95, 7, 113))
([(177, 39), (186, 60), (188, 65), (233, 173), (32, 178)], (125, 65, 91, 112))
([(0, 102), (71, 4), (128, 36), (130, 40), (156, 86)], (231, 243, 114, 83))
([(198, 107), (195, 108), (194, 108), (26, 137), (47, 135), (122, 129)], (215, 29, 135, 126))
([(20, 103), (92, 95), (101, 94), (202, 83), (122, 67)], (18, 201, 138, 83))
([(122, 68), (124, 69), (126, 70), (155, 83), (192, 115), (204, 125)], (38, 225, 153, 15))
([(184, 84), (148, 100), (18, 159), (38, 114), (78, 25)], (120, 22, 174, 210))
([(204, 25), (205, 31), (213, 167), (210, 61), (184, 90)], (58, 180, 6, 56))
([(109, 21), (24, 68), (59, 51)], (202, 9, 169, 84))
([(212, 140), (227, 27), (211, 34)], (197, 179, 107, 15))
([(228, 149), (135, 59), (154, 108), (234, 54)], (2, 40, 188, 35))
([(9, 133), (1, 69), (156, 20)], (1, 222, 117, 168))
([(123, 141), (116, 52), (179, 119)], (231, 200, 92, 171))
([(0, 122), (159, 99), (67, 87)], (217, 37, 21, 168))
([(129, 96), (115, 109), (79, 141), (130, 79), (165, 37)], (200, 53, 147, 18))
([(178, 174), (132, 141), (203, 20)], (168, 28, 205, 96))
([(138, 159), (168, 13), (119, 141)], (94, 119, 54, 59))
([(111, 176), (155, 180), (92, 11), (0, 124)], (84, 102, 130, 120))
([(30, 176), (65, 67), (29, 177)], (19, 205, 142, 132))
([(124, 8), (112, 68), (91, 172), (178, 179)], (31, 35, 20, 161))
([(174, 135), (168, 114), (163, 97), (227, 114)], (199, 200, 227, 49))
([(139, 46), (25, 73), (188, 33), (189, 33)], (145, 253, 245, 192))
([(235, 132), (222, 72), (49, 63)], (95, 214, 45, 40))
([(166, 53), (82, 128), (204, 55)], (148, 240, 28, 1))
([(59, 65), (136, 134), (133, 78), (132, 60)], (79, 137, 219, 159))
([(146, 14), (190, 135), (134, 116)], (82, 154, 187, 151))
([(91, 132), (122, 128), (86, 128)], (202, 68, 45, 228))
([(198, 98), (233, 127), (119, 77), (165, 18), (226, 7)], (145, 148, 169, 206))
([(233, 121), (178, 122), (192, 164), (213, 83)], (68, 80, 249, 132))
([(208, 34), (65, 39), (122, 97), (188, 164)], (0, 105, 101, 140))
([(141, 99), (138, 100), (6, 156), (5, 115), (3, 32)], (200, 137, 186, 32))
([(148, 58), (59, 55), (15, 180)], (110, 157, 115, 120))
([(126, 99), (177, 158), (95, 54)], (145, 20, 145, 198))
([(5, 37), (33, 28), (108, 3), (137, 104)], (18, 158, 14, 188))
([(138, 155), (146, 159), (179, 11)], (195, 20, 187, 93))
([(238, 142), (187, 162), (185, 147), (193, 61), (221, 65)], (203, 185, 64, 67))
([(15, 105), (15, 105), (15, 105), (0, 97)], (40, 172, 211, 232))
([(14, 49), (222, 15), (136, 65), (194, 99)], (24, 193, 229, 148))
([(10, 89), (237, 150), (231, 140), (219, 120), (212, 108), (198, 84)], (232, 180, 47, 138))
([(239, 138), (191, 121), (185, 119), (167, 112), (113, 91), (31, 60)], (193, 148, 169, 43))
([(17, 91), (0, 26), (39, 48), (123, 26)], (112, 11, 120, 230))
([(174, 139), (11, 4), (191, 38)], (48, 43, 41, 181))
([(208, 40), (40, 37), (143, 93), (216, 132), (5, 112), (58, 119)], (150, 228, 82, 230))
([(113, 121), (134, 129), (213, 161), (175, 123)], (92, 237, 26, 71))
([(145, 2), (68, 3), (46, 4), (29, 4), (4, 4), (27, 58)], (217, 6, 143, 41))
([(234, 26), (1, 92), (64, 2)], (246, 139, 239, 30))
([(52, 80), (46, 91), (46, 91)], (1, 85, 85, 163))
([(119, 136), (100, 27), (232, 173), (77, 102), (196, 14)], (91, 255, 140, 123))
([(192, 52), (192, 123), (180, 132)], (243, 163, 18, 54))
([(98, 14), (237, 18), (61, 170)], (81, 215, 148, 189))
([(3, 148), (7, 132), (24, 64), (173, 58)], (210, 144, 207, 62))
([(160, 110), (108, 167), (231, 48)], (199, 188, 83, 49))
([(154, 179), (39, 104), (3, 23), (41, 103), (229, 1)], (25, 123, 191, 128))
([(3, 129), (13, 123), (153, 95)], (146, 177, 49, 124))
([(69, 118), (95, 99), (67, 111), (80, 105)], (252, 105, 252, 234))
([(10, 134), (38, 0), (211, 10)], (133, 76, 16, 76))
([(77, 91), (33, 64), (151, 80)], (78, 249, 182, 91))
([(132, 171), (155, 180), (140, 144)], (113, 140, 91, 221))
([(40, 155), (120, 86), (152, 58)], (103, 74, 94, 23))
([(39, 166), (51, 179), (226, 33)], (0, 42, 122, 75))
([(233, 107), (23, 78), (57, 67), (33, 157)], (12, 16, 16, 195))
([(192, 142), (198, 63), (72, 37), (31, 132), (28, 134), (23, 136), (22, 137)], (93, 248, 25, 144))
([(213, 135), (91, 133), (106, 106), (135, 168)], (123, 119, 14, 38))
([(155, 176), (44, 128), (134, 49), (240, 4)], (172, 110, 200, 178))
([(55, 71), (125, 142), (177, 88), (194, 70), (214, 84)], (40, 152, 15, 113))
([(16, 168), (36, 121), (61, 62), (0, 52)], (122, 55, 228, 166))
([(239, 61), (122, 176), (213, 128)], (174, 46, 149, 119))
([(222, 102), (37, 101), (62, 107)], (118, 209, 67, 145))
([(57, 26), (3, 50), (105, 85)], (7, 68, 243, 114))
([(162, 151), (146, 39), (143, 18), (168, 99)], (197, 82, 242, 165))
([(221, 90), (14, 168), (23, 178)], (172, 1, 72, 35))
([(239, 149), (152, 139), (197, 64), (194, 64), (158, 58), (149, 56)], (246, 183, 194, 78))
([(221, 136), (228, 106), (215, 79), (140, 132)], (64, 23, 83, 194))
([(112, 60), (126, 68), (9, 85), (200, 109)], (72, 219, 103, 203))
([(224, 133), (12, 85), (107, 17), (38, 27)], (119, 62, 93, 58))
([(62, 43), (70, 45), (87, 50), (137, 172)], (137, 4, 5, 238))
([(113, 141), (176, 42), (106, 128), (36, 39)], (160, 183, 120, 153))
([(62, 136), (8, 60), (236, 16)], (32, 207, 255, 22))
([(11, 169), (157, 9), (197, 16), (42, 104)], (38, 4, 57, 214))
([(76, 45), (115, 16), (154, 52)], (2, 25, 94, 186))
([(25, 46), (26, 49), (27, 51), (22, 56)], (240, 129, 133, 202))
([(109, 97), (108, 86), (101, 65)], (18, 208, 97, 91))
([(155, 135), (141, 90), (46, 156), (131, 58), (126, 42), (203, 27), (235, 21)], (252, 68, 20, 35))
([(164, 10), (42, 26), (62, 74), (90, 140)], (235, 231, 74, 165))
([(183, 51), (165, 52), (167, 130), (62, 56)], (134, 177, 121, 89))
([(152, 168), (163, 32), (173, 122)], (38, 180, 153, 115))
([(85, 75), (85, 75), (123, 168)], (231, 127, 32, 32))
([(128, 147), (202, 71), (151, 38), (107, 9)], (12, 108, 97, 108))
([(182, 102), (107, 92), (3, 43)], (205, 46, 88, 196))
([(83, 132), (51, 145), (30, 85), (93, 153), (96, 145), (146, 9), (50, 106), (110, 22)], (82, 240, 139, 141))
([(165, 41), (159, 93), (63, 39)], (25, 237, 72, 236))
([(106, 119), (193, 30), (222, 1), (78, 45)], (89, 36, 89, 239))
([(82, 47), (234, 1), (23, 142)], (21, 164, 204, 77))
([(69, 130), (55, 108), (32, 87)], (98, 202, 149, 215))
([(122, 76), (176, 115), (223, 149), (61, 23)], (83, 104, 232, 103))
([(210, 24), (210, 24), (116, 139)], (153, 254, 143, 139))
([(162, 60), (0, 62), (0, 4)], (136, 194, 187, 113))
([(165, 34), (0, 88), (110, 61), (114, 60)], (154, 103, 110, 99))
([(6, 65), (168, 153), (162, 151), (24, 131), (108, 124)], (27, 181, 174, 100))
([(28, 61), (197, 150), (115, 11)], (11, 249, 157, 206))
([(225, 128), (218, 123), (60, 14), (170, 159)], (239, 12, 203, 249))
([(230, 136), (78, 157), (87, 103), (98, 37), (35, 137), (169, 11)], (202, 96, 56, 91))
([(196, 177), (69, 102), (54, 175)], (12, 62, 28, 172))
([(104, 93), (146, 111), (130, 97)], (163, 248, 113, 224))
([(147, 12), (189, 126), (54, 74), (100, 41)], (244, 147, 66, 218))
([(77, 154), (137, 9), (72, 65), (113, 81), (214, 119)], (35, 94, 81, 208))
([(167, 120), (86, 39), (198, 59)], (77, 179, 144, 182))
([(9, 117), (218, 3), (227, 58)], (135, 173, 163, 190))
([(155, 146), (35, 37), (31, 95)], (34, 73, 55, 112))
([(231, 73), (73, 64), (68, 67), (21, 98)], (215, 47, 178, 83))
([(233, 147), (139, 96), (137, 104), (144, 105), (208, 111)], (254, 46, 6, 33))
([(51, 37), (145, 45), (143, 51), (125, 106)], (218, 211, 67, 152))
([(228, 85), (160, 112), (147, 88), (238, 83)], (160, 81, 191, 199))
([(83, 108), (0, 18), (78, 43), (81, 44), (121, 57), (135, 61), (199, 81), (234, 92)], (104, 83, 119, 16))
([(74, 1), (226, 130), (118, 40), (96, 125), (39, 38), (187, 59), (214, 1)], (68, 189, 195, 173))
([(38, 95), (45, 105), (48, 109), (104, 112), (104, 112), (101, 10)], (241, 184, 137, 114))
([(60, 31), (19, 27), (32, 152), (131, 130)], (88, 30, 125, 225))
([(202, 165), (209, 162), (200, 126)], (51, 82, 255, 51))
([(171, 130), (94, 67), (21, 8)], (148, 210, 26, 172))
([(199, 81), (94, 104), (89, 115), (87, 119)], (217, 184, 239, 236))
([(12, 152), (213, 27), (181, 150)], (15, 17, 43, 144))
([(3, 8), (82, 163), (79, 63), (144, 24)], (2, 13, 111, 104))
([(219, 117), (92, 121), (60, 72)], (211, 54, 1, 226))
([(108, 135), (26, 113), (8, 114)], (156, 136, 206, 92))
([(93, 151), (85, 76), (17, 115), (183, 61)], (76, 133, 160, 41))
([(16, 47), (9, 126), (63, 35)], (116, 127, 245, 124))
([(214, 14), (138, 74), (108, 46), (59, 64), (105, 93), (146, 119), (191, 147)], (220, 237, 70, 82))
([(184, 34), (186, 10), (184, 150), (0, 50)], (71, 152, 164, 227))
([(102, 147), (137, 89), (204, 178)], (73, 145, 65, 3))
([(74, 46), (89, 49), (18, 45)], (232, 63, 214, 79))
([(79, 158), (7, 35), (9, 129)], (145, 131, 46, 117))
([(67, 3), (237, 112), (236, 121), (0, 43)], (24, 34, 68, 164))
([(172, 21), (204, 122), (72, 127), (1, 1)], (144, 185, 179, 132))
([(166, 179), (35, 62), (24, 8), (22, 0), (22, 0)], (89, 166, 115, 119))
([(119, 34), (119, 34), (157, 10)], (248, 166, 203, 173))
([(81, 98), (0, 21), (203, 23), (231, 178)], (117, 14, 209, 27))
([(86, 153), (128, 71), (189, 165)], (87, 141, 156, 217))
([(120, 28), (40, 56), (1, 59)], (224, 185, 43, 126))
([(107, 24), (11, 48), (156, 128)], (51, 181, 145, 240))
([(86, 145), (168, 42), (177, 31), (50, 77)], (209, 68, 118, 157))
([(145, 94), (10, 50), (92, 75), (163, 102), (171, 105)], (144, 143, 94, 99))
([(229, 160), (128, 74), (96, 146)], (15, 185, 252, 116))
([(133, 92), (89, 151), (28, 64)], (63, 231, 116, 81))
([(166, 121), (60, 127), (85, 73), (26, 48), (8, 41), (114, 154), (14, 56)], (109, 255, 245, 62))
([(169, 129), (72, 15), (224, 82)], (223, 6, 158, 194))
([(167, 18), (209, 48), (61, 13)], (67, 48, 127, 145))
([(181, 46), (203, 101), (174, 5), (96, 128), (227, 64), (80, 49), (85, 51), (55, 18), (53, 16)], (53, 0, 83, 241))
([(172, 76), (144, 159), (109, 171), (115, 171), (224, 164)], (94, 84, 65, 242))
([(114, 138), (127, 100), (140, 163), (155, 63)], (130, 197, 206, 17))
([(148, 154), (180, 156), (139, 105)], (32, 229, 238, 195))
([(72, 171), (201, 162), (230, 160)], (91, 45, 169, 109))
([(43, 57), (31, 97), (29, 93), (13, 64), (158, 76)], (5, 235, 210, 131))
([(136, 101), (18, 17), (34, 121), (56, 98)], (120, 12, 50, 36))
([(165, 168), (206, 142), (211, 45), (134, 174)], (12, 67, 21, 165))
([(52, 7), (8, 58), (183, 62), (168, 42), (163, 35), (158, 28)], (104, 52, 136, 134))
([(213, 156), (150, 48), (150, 48), (55, 34), (97, 46), (237, 88), (204, 88), (69, 6)], (10, 36, 194, 160))
([(161, 40), (88, 21), (29, 6), (50, 137)], (6, 82, 135, 243))
([(150, 152), (177, 111), (234, 24), (94, 82)], (239, 110, 3, 246))
([(137, 53), (180, 93), (234, 142), (233, 171)], (42, 45, 102, 186))
([(39, 5), (34, 113), (70, 94), (197, 26), (227, 10)], (145, 24, 86, 55))
([(160, 18), (142, 144), (152, 105)], (67, 31, 161, 11))
([(45, 130), (37, 102), (117, 124), (129, 4)], (25, 74, 13, 22))
([(127, 24), (145, 19), (207, 4), (103, 7), (51, 9)], (221, 95, 110, 12))
([(87, 89), (240, 99), (240, 17), (240, 17), (240, 17), (240, 17)], (194, 238, 162, 184))
([(4, 93), (238, 152), (9, 8)], (23, 44, 138, 27))
([(172, 119), (195, 97), (163, 14)], (18, 117, 214, 154))
([(55, 56), (178, 0), (176, 31)], (71, 104, 136, 169))
([(39, 119), (78, 115), (120, 111), (120, 111), (117, 75)], (205, 193, 209, 98))
([(125, 13), (135, 178), (157, 179), (170, 179), (215, 55)], (83, 24, 114, 128))
([(214, 40), (164, 100), (129, 78)], (26, 74, 199, 64))
([(183, 39), (160, 177), (145, 172), (14, 128)], (32, 8, 42, 103))
([(140, 76), (86, 97), (145, 46)], (233, 205, 236, 35))
([(133, 56), (141, 122), (138, 16)], (205, 200, 91, 44))
([(234, 36), (236, 48), (240, 71), (158, 107)], (32, 130, 184, 114))
([(144, 130), (216, 151), (15, 94), (105, 64), (107, 63)], (160, 151, 6, 125))
([(22, 2), (39, 131), (109, 60), (50, 84)], (34, 5, 146, 48))
([(199, 28), (35, 59), (33, 34), (32, 21)], (74, 1, 76, 132))
([(225, 20), (61, 2), (12, 180)], (2, 85, 27, 62))
([(208, 39), (154, 48), (9, 73), (230, 7), (197, 85)], (193, 211, 20, 140))
([(126, 169), (92, 41), (206, 79)], (76, 60, 83, 114))
([(78, 125), (94, 124), (100, 124)], (14, 58, 179, 168))
([(153, 29), (108, 81), (121, 132), (122, 136), (123, 140), (221, 67), (131, 172)], (73, 234, 55, 17))
([(194, 130), (123, 110), (128, 70)], (17, 68, 126, 227))
([(148, 27), (123, 41), (117, 44), (48, 76)], (48, 83, 38, 243))
([(16, 139), (21, 132), (90, 32)], (97, 65, 120, 40))
([(71, 7), (136, 28), (136, 28)], (35, 192, 130, 33))
([(52, 132), (206, 50), (70, 127), (53, 135), (194, 55), (182, 22)], (8, 117, 236, 49))
([(173, 30), (32, 56), (88, 26)], (17, 151, 176, 198))
([(154, 2), (35, 166), (158, 153)], (8, 169, 124, 48))
([(95, 10), (4, 111), (134, 78), (21, 50), (204, 26)], (68, 59, 72, 108))
([(12, 149), (88, 125), (106, 168)], (20, 85, 16, 184))
([(211, 63), (173, 42), (142, 121)], (160, 34, 202, 1))
([(9, 160), (20, 80), (26, 36)], (37, 43, 183, 72))
([(181, 89), (113, 150), (225, 100)], (178, 143, 135, 177))
([(77, 114), (72, 59), (67, 5)], (27, 41, 90, 168))
([(46, 9), (46, 9), (73, 7), (106, 5)], (35, 157, 6, 7))
([(53, 57), (76, 51), (72, 178), (72, 178)], (194, 184, 90, 7))
([(1, 113), (23, 81), (34, 49), (82, 76), (72, 26)], (240, 94, 206, 62))
([(73, 126), (92, 56), (202, 134)], (208, 79, 200, 147))
([(71, 163), (54, 159), (48, 157), (81, 102)], (54, 56, 39, 140))
([(123, 2), (235, 83), (149, 62), (52, 38)], (115, 5, 112, 16))
([(110, 43), (162, 42), (230, 40), (156, 60)], (243, 132, 64, 41))
([(210, 82), (162, 80), (81, 99)], (199, 86, 129, 249))
([(185, 122), (13, 100), (66, 21), (36, 28)], (73, 28, 30, 67))
([(238, 74), (16, 58), (28, 78)], (48, 62, 92, 48))
([(145, 16), (85, 110), (203, 179), (235, 133)], (25, 130, 185, 150))
([(149, 49), (175, 145), (16, 1)], (152, 214, 193, 26))
([(114, 29), (69, 64), (46, 42), (47, 34)], (120, 76, 177, 93))
([(86, 47), (35, 25), (83, 34), (87, 156), (96, 37)], (130, 67, 45, 84))
([(167, 165), (50, 13), (183, 61), (193, 65)], (14, 232, 136, 23))
([(49, 78), (99, 124), (230, 76)], (44, 112, 148, 100))
([(35, 105), (110, 112), (169, 157)], (43, 153, 236, 127))
([(158, 7), (132, 10), (126, 11), (11, 26), (2, 121), (15, 110), (133, 9)], (164, 144, 202, 24))
([(162, 84), (122, 31), (116, 68), (103, 149)], (47, 31, 169, 91))
([(123, 134), (133, 115), (181, 25), (172, 155)], (33, 125, 174, 98))
([(38, 177), (17, 70), (14, 78)], (40, 144, 252, 11))
([(13, 4), (170, 146), (82, 57), (207, 97), (230, 135), (95, 105)], (117, 162, 200, 81))
([(60, 151), (44, 163), (142, 127)], (30, 80, 39, 186))
([(18, 99), (120, 148), (85, 175), (75, 71), (129, 63)], (65, 6, 200, 37))
([(154, 108), (111, 156), (172, 2)], (92, 84, 217, 39))
([(227, 129), (211, 18), (233, 31), (239, 118)], (98, 23, 158, 6))
([(56, 61), (166, 24), (81, 49), (60, 77)], (73, 170, 130, 63))
([(166, 11), (193, 84), (194, 87), (233, 32)], (96, 146, 184, 68))
([(33, 62), (45, 100), (133, 63), (212, 30), (107, 87), (1, 144)], (18, 217, 122, 40))
([(107, 93), (207, 150), (215, 155), (168, 168), (160, 170)], (32, 15, 27, 96))
([(174, 132), (114, 158), (232, 2), (82, 6), (159, 148)], (125, 51, 171, 35))
([(78, 149), (55, 120), (54, 119), (31, 89), (70, 104)], (57, 50, 25, 101))
([(142, 44), (212, 131), (192, 76), (175, 36), (166, 6)], (123, 58, 69, 67))
([(218, 149), (58, 167), (141, 38)], (113, 41, 19, 101))
([(161, 36), (230, 56), (230, 107)], (157, 93, 145, 8))
([(102, 134), (149, 110), (210, 78), (117, 91), (103, 75)], (100, 145, 179, 117))
([(95, 97), (206, 151), (159, 72), (68, 30)], (59, 208, 161, 17))
([(232, 66), (164, 41), (239, 10), (75, 40), (80, 93), (82, 114)], (120, 130, 210, 79))
