([(204, 160), (157, 105), (142, 105), (83, 103), (35, 101), (24, 5)], (102, 173, 59, 152))
([(71, 114), (9, 117), (218, 3), (227, 58), (229, 70)], (135, 127, 163, 228))
([(37, 138), (224, 75), (222, 82)], (82, 119, 233, 138))
([(145, 94), (31, 52), (171, 105)], (144, 143, 3, 11))
([(128, 171), (163, 93), (149, 56)], (246, 183, 194, 78))
([(122, 68), (127, 59), (204, 125)], (38, 225, 153, 247))
([(0, 102), (14, 108), (150, 49)], (231, 243, 114, 61))
([(213, 112), (182, 22), (205, 21), (223, 21), (226, 98), (227, 123), (94, 100), (158, 90), (146, 94), (98, 110)], (34, 99, 208, 175))
([(36, 100), (93, 112), (29, 177)], (19, 205, 142, 132))
([(81, 59), (109, 43), (214, 120), (82, 5)], (247, 163, 127, 154))
([(67, 146), (150, 61), (190, 13)], (93, 109, 3, 144))
([(238, 1), (230, 19), (222, 36), (190, 105), (172, 90), (76, 8), (173, 58), (183, 63)], (109, 153, 56, 218))
([(132, 160), (31, 93), (240, 4)], (172, 110, 200, 178))
([(224, 126), (228, 149), (135, 59), (119, 43), (184, 49), (234, 54)], (2, 40, 221, 35))
([(236, 86), (9, 133), (1, 69), (1, 69)], (1, 237, 117, 168))
([(181, 89), (111, 5), (225, 100)], (178, 143, 135, 170))
([(207, 9), (40, 132), (19, 148), (107, 153), (169, 157)], (43, 76, 236, 122))
([(178, 80), (48, 15), (40, 37), (216, 132), (58, 119)], (17, 201, 82, 215))
([(158, 173), (6, 129), (188, 61), (122, 125)], (231, 29, 92, 140))
([(133, 56), (20, 97), (138, 16)], (205, 200, 91, 44))
([(57, 132), (66, 118), (118, 34)], (98, 122, 50, 148))
([(107, 24), (11, 48), (160, 130)], (90, 181, 31, 143))
([(171, 130), (21, 8), (63, 94)], (109, 210, 26, 172))
([(233, 121), (54, 146), (87, 119), (92, 119), (178, 122), (192, 164), (215, 37)], (68, 80, 249, 20))
([(21, 71), (37, 79), (189, 154), (65, 65)], (241, 184, 137, 114))
([(239, 61), (94, 156), (67, 174), (131, 152)], (244, 46, 149, 165))
([(122, 175), (6, 156), (3, 32)], (200, 137, 137, 27))
([(238, 72), (0, 62), (90, 156), (27, 147)], (103, 18, 187, 171))
([(103, 112), (35, 59), (32, 21)], (107, 1, 76, 166))
([(105, 132), (126, 99), (44, 151)], (152, 20, 140, 198))
([(124, 8), (91, 172), (175, 177)], (31, 108, 20, 161))
([(66, 127), (112, 93), (165, 102)], (156, 136, 222, 138))
([(40, 155), (152, 58), (234, 100)], (103, 74, 94, 23))
([(80, 140), (15, 105), (0, 97)], (223, 247, 211, 232))
([(5, 37), (108, 3), (137, 104)], (18, 158, 224, 244))
([(83, 108), (0, 18), (234, 92)], (104, 83, 177, 209))
([(0, 13), (39, 31), (221, 20)], (26, 181, 174, 188))
([(161, 36), (230, 56), (230, 107), (186, 13)], (157, 93, 235, 71))
([(57, 133), (59, 129), (60, 127), (85, 73), (8, 41), (189, 119), (14, 56)], (109, 156, 245, 62))
([(131, 89), (1, 119), (109, 1)], (196, 204, 159, 250))
([(198, 98), (114, 135), (110, 121), (103, 97), (84, 32), (226, 7)], (255, 148, 169, 213))
([(61, 145), (27, 48), (152, 102)], (22, 178, 237, 188))
([(124, 161), (131, 73), (71, 151), (200, 5)], (37, 226, 39, 154))
([(201, 60), (150, 15), (176, 22), (195, 27)], (18, 208, 201, 225))
([(180, 40), (107, 134), (62, 107), (62, 107)], (118, 181, 67, 145))
([(87, 147), (149, 155), (226, 165), (166, 59)], (253, 145, 21, 18))
([(213, 156), (96, 58), (150, 48), (55, 34), (65, 14), (69, 6)], (10, 36, 194, 67))
([(105, 111), (13, 59), (55, 111)], (48, 211, 92, 245))
([(76, 45), (115, 16), (119, 59)], (48, 150, 94, 44))
([(224, 48), (135, 39), (155, 179)], (252, 168, 200, 240))
([(104, 48), (168, 13), (119, 141)], (197, 145, 54, 65))
([(146, 158), (177, 111), (234, 24), (34, 98)], (239, 110, 3, 246))
([(25, 13), (33, 64), (32, 50), (31, 37)], (69, 249, 115, 91))
([(25, 46), (27, 51), (22, 56)], (240, 129, 133, 157))
([(137, 139), (173, 42), (125, 164)], (160, 34, 202, 249))
([(223, 81), (233, 107), (23, 78), (125, 46), (141, 41)], (12, 129, 79, 195))
([(131, 126), (144, 130), (216, 151), (15, 94), (107, 63), (113, 58), (146, 31)], (160, 151, 6, 29))
([(170, 129), (210, 24), (234, 25)], (153, 254, 191, 196))
([(140, 76), (37, 159), (145, 46), (172, 141)], (210, 205, 237, 35))
([(17, 91), (0, 26), (143, 108), (145, 115), (122, 36)], (191, 11, 108, 172))
([(239, 138), (191, 121), (31, 60)], (193, 148, 225, 235))
([(76, 145), (208, 88), (206, 71)], (89, 183, 219, 116))
([(111, 109), (145, 90), (159, 65), (92, 81)], (137, 247, 47, 239))
([(143, 83), (214, 158), (53, 64)], (196, 6, 143, 41))
([(169, 129), (134, 156), (72, 15), (224, 82)], (214, 6, 158, 175))
([(152, 72), (56, 15), (230, 40), (100, 38), (156, 60)], (243, 132, 64, 41))
([(227, 109), (192, 123), (180, 132)], (243, 163, 18, 54))
([(0, 74), (210, 117), (61, 170)], (81, 215, 148, 189))
([(3, 148), (110, 94), (172, 63), (188, 55), (177, 57), (173, 58), (72, 81)], (210, 144, 207, 62))
([(154, 179), (39, 104), (229, 1)], (25, 252, 191, 39))
([(58, 21), (198, 107), (194, 108), (122, 129)], (215, 29, 162, 146))
([(234, 26), (224, 42), (216, 55), (212, 43), (209, 34), (64, 2), (37, 176), (237, 34)], (246, 139, 93, 30))
([(76, 93), (104, 106), (104, 106), (104, 106), (194, 79)], (204, 108, 97, 130))
([(238, 24), (108, 167), (233, 84), (231, 48)], (199, 188, 5, 223))
([(55, 71), (111, 37), (171, 64), (214, 84)], (190, 152, 15, 113))
([(76, 21), (138, 124), (134, 116)], (58, 154, 250, 151))
([(132, 171), (155, 180), (128, 115)], (113, 140, 91, 221))
([(224, 139), (179, 122), (54, 74), (100, 41)], (244, 162, 173, 45))
([(24, 169), (16, 168), (61, 62), (0, 52)], (122, 55, 228, 63))
([(4, 98), (213, 7), (105, 85)], (7, 68, 235, 114))
([(196, 108), (88, 71), (63, 39)], (255, 237, 72, 236))
([(221, 90), (14, 168), (8, 160)], (172, 1, 72, 220))
([(74, 20), (97, 120), (100, 36)], (24, 95, 7, 168))
([(13, 4), (170, 146), (82, 57), (81, 56), (165, 55), (207, 97), (95, 105)], (206, 162, 200, 74))
([(221, 136), (228, 106), (221, 101), (98, 86), (195, 83)], (103, 23, 86, 98))
([(58, 89), (131, 166), (160, 102), (85, 90), (200, 109), (123, 73)], (141, 98, 103, 190))
([(180, 64), (44, 163), (205, 72)], (30, 116, 39, 118))
([(91, 132), (122, 128), (46, 129)], (202, 68, 45, 228))
([(196, 177), (69, 102), (76, 172), (10, 102), (54, 175)], (12, 84, 28, 172))
([(121, 143), (8, 60), (146, 91)], (32, 207, 255, 167))
([(228, 0), (77, 53), (57, 4), (36, 141)], (168, 253, 97, 154))
([(225, 20), (61, 2), (211, 106), (21, 147)], (1, 85, 27, 62))
([(39, 119), (120, 111), (117, 75)], (205, 193, 209, 98))
([(102, 143), (42, 26), (90, 140)], (235, 38, 74, 165))
([(204, 25), (205, 31), (210, 61), (93, 167)], (234, 180, 6, 227))
([(106, 136), (72, 174), (183, 61)], (76, 250, 49, 41))
([(123, 85), (236, 132), (87, 41)], (200, 66, 135, 93))
([(142, 19), (73, 64), (10, 105), (27, 93)], (215, 47, 178, 82))
([(174, 54), (47, 35), (122, 159)], (148, 240, 64, 181))
([(182, 102), (200, 16), (166, 113)], (156, 46, 88, 33))
([(131, 137), (209, 2), (14, 27)], (208, 62, 93, 58))
([(174, 139), (11, 4), (191, 38)], (48, 118, 41, 181))
([(144, 68), (235, 73), (240, 73), (124, 111), (153, 164), (188, 80)], (133, 76, 16, 76))
([(165, 34), (0, 88), (235, 31)], (250, 83, 110, 162))
([(213, 17), (40, 56), (56, 49)], (224, 185, 43, 126))
([(73, 126), (139, 4), (193, 115), (202, 134)], (208, 79, 200, 142))
([(194, 126), (51, 145), (30, 85), (93, 153), (146, 9), (50, 106), (110, 22), (110, 22)], (82, 240, 139, 116))
([(163, 147), (5, 37), (8, 106), (139, 41)], (223, 239, 204, 98))
([(20, 103), (202, 83), (122, 67), (26, 105)], (18, 201, 138, 168))
([(7, 130), (51, 179), (226, 33)], (0, 42, 122, 75))
([(106, 119), (222, 1), (197, 29), (144, 87)], (89, 36, 89, 239))
([(123, 90), (81, 41), (35, 37), (26, 70)], (34, 38, 55, 203))
([(148, 27), (117, 44), (48, 76)], (48, 83, 38, 243))
([(126, 169), (92, 41), (102, 63)], (76, 60, 83, 221))
([(82, 47), (74, 135), (72, 135), (23, 142)], (191, 164, 204, 11))
([(86, 145), (50, 77), (43, 8)], (209, 68, 107, 157))
([(61, 133), (6, 65), (168, 153), (149, 147), (209, 102)], (27, 181, 174, 100))
([(88, 153), (199, 126), (190, 134), (186, 137)], (11, 249, 104, 5))
([(225, 128), (135, 98), (60, 14), (170, 159)], (132, 12, 203, 70))
([(111, 146), (66, 93), (203, 20)], (183, 48, 252, 225))
([(105, 0), (197, 16), (165, 22), (141, 38), (42, 104)], (38, 4, 57, 214))
([(119, 136), (55, 175), (232, 173), (77, 102), (196, 14), (126, 163)], (197, 255, 140, 188))
([(67, 3), (237, 112), (130, 132), (116, 122), (0, 43)], (24, 34, 68, 164))
([(48, 12), (155, 135), (141, 90), (131, 58), (126, 42), (206, 58), (87, 37)], (77, 108, 20, 35))
([(238, 142), (187, 162), (185, 147), (180, 109), (221, 65)], (203, 185, 64, 67))
([(104, 93), (130, 97), (141, 99)], (156, 248, 113, 224))
([(53, 116), (78, 157), (88, 170), (91, 174), (35, 137), (89, 107), (169, 11)], (202, 198, 56, 222))
([(77, 154), (77, 154), (72, 65), (214, 119)], (35, 94, 81, 75))
([(96, 100), (94, 104), (87, 119)], (134, 184, 176, 201))
([(122, 129), (152, 168), (186, 94)], (38, 200, 132, 62))
([(172, 9), (77, 29), (105, 135)], (221, 137, 90, 17))
([(78, 125), (234, 117), (234, 105), (234, 105)], (14, 90, 179, 32))
([(140, 102), (139, 96), (137, 104), (13, 18), (208, 111), (208, 111), (207, 111), (9, 102), (170, 68)], (254, 46, 6, 33))
([(62, 43), (87, 50), (137, 172), (25, 116)], (137, 4, 5, 238))
([(108, 81), (109, 56), (131, 172)], (73, 234, 55, 2))
([(228, 85), (217, 69), (147, 88), (105, 100), (238, 83)], (160, 81, 164, 199))
([(239, 93), (90, 169), (104, 91)], (227, 94, 132, 83))
([(20, 124), (38, 115), (56, 26), (239, 112)], (73, 145, 65, 184))
([(143, 28), (74, 1), (171, 52), (145, 46), (124, 42), (116, 40), (104, 38), (18, 20), (214, 1)], (68, 189, 195, 173))
([(194, 130), (128, 70), (128, 70)], (17, 210, 48, 227))
([(227, 129), (122, 156), (239, 118)], (98, 23, 22, 6))
([(60, 31), (164, 136), (32, 152), (131, 130), (62, 133)], (12, 30, 125, 225))
([(12, 152), (24, 145), (213, 27), (215, 37)], (15, 17, 43, 144))
([(76, 132), (229, 160), (149, 92), (128, 74), (166, 179)], (207, 185, 252, 116))
([(95, 97), (206, 151), (167, 85), (159, 72), (68, 30)], (43, 208, 161, 17))
([(163, 5), (173, 81), (178, 119), (36, 133)], (125, 47, 91, 112))
([(70, 67), (42, 29), (22, 2), (118, 51), (101, 67), (97, 71), (26, 138)], (34, 5, 146, 48))
([(51, 37), (145, 45), (100, 20), (83, 10)], (153, 211, 211, 176))
([(207, 162), (150, 33), (34, 35)], (130, 76, 206, 17))
([(3, 129), (14, 122), (227, 8)], (146, 161, 49, 124))
([(3, 8), (79, 63), (52, 55), (144, 24)], (2, 13, 111, 104))
([(219, 117), (92, 121), (85, 110), (60, 72)], (211, 54, 1, 191))
([(212, 43), (82, 52), (32, 56), (33, 55), (88, 26), (75, 166)], (25, 205, 176, 74))
([(56, 130), (53, 95), (204, 116), (195, 80)], (154, 154, 70, 231))
([(16, 47), (32, 63), (33, 64), (65, 96), (63, 35)], (140, 123, 245, 124))
([(214, 14), (138, 74), (108, 46), (180, 51), (59, 64), (39, 66), (6, 70)], (220, 237, 169, 82))
([(184, 34), (43, 135), (139, 129), (0, 50)], (71, 70, 112, 227))
([(87, 89), (240, 99), (240, 17)], (194, 117, 162, 184))
([(160, 18), (122, 46), (101, 61), (203, 19)], (177, 31, 56, 101))
([(143, 64), (203, 123), (145, 24), (189, 165)], (87, 141, 156, 61))
([(144, 51), (185, 69), (139, 156)], (232, 63, 159, 79))
([(196, 75), (183, 51), (62, 56)], (165, 226, 121, 195))
([(172, 21), (74, 131), (1, 1)], (144, 224, 179, 132))
([(119, 34), (151, 79), (220, 31)], (248, 166, 161, 173))
([(158, 7), (11, 26), (2, 121), (133, 9)], (164, 144, 154, 24))
([(34, 9), (13, 124), (175, 123)], (130, 237, 26, 132))
([(76, 150), (129, 79), (18, 98)], (141, 51, 19, 186))
([(58, 73), (0, 21), (203, 23), (231, 178)], (167, 14, 209, 27))
([(182, 96), (125, 13), (135, 178), (170, 179), (215, 55)], (83, 17, 114, 178))
([(153, 22), (41, 70), (61, 23)], (83, 104, 232, 99))
([(35, 104), (31, 97), (13, 64), (98, 71), (158, 76)], (5, 146, 210, 131))
([(167, 18), (169, 165), (61, 13)], (67, 48, 122, 203))
([(14, 49), (222, 15), (136, 65), (135, 150), (129, 13)], (24, 183, 229, 220))
([(111, 176), (155, 180), (92, 11), (0, 124)], (84, 100, 220, 14))
([(133, 92), (89, 151), (86, 155), (73, 172), (141, 36)], (63, 231, 116, 81))
([(212, 140), (227, 27), (132, 120)], (197, 179, 107, 15))
([(190, 55), (130, 87), (180, 156), (141, 107), (139, 105)], (32, 229, 93, 195))
([(208, 73), (111, 78), (24, 82)], (199, 86, 129, 249))
([(53, 57), (174, 106), (111, 106), (76, 51), (72, 178)], (194, 202, 90, 59))
([(28, 69), (188, 119), (136, 28)], (35, 192, 130, 132))
([(10, 89), (237, 150), (212, 108), (198, 84), (162, 24)], (232, 180, 150, 138))
([(52, 80), (46, 91), (171, 157), (4, 121)], (150, 63, 200, 163))
([(165, 168), (191, 152), (206, 142), (211, 45), (134, 174)], (12, 67, 21, 173))
([(103, 95), (148, 58), (16, 174), (105, 58)], (28, 157, 115, 88))
([(52, 7), (8, 58), (213, 103), (183, 62), (158, 28)], (104, 52, 168, 134))
([(161, 40), (29, 6), (50, 137)], (6, 82, 135, 107))
([(137, 53), (234, 142), (188, 101)], (42, 45, 102, 212))
([(39, 5), (31, 177), (227, 10)], (145, 24, 86, 10))
([(33, 62), (45, 100), (49, 113), (1, 144)], (18, 217, 122, 34))
([(85, 174), (238, 152), (9, 8)], (23, 44, 138, 27))
([(97, 110), (136, 156), (127, 159), (73, 178)], (218, 94, 101, 140))
([(150, 138), (55, 175), (224, 164)], (94, 84, 65, 242))
([(38, 177), (34, 58), (33, 28), (17, 70), (14, 78)], (40, 172, 252, 119))
([(179, 176), (98, 117), (200, 126)], (38, 82, 255, 114))
([(166, 62), (79, 141), (34, 158), (143, 45)], (200, 94, 66, 226))
([(27, 72), (188, 144), (238, 35)], (229, 109, 132, 110))
([(55, 56), (170, 123), (6, 93)], (141, 42, 136, 23))
([(171, 109), (114, 158), (232, 2), (82, 6), (159, 148), (135, 0)], (125, 51, 171, 35))
([(167, 120), (86, 39), (36, 19)], (77, 59, 144, 238))
([(214, 40), (188, 115), (164, 100), (129, 78)], (26, 230, 199, 141))
([(24, 62), (160, 177), (14, 128)], (32, 8, 42, 131))
([(217, 91), (123, 100), (174, 5), (96, 128), (0, 18), (80, 49), (85, 51), (55, 18), (53, 16)], (53, 0, 83, 229))
([(53, 95), (92, 93), (161, 102)], (174, 9, 169, 84))
([(234, 36), (240, 71), (158, 107)], (32, 130, 184, 114))
([(86, 128), (146, 159), (179, 11)], (195, 20, 187, 207))
([(122, 149), (88, 162), (73, 149), (27, 172), (26, 173), (140, 95)], (166, 187, 92, 212))
([(45, 130), (179, 179), (129, 4)], (25, 255, 26, 22))
([(208, 39), (9, 73), (230, 7), (197, 85)], (193, 211, 20, 140))
([(172, 119), (211, 81), (163, 14)], (18, 117, 214, 162))
([(52, 132), (163, 84), (53, 135), (194, 55), (182, 22)], (8, 117, 234, 49))
([(157, 38), (85, 75), (226, 118)], (231, 0, 62, 32))
([(72, 171), (201, 162), (230, 160), (20, 68)], (91, 53, 169, 232))
([(127, 24), (207, 4), (51, 9)], (221, 142, 110, 12))
([(154, 2), (35, 166), (158, 153), (136, 173)], (8, 169, 124, 123))
([(95, 10), (232, 55), (134, 78), (21, 50), (204, 26)], (68, 59, 72, 108))
([(71, 163), (48, 157), (81, 102)], (165, 56, 39, 140))
([(12, 149), (88, 125), (120, 154)], (20, 85, 65, 94))
([(86, 21), (222, 72), (49, 63)], (95, 214, 45, 40))
([(9, 160), (177, 143), (226, 121), (143, 54)], (37, 43, 183, 116))
([(139, 81), (143, 18), (143, 18)], (65, 82, 242, 165))
([(145, 16), (85, 110), (173, 123), (235, 133)], (25, 130, 185, 150))
([(123, 134), (106, 111), (126, 61)], (33, 217, 174, 98))
([(213, 135), (91, 74), (135, 168)], (250, 119, 14, 38))
([(45, 165), (46, 9), (106, 5)], (111, 157, 6, 7))
([(18, 99), (120, 148), (14, 79), (75, 71), (129, 63)], (65, 6, 200, 186))
([(136, 101), (153, 80), (40, 101)], (120, 12, 50, 19))
([(77, 114), (67, 5), (229, 146)], (27, 41, 90, 168))
([(47, 164), (64, 157), (184, 84), (191, 80), (112, 100)], (88, 36, 174, 107))
([(1, 113), (23, 81), (34, 49), (82, 76), (119, 97), (72, 26)], (240, 94, 206, 144))
([(166, 11), (186, 65), (194, 87), (233, 32)], (96, 146, 184, 68))
([(107, 93), (215, 155), (168, 168), (160, 170)], (118, 35, 27, 96))
([(59, 21), (235, 83), (97, 49), (52, 38)], (115, 5, 112, 16))
([(195, 38), (54, 86), (13, 100), (166, 100), (130, 80), (36, 28)], (127, 28, 30, 67))
([(154, 108), (89, 121), (172, 2)], (92, 84, 217, 36))
([(149, 49), (201, 126), (16, 1)], (182, 218, 248, 26))
([(114, 29), (69, 64), (34, 135), (46, 42), (47, 34)], (61, 76, 177, 93))
([(86, 47), (35, 25), (96, 37)], (130, 67, 45, 84))
([(167, 165), (50, 13), (217, 74)], (14, 232, 136, 23))
([(49, 78), (135, 157), (230, 76)], (44, 174, 148, 158))
([(162, 84), (122, 31), (24, 70)], (47, 31, 169, 91))
([(221, 135), (166, 24), (81, 49), (60, 77)], (73, 170, 130, 63))
([(228, 117), (31, 89), (81, 108)], (57, 135, 25, 101))
([(142, 44), (196, 120), (226, 162), (166, 6)], (197, 58, 69, 67))
([(166, 179), (51, 114), (38, 63), (22, 0)], (89, 166, 128, 119))
([(207, 110), (202, 97), (58, 167), (141, 38)], (173, 41, 19, 101))
([(102, 134), (166, 146), (117, 91), (106, 78), (103, 75)], (100, 145, 179, 169))
([(79, 158), (81, 169), (7, 35), (9, 129)], (160, 131, 16, 117))
([(16, 139), (90, 32), (83, 23)], (97, 65, 120, 239))
([(232, 66), (164, 41), (239, 10), (75, 40), (82, 114)], (120, 60, 210, 79))
([(174, 135), (119, 85), (227, 114)], (199, 200, 227, 49))
