([(65, 163), (26, 173), (4, 150)], (185, 187, 91, 13))
([(111, 94), (1, 119), (1, 119), (109, 1)], (172, 204, 159, 146))
([(58, 74), (110, 125), (196, 43)], (88, 79, 235, 78))
([(164, 10), (129, 15), (42, 26), (238, 0)], (235, 165, 98, 165))
([(239, 136), (74, 77), (179, 119)], (231, 200, 113, 171))
([(62, 43), (39, 56), (10, 72), (70, 45)], (137, 4, 60, 173))
([(89, 151), (80, 138), (28, 64)], (63, 227, 250, 168))
([(238, 142), (240, 95), (214, 130)], (203, 214, 212, 93))
([(188, 144), (203, 111), (163, 68)], (229, 90, 132, 165))
([(159, 95), (170, 84), (185, 130)], (77, 249, 120, 184))
([(208, 0), (67, 119), (139, 41)], (223, 17, 172, 98))
([(154, 179), (39, 104), (3, 23), (5, 57), (229, 1)], (70, 123, 191, 128))
([(171, 124), (143, 13), (34, 15)], (78, 249, 211, 91))
([(168, 46), (124, 82), (145, 125), (158, 85), (161, 76)], (215, 41, 78, 225))
([(33, 28), (29, 84), (24, 155), (108, 3), (115, 27), (137, 104)], (18, 158, 14, 188))
([(105, 20), (67, 134), (74, 6)], (38, 42, 154, 154))
([(77, 20), (51, 39), (39, 48)], (112, 11, 120, 162))
([(133, 173), (67, 85), (75, 92), (138, 148)], (163, 248, 113, 153))
([(148, 58), (59, 55), (15, 180)], (110, 157, 115, 115))
([(182, 22), (223, 21), (220, 32)], (20, 99, 27, 169))
([(240, 172), (164, 91), (137, 62), (211, 172)], (59, 205, 236, 35))
([(71, 119), (195, 108), (26, 137)], (215, 29, 135, 237))
([(111, 103), (129, 79), (237, 152)], (246, 11, 19, 97))
([(104, 144), (11, 61), (222, 82)], (82, 185, 167, 138))
([(235, 132), (222, 72), (63, 58)], (95, 250, 176, 40))
([(102, 123), (136, 108), (142, 105), (37, 8)], (102, 64, 172, 81))
([(192, 52), (47, 70), (21, 155)], (247, 163, 138, 170))
([(20, 133), (27, 48), (130, 139), (130, 139), (132, 141)], (22, 48, 237, 233))
([(136, 102), (18, 159), (38, 114), (7, 39), (84, 25)], (120, 22, 174, 210))
([(193, 20), (192, 25), (167, 149)], (26, 181, 120, 227))
([(216, 111), (168, 13), (132, 107)], (26, 12, 44, 3))
([(3, 148), (24, 64), (173, 58)], (210, 144, 207, 62))
([(238, 1), (236, 112), (222, 36), (76, 8), (9, 90)], (109, 153, 56, 125))
([(81, 59), (81, 10), (206, 111), (13, 52), (82, 5)], (247, 250, 24, 221))
([(0, 102), (71, 4), (154, 23), (95, 115)], (231, 243, 114, 83))
([(160, 110), (150, 121), (123, 152), (231, 48)], (199, 84, 83, 66))
([(9, 133), (1, 69), (28, 60), (156, 20)], (1, 222, 117, 92))
([(0, 122), (159, 99), (83, 144), (67, 87)], (217, 172, 21, 168))
([(84, 68), (92, 41), (150, 60), (206, 79)], (177, 60, 83, 114))
([(178, 174), (189, 30), (193, 27), (13, 8)], (168, 63, 222, 141))
([(170, 179), (15, 105), (92, 82), (0, 97)], (40, 172, 183, 138))
([(212, 140), (213, 132), (227, 27)], (19, 179, 107, 15))
([(118, 88), (114, 87), (29, 59), (34, 61)], (26, 68, 243, 108))
([(25, 46), (26, 49), (76, 0), (22, 56)], (240, 165, 118, 104))
([(74, 46), (89, 49), (48, 47), (40, 46), (18, 45)], (230, 182, 214, 171))
([(111, 176), (155, 180), (136, 129), (92, 11), (0, 124)], (84, 102, 130, 156))
([(28, 11), (120, 111), (117, 75)], (175, 80, 209, 194))
([(112, 153), (240, 143), (200, 109)], (72, 128, 17, 203))
([(146, 159), (132, 155), (31, 128)], (203, 169, 164, 91))
([(181, 71), (83, 127), (87, 103)], (202, 96, 9, 15))
([(122, 18), (91, 172), (178, 179)], (31, 35, 68, 172))
([(128, 63), (171, 70), (61, 25)], (43, 253, 92, 149))
([(234, 116), (188, 136), (131, 160), (43, 145)], (174, 159, 218, 83))
([(224, 76), (213, 127), (170, 159)], (239, 12, 203, 11))
([(239, 138), (219, 178), (113, 91)], (193, 230, 127, 70))
([(125, 142), (137, 129), (145, 121), (147, 119), (194, 70)], (40, 178, 90, 192))
([(75, 137), (92, 95), (92, 95), (92, 95), (109, 4)], (203, 107, 138, 80))
([(136, 101), (85, 65), (18, 17), (34, 121)], (120, 12, 50, 36))
([(224, 105), (201, 162), (230, 160)], (91, 45, 150, 3))
([(168, 49), (140, 34), (122, 97)], (0, 238, 57, 106))
([(30, 85), (146, 9), (220, 94), (50, 106), (110, 22)], (82, 251, 139, 77))
([(183, 39), (160, 177), (150, 174), (14, 128)], (32, 8, 42, 103))
([(188, 65), (233, 173), (32, 178)], (125, 65, 91, 112))
([(49, 86), (49, 86), (46, 91), (46, 91)], (100, 213, 7, 83))
([(127, 100), (140, 163), (140, 163)], (130, 29, 248, 67))
([(30, 176), (55, 98), (29, 177)], (19, 60, 142, 75))
([(174, 139), (11, 4), (106, 22), (150, 30), (191, 38)], (48, 43, 41, 243))
([(145, 2), (68, 3), (46, 4), (29, 4), (4, 4), (27, 58)], (241, 6, 143, 41))
([(234, 26), (1, 92), (55, 15), (64, 2)], (246, 139, 239, 38))
([(59, 65), (136, 134), (98, 17)], (68, 223, 219, 177))
([(98, 14), (237, 18), (144, 35)], (81, 215, 148, 241))
([(183, 51), (137, 177), (165, 52), (205, 9)], (141, 124, 74, 142))
([(155, 121), (169, 127), (17, 75)], (16, 154, 8, 188))
([(35, 83), (216, 132), (48, 116), (13, 113), (5, 112)], (150, 228, 82, 230))
([(153, 158), (181, 94), (222, 1), (78, 45)], (89, 36, 117, 239))
([(198, 98), (209, 107), (233, 127), (230, 119), (229, 117), (193, 30), (226, 7)], (145, 148, 169, 241))
([(178, 53), (115, 74), (103, 149)], (47, 31, 169, 91))
([(25, 145), (86, 39), (159, 45)], (70, 179, 144, 222))
([(169, 24), (222, 15), (76, 10)], (24, 193, 68, 161))
([(174, 135), (20, 125), (83, 122), (227, 114)], (7, 105, 181, 185))
([(138, 146), (112, 156), (51, 179), (226, 33)], (0, 42, 69, 75))
([(192, 142), (72, 37), (196, 25), (23, 136), (22, 137)], (197, 248, 211, 144))
([(13, 79), (179, 113), (1, 59)], (204, 204, 43, 111))
([(132, 171), (155, 180), (119, 115)], (113, 123, 91, 103))
([(222, 102), (41, 73), (51, 3)], (118, 209, 67, 182))
([(189, 112), (189, 113), (62, 98)], (199, 60, 180, 249))
([(207, 119), (44, 128), (157, 39), (240, 4)], (172, 110, 200, 178))
([(0, 88), (110, 61), (34, 36)], (154, 103, 110, 222))
([(233, 121), (179, 121), (208, 86)], (68, 80, 249, 132))
([(16, 168), (61, 62), (0, 52)], (122, 55, 228, 130))
([(91, 96), (136, 83), (139, 88)], (87, 141, 89, 46))
([(109, 21), (107, 30), (59, 51)], (202, 9, 169, 101))
([(159, 68), (159, 93), (102, 45)], (194, 61, 22, 236))
([(221, 90), (14, 168), (14, 168), (23, 178), (23, 178)], (172, 1, 72, 35))
([(141, 90), (124, 156), (203, 27), (235, 21)], (252, 68, 20, 35))
([(239, 61), (122, 176), (213, 128)], (174, 46, 149, 119))
([(213, 135), (91, 133), (135, 168)], (123, 247, 14, 38))
([(239, 149), (174, 144), (116, 140), (197, 64), (194, 64), (158, 58)], (246, 183, 194, 78))
([(62, 136), (8, 60), (149, 33), (194, 24), (236, 16)], (32, 207, 89, 52))
([(123, 85), (54, 99), (236, 132), (102, 19)], (200, 66, 135, 184))
([(40, 155), (134, 29), (148, 24), (239, 152)], (42, 148, 94, 23))
([(98, 151), (18, 64), (158, 76)], (5, 235, 210, 131))
([(221, 104), (118, 104), (60, 104), (60, 104)], (39, 244, 81, 240))
([(231, 52), (38, 0), (60, 1), (160, 7), (211, 10)], (133, 76, 16, 76))
([(219, 117), (155, 11), (40, 62)], (211, 54, 1, 218))
([(103, 72), (35, 166), (158, 153)], (8, 169, 124, 48))
([(69, 130), (216, 153), (183, 141)], (155, 202, 122, 215))
([(221, 136), (228, 106), (215, 79), (140, 132)], (59, 23, 35, 194))
([(182, 102), (229, 153), (3, 43)], (230, 46, 88, 196))
([(76, 54), (234, 1), (189, 86)], (151, 164, 204, 77))
([(138, 100), (6, 156), (5, 115), (3, 32)], (200, 221, 186, 32))
([(171, 130), (168, 141), (94, 67), (129, 61), (154, 56), (126, 60), (91, 65), (21, 8)], (148, 210, 26, 187))
([(41, 61), (8, 62), (0, 62), (0, 4)], (136, 194, 233, 113))
([(85, 75), (109, 134), (110, 136), (123, 168)], (231, 127, 71, 74))
([(6, 65), (40, 75), (206, 125), (24, 131)], (27, 181, 174, 100))
([(205, 31), (213, 167), (210, 61), (98, 54)], (58, 74, 6, 132))
([(93, 151), (35, 78), (183, 61)], (76, 72, 160, 182))
([(3, 129), (31, 87), (36, 54), (161, 133)], (146, 177, 232, 124))
([(4, 160), (120, 127), (174, 111), (79, 118)], (20, 84, 16, 184))
([(149, 49), (215, 147), (175, 145), (16, 1)], (152, 214, 193, 26))
([(72, 4), (19, 27), (131, 130)], (14, 30, 166, 225))
([(147, 12), (189, 126), (100, 41)], (244, 147, 66, 218))
([(2, 86), (218, 3), (222, 28), (226, 52)], (135, 173, 163, 190))
([(231, 73), (68, 67), (106, 67)], (215, 145, 7, 151))
([(160, 112), (113, 102), (189, 130), (238, 83)], (160, 81, 191, 199))
([(12, 85), (40, 121), (75, 22)], (119, 204, 93, 58))
([(74, 1), (226, 130), (118, 40), (96, 125), (187, 59), (214, 1)], (68, 68, 195, 173))
([(122, 68), (190, 114), (112, 60)], (237, 90, 165, 110))
([(94, 81), (93, 81), (92, 81), (34, 122)], (82, 23, 111, 239))
([(38, 95), (45, 105), (64, 70), (101, 10)], (241, 252, 15, 237))
([(238, 74), (182, 70), (16, 58), (237, 146)], (48, 62, 92, 175))
([(12, 152), (213, 27), (181, 150)], (15, 17, 43, 144))
([(70, 145), (67, 143), (26, 113), (25, 113), (8, 114)], (176, 136, 198, 62))
([(177, 111), (234, 24), (94, 82)], (204, 28, 3, 246))
([(20, 3), (115, 109), (115, 109), (165, 37)], (226, 80, 147, 49))
([(214, 14), (138, 74), (133, 111), (191, 147)], (220, 237, 147, 221))
([(69, 84), (67, 94), (49, 107)], (148, 147, 28, 116))
([(16, 47), (14, 70), (11, 104), (9, 126), (63, 35)], (116, 127, 245, 124))
([(172, 21), (171, 23), (93, 21), (60, 126), (1, 1)], (144, 185, 179, 132))
([(233, 147), (139, 96), (52, 47), (188, 117), (50, 46), (44, 42), (208, 111)], (254, 46, 0, 204))
([(67, 3), (237, 112), (236, 121), (202, 110), (0, 43)], (24, 58, 68, 164))
([(166, 179), (24, 8), (22, 0), (22, 0)], (125, 213, 115, 119))
([(15, 58), (30, 55), (119, 34), (157, 10)], (248, 166, 148, 173))
([(79, 158), (41, 93), (7, 35), (8, 82), (9, 129)], (145, 131, 75, 117))
([(152, 64), (46, 9), (106, 5)], (35, 157, 6, 9))
([(152, 168), (5, 105), (35, 58), (144, 116)], (33, 50, 153, 115))
([(106, 51), (11, 48), (69, 82)], (51, 181, 145, 135))
([(172, 76), (101, 42), (109, 50), (224, 164)], (94, 12, 65, 206))
([(217, 52), (122, 128), (86, 128)], (202, 128, 45, 228))
([(196, 177), (69, 102), (54, 175)], (12, 62, 28, 172))
([(210, 24), (210, 24), (116, 139)], (211, 254, 143, 93))
([(77, 114), (72, 59), (68, 16), (67, 5)], (27, 41, 72, 250))
([(3, 8), (82, 163), (79, 63), (183, 89)], (2, 13, 111, 104))
([(169, 129), (188, 58), (224, 82)], (191, 6, 158, 194))
([(195, 117), (216, 124), (38, 21)], (2, 21, 58, 35))
([(0, 21), (168, 17), (189, 17), (210, 98), (210, 98), (231, 178)], (88, 109, 209, 27))
([(167, 18), (228, 96), (61, 13)], (67, 48, 127, 143))
([(54, 159), (53, 159), (48, 157), (81, 102)], (54, 17, 39, 140))
([(181, 46), (183, 35), (174, 5), (96, 128), (227, 64)], (53, 0, 83, 241))
([(148, 154), (152, 154), (153, 154), (155, 154), (180, 156), (169, 114), (193, 25)], (32, 94, 238, 195))
([(4, 93), (73, 110), (198, 142), (238, 152), (9, 8)], (23, 44, 171, 27))
([(181, 66), (132, 128), (107, 9)], (12, 108, 97, 210))
([(11, 169), (172, 37), (119, 60), (42, 104)], (38, 49, 57, 129))
([(86, 145), (177, 31), (173, 58)], (24, 68, 118, 157))
([(165, 168), (206, 142), (183, 92), (134, 174)], (11, 67, 21, 165))
([(184, 34), (186, 10), (184, 150), (0, 50)], (71, 152, 164, 234))
([(52, 7), (8, 58), (16, 61), (107, 91)], (104, 70, 136, 134))
([(213, 156), (150, 48), (97, 46), (237, 88), (204, 88), (69, 6)], (27, 36, 194, 125))
([(161, 40), (46, 10), (29, 6), (50, 137)], (6, 82, 135, 243))
([(233, 107), (46, 75), (33, 157)], (12, 16, 16, 195))
([(180, 93), (234, 142), (233, 171), (233, 171)], (42, 45, 102, 186))
([(34, 53), (81, 44), (135, 61)], (74, 190, 227, 2))
([(39, 5), (34, 113), (236, 85), (214, 52), (197, 26), (213, 17), (227, 10)], (145, 24, 86, 55))
([(77, 154), (137, 9), (72, 65), (149, 95)], (35, 94, 76, 208))
([(87, 89), (240, 99), (240, 17)], (194, 238, 162, 184))
([(155, 146), (86, 67), (33, 66), (31, 95)], (34, 73, 55, 232))
([(45, 130), (37, 102), (117, 124)], (25, 48, 13, 188))
([(19, 38), (172, 34), (206, 6)], (18, 89, 97, 91))
([(145, 19), (207, 4), (51, 9)], (221, 95, 110, 12))
([(122, 98), (197, 150), (190, 149), (91, 130)], (11, 249, 157, 206))
([(172, 119), (195, 97), (183, 66)], (18, 117, 214, 154))
([(125, 13), (135, 178), (157, 179), (170, 179), (215, 55)], (83, 24, 114, 128))
([(214, 40), (147, 134), (118, 175), (129, 78)], (26, 74, 89, 64))
([(122, 76), (178, 22), (54, 2), (54, 2), (61, 23)], (83, 104, 232, 103))
([(102, 80), (10, 50), (92, 75), (98, 77), (163, 102)], (144, 143, 94, 99))
([(181, 39), (145, 45), (125, 106), (125, 106)], (218, 211, 67, 201))
([(144, 130), (216, 151), (15, 94), (105, 64)], (160, 169, 6, 125))
([(129, 74), (141, 122), (138, 16)], (205, 200, 91, 245))
([(40, 106), (94, 104), (123, 47)], (219, 50, 226, 65))
([(166, 29), (217, 93), (151, 89), (196, 14)], (91, 255, 140, 17))
([(102, 147), (26, 43), (11, 22), (184, 162), (200, 40)], (61, 145, 225, 3))
([(68, 128), (115, 138), (142, 144), (152, 105)], (67, 31, 108, 233))
([(199, 28), (35, 59), (32, 21)], (74, 1, 76, 110))
([(234, 36), (236, 48), (240, 71), (158, 107)], (32, 130, 184, 114))
([(225, 20), (61, 2), (12, 180)], (2, 85, 27, 62))
([(208, 39), (154, 48), (9, 73), (230, 7), (197, 85)], (193, 211, 20, 140))
([(194, 130), (123, 110), (187, 31)], (17, 67, 126, 227))
([(16, 139), (21, 132), (50, 34)], (97, 65, 91, 40))
([(234, 110), (221, 154), (192, 134)], (251, 154, 135, 48))
([(76, 45), (76, 45), (154, 52)], (2, 165, 94, 110))
([(162, 42), (230, 40), (52, 96)], (180, 132, 38, 41))
([(71, 7), (185, 107), (162, 141), (146, 165)], (35, 42, 163, 33))
([(76, 135), (183, 62), (206, 50), (137, 159), (53, 135), (194, 55), (236, 68)], (8, 42, 236, 49))
([(120, 49), (120, 17), (120, 17), (96, 146)], (15, 153, 252, 68))
([(173, 30), (32, 56), (88, 26)], (17, 151, 176, 182))
([(53, 57), (142, 42), (74, 115), (74, 115), (72, 178), (72, 178)], (175, 43, 90, 7))
([(148, 27), (123, 41), (121, 42), (117, 44), (48, 76)], (48, 50, 38, 243))
([(211, 63), (180, 46), (173, 42), (142, 121)], (173, 34, 136, 1))
([(9, 160), (20, 80), (26, 36)], (37, 101, 30, 72))
([(69, 118), (132, 56), (67, 111), (70, 110), (80, 105)], (212, 210, 27, 234))
([(35, 105), (110, 112), (166, 155), (169, 157)], (43, 153, 236, 90))
([(73, 126), (92, 56), (196, 130)], (208, 79, 200, 147))
([(181, 89), (113, 150), (225, 100)], (178, 143, 165, 177))
([(1, 113), (12, 106), (16, 103), (34, 49), (82, 76), (72, 26)], (240, 213, 206, 62))
([(235, 83), (230, 28), (149, 62)], (190, 5, 112, 16))
([(47, 104), (13, 100), (79, 165), (45, 57), (36, 28)], (73, 28, 30, 67))
([(145, 16), (85, 110), (203, 179), (235, 133)], (25, 130, 185, 150))
([(98, 31), (121, 132), (10, 72), (221, 67), (131, 172)], (73, 234, 121, 17))
([(166, 121), (60, 127), (70, 105), (85, 73), (8, 41), (14, 56)], (132, 255, 245, 62))
([(114, 29), (88, 49), (72, 62), (69, 64), (47, 34)], (120, 134, 177, 148))
([(73, 54), (35, 25), (63, 30), (83, 34), (96, 37)], (130, 113, 45, 84))
([(50, 13), (72, 146), (191, 158)], (14, 232, 136, 23))
([(78, 125), (95, 124), (100, 124)], (14, 58, 179, 168))
([(107, 93), (207, 150), (215, 155), (168, 168)], (32, 15, 27, 81))
([(95, 10), (4, 111), (134, 78), (87, 66), (91, 65), (204, 26)], (68, 59, 72, 108))
([(49, 78), (67, 95), (99, 124), (111, 120), (230, 76)], (127, 112, 148, 100))
([(161, 36), (170, 39), (224, 54), (230, 56), (230, 107), (230, 107)], (157, 93, 145, 8))
([(123, 134), (210, 79), (181, 25), (172, 155)], (33, 125, 174, 98))
([(126, 11), (11, 26), (2, 121), (82, 1), (85, 1), (100, 4), (133, 9)], (164, 144, 190, 24))
([(60, 151), (44, 163), (142, 127)], (18, 61, 39, 186))
([(38, 177), (17, 70), (14, 78)], (40, 144, 252, 17))
([(22, 2), (22, 2), (39, 131), (109, 60), (64, 78)], (21, 5, 146, 48))
([(13, 4), (82, 57), (207, 97), (230, 135), (95, 105)], (117, 162, 200, 81))
([(18, 99), (31, 105), (31, 105), (120, 148), (85, 175), (75, 71), (45, 100)], (65, 31, 200, 3))
([(227, 129), (211, 132), (175, 139), (233, 31), (239, 118)], (98, 5, 158, 6))
([(10, 89), (237, 150), (232, 142), (222, 31), (219, 120), (198, 84)], (232, 180, 47, 16))
([(208, 58), (187, 41), (144, 144), (60, 77)], (67, 170, 130, 63))
([(166, 11), (194, 87), (233, 32)], (96, 146, 184, 68))
([(33, 62), (37, 75), (45, 100), (110, 73), (133, 63), (212, 30), (107, 87), (1, 144)], (106, 217, 247, 40))
([(174, 132), (114, 158), (232, 2), (82, 6), (159, 148)], (125, 72, 171, 35))
([(154, 108), (154, 108), (153, 126), (111, 156), (86, 147)], (19, 84, 245, 39))
([(12, 67), (125, 97), (180, 104), (98, 56), (95, 54)], (56, 20, 125, 70))
([(142, 44), (162, 69), (211, 130), (212, 131), (192, 76), (175, 36), (166, 6)], (143, 58, 69, 67))
([(154, 95), (110, 167), (200, 126)], (51, 82, 255, 51))
([(218, 149), (63, 166), (58, 167), (141, 38)], (107, 41, 19, 101))
([(102, 134), (149, 110), (210, 78), (117, 91), (103, 75)], (100, 145, 179, 117))
([(206, 151), (192, 127), (159, 72), (68, 30)], (59, 148, 161, 65))
([(78, 149), (60, 126), (55, 120), (55, 120), (54, 119), (31, 89), (70, 104)], (57, 40, 25, 114))
([(232, 66), (164, 41), (182, 34), (239, 10), (75, 40), (80, 93), (80, 93), (82, 114)], (117, 130, 210, 79))
([(55, 56), (178, 0), (183, 77)], (71, 104, 136, 169))
