([(3, 8), (197, 100), (52, 55), (74, 100), (144, 24)], (2, 13, 111, 104))
([(85, 174), (238, 152), (7, 65)], (23, 44, 138, 27))
([(36, 100), (127, 60), (93, 112), (29, 177)], (19, 205, 142, 132))
([(26, 166), (91, 83), (27, 161), (228, 138)], (48, 150, 94, 110))
([(39, 5), (100, 138), (34, 160), (227, 10), (97, 120)], (145, 24, 86, 10))
([(70, 67), (22, 2), (118, 51), (26, 138)], (34, 5, 146, 48))
([(212, 170), (150, 61), (190, 13)], (93, 109, 3, 144))
([(238, 1), (35, 92), (76, 8), (183, 63)], (109, 153, 56, 157))
([(161, 36), (230, 56), (230, 107), (186, 13)], (157, 208, 235, 71))
([(50, 145), (42, 91), (234, 54)], (2, 40, 221, 35))
([(207, 9), (19, 148), (92, 157), (169, 157)], (43, 76, 255, 122))
([(112, 160), (140, 75), (29, 6), (164, 110)], (6, 82, 135, 107))
([(213, 112), (182, 22), (223, 21), (227, 123), (94, 100), (158, 90), (98, 110)], (145, 99, 208, 183))
([(153, 22), (208, 86), (193, 170), (37, 33), (95, 9)], (83, 104, 232, 158))
([(178, 80), (48, 15), (40, 37), (216, 132), (58, 119)], (17, 201, 82, 215))
([(142, 44), (206, 87), (166, 6)], (197, 58, 69, 46))
([(61, 133), (201, 126), (110, 56), (19, 18)], (182, 218, 248, 26))
([(4, 98), (213, 7), (105, 85), (124, 93)], (7, 68, 248, 114))
([(77, 154), (69, 12), (214, 119)], (107, 119, 56, 75))
([(107, 24), (11, 48), (160, 130)], (90, 181, 31, 143))
([(171, 130), (21, 8), (63, 94), (163, 122), (205, 44)], (109, 210, 26, 59))
([(221, 136), (228, 106), (195, 83)], (103, 23, 86, 98))
([(49, 29), (224, 75), (71, 84), (222, 82), (210, 35)], (153, 119, 233, 219))
([(180, 40), (47, 165), (8, 120)], (118, 181, 67, 145))
([(102, 143), (90, 140), (193, 115)], (222, 48, 74, 146))
([(167, 120), (86, 39), (36, 19)], (77, 59, 144, 238))
([(40, 100), (67, 174), (131, 152), (58, 62)], (244, 46, 217, 255))
([(76, 145), (208, 88), (175, 100), (198, 3)], (122, 183, 219, 116))
([(53, 95), (92, 93), (161, 102), (184, 84)], (226, 9, 169, 84))
([(45, 130), (179, 179), (109, 8), (103, 28)], (25, 255, 26, 22))
([(189, 67), (103, 112), (205, 80)], (107, 1, 204, 166))
([(233, 121), (2, 102), (87, 119), (178, 122), (192, 164), (215, 37)], (68, 80, 249, 20))
([(212, 27), (124, 8), (91, 172), (175, 177)], (31, 206, 20, 161))
([(166, 10), (166, 146), (103, 75)], (100, 145, 179, 169))
([(66, 127), (198, 167), (176, 175)], (156, 136, 122, 138))
([(80, 140), (0, 97), (86, 33)], (223, 247, 211, 232))
([(220, 127), (42, 162), (137, 104)], (145, 158, 224, 244))
([(207, 162), (150, 33), (34, 35)], (130, 76, 206, 100))
([(192, 91), (0, 18), (234, 92)], (104, 83, 177, 95))
([(209, 126), (0, 88), (235, 31)], (102, 83, 110, 162))
([(62, 31), (76, 172), (157, 151), (54, 175)], (12, 123, 28, 44))
([(167, 4), (239, 138), (191, 121), (195, 17), (211, 114)], (193, 148, 225, 235))
([(198, 98), (114, 135), (84, 32), (221, 30), (226, 7)], (255, 148, 169, 239))
([(61, 145), (140, 179), (71, 147), (202, 98), (169, 157)], (22, 178, 237, 188))
([(24, 62), (160, 177), (174, 27)], (32, 8, 42, 131))
([(151, 115), (150, 15), (49, 99), (195, 27)], (20, 238, 201, 225))
([(91, 155), (57, 120), (87, 147), (226, 165), (166, 59)], (253, 145, 21, 18))
([(213, 156), (96, 58), (55, 161), (150, 48), (55, 34), (69, 6)], (242, 36, 194, 67))
([(221, 135), (166, 24), (81, 49), (50, 90)], (73, 170, 130, 63))
([(100, 125), (234, 142), (188, 101)], (39, 45, 102, 212))
([(196, 108), (88, 71), (23, 131)], (255, 237, 72, 44))
([(40, 81), (104, 106), (194, 79)], (204, 108, 97, 239))
([(104, 48), (168, 13), (167, 132)], (197, 145, 54, 235))
([(219, 117), (92, 121), (25, 162), (60, 72)], (211, 54, 1, 191))
([(44, 64), (146, 158), (234, 24), (34, 98)], (239, 110, 3, 246))
([(92, 157), (180, 16), (192, 140), (56, 72)], (48, 118, 41, 181))
([(228, 117), (31, 89), (81, 108)], (57, 135, 25, 101))
([(56, 12), (223, 81), (233, 107), (23, 78), (141, 41)], (98, 129, 82, 195))
([(77, 114), (67, 5), (229, 146), (18, 25)], (27, 41, 90, 168))
([(172, 119), (42, 40), (211, 81), (163, 14)], (18, 117, 214, 162))
([(234, 26), (216, 55), (209, 34), (64, 2), (37, 176), (237, 34)], (246, 139, 93, 30))
([(9, 112), (15, 17), (234, 25), (211, 177)], (153, 254, 64, 196))
([(169, 129), (74, 62), (101, 153), (224, 82)], (214, 18, 158, 175))
([(213, 135), (91, 74), (135, 168)], (250, 119, 25, 50))
([(123, 85), (203, 129), (87, 41)], (200, 66, 214, 93))
([(143, 83), (214, 158), (53, 64)], (196, 6, 143, 47))
([(169, 173), (211, 165), (65, 65)], (241, 184, 183, 114))
([(49, 63), (72, 48), (52, 12), (120, 41), (122, 128)], (202, 68, 45, 228))
([(3, 148), (188, 55), (72, 81), (76, 124)], (210, 144, 207, 131))
([(111, 109), (0, 174), (159, 65), (120, 19)], (172, 247, 47, 93))
([(154, 179), (39, 104), (39, 176), (229, 1)], (25, 252, 140, 203))
([(136, 101), (206, 14), (40, 101)], (120, 12, 37, 97))
([(133, 56), (222, 22), (11, 103), (138, 16)], (205, 200, 91, 44))
([(50, 57), (167, 131), (75, 103)], (196, 8, 159, 250))
([(238, 24), (108, 167), (127, 76), (233, 84), (231, 48), (43, 132)], (199, 188, 5, 223))
([(4, 103), (109, 43), (214, 120), (82, 5)], (247, 163, 127, 221))
([(31, 28), (74, 131), (22, 44), (197, 11)], (67, 224, 179, 0))
([(103, 95), (158, 49), (16, 174), (105, 58)], (28, 157, 115, 88))
([(76, 21), (138, 124), (58, 175), (220, 110), (192, 87)], (77, 154, 17, 203))
([(214, 14), (138, 74), (108, 46), (180, 51), (6, 70)], (220, 237, 39, 82))
([(145, 16), (182, 95), (235, 133)], (25, 130, 185, 58))
([(184, 152), (194, 55), (182, 22)], (8, 117, 234, 109))
([(24, 169), (16, 168), (61, 62), (0, 52)], (207, 55, 228, 174))
([(190, 25), (110, 64), (128, 70)], (16, 210, 48, 227))
([(147, 132), (120, 160), (14, 168), (21, 132)], (172, 46, 207, 220))
([(74, 20), (97, 120), (100, 36)], (24, 95, 7, 168))
([(110, 100), (170, 146), (81, 56), (165, 55), (188, 131), (207, 97), (95, 105)], (206, 162, 200, 74))
([(58, 89), (131, 166), (147, 173), (45, 107), (123, 73)], (141, 98, 103, 202))
([(65, 29), (196, 180), (79, 179), (167, 30), (20, 115)], (244, 183, 194, 177))
([(35, 104), (112, 166), (205, 24)], (5, 146, 210, 64))
([(17, 91), (143, 108), (159, 161)], (191, 11, 108, 172))
([(145, 94), (31, 52), (171, 105), (79, 43), (111, 7)], (144, 143, 3, 11))
([(138, 133), (105, 111), (53, 99), (81, 74), (195, 126), (55, 111)], (227, 25, 102, 245))
([(132, 171), (155, 180), (128, 115)], (215, 140, 91, 221))
([(184, 5), (16, 47), (65, 96), (98, 161), (63, 35)], (140, 123, 245, 16))
([(204, 25), (210, 61), (93, 167)], (187, 180, 6, 227))
([(154, 108), (235, 121), (34, 27)], (9, 84, 193, 247))
([(20, 162), (54, 74), (100, 41)], (244, 162, 164, 236))
([(66, 117), (127, 110), (57, 32), (117, 75)], (205, 58, 209, 149))
([(107, 96), (210, 13), (215, 37)], (254, 17, 43, 144))
([(143, 28), (144, 61), (171, 52), (18, 20), (52, 68)], (68, 189, 195, 51))
([(0, 102), (81, 85), (239, 10)], (231, 243, 114, 61))
([(142, 19), (239, 112), (186, 167)], (215, 47, 178, 82))
([(225, 20), (197, 127), (211, 106), (221, 14), (21, 147)], (1, 85, 131, 62))
([(130, 148), (86, 47), (35, 25), (108, 70), (230, 110)], (130, 67, 79, 84))
([(131, 137), (163, 35), (14, 27), (156, 76)], (208, 62, 93, 58))
([(57, 22), (132, 103), (54, 33), (210, 117), (61, 170)], (81, 215, 148, 189))
([(121, 143), (15, 134), (146, 91)], (32, 207, 255, 28))
([(114, 29), (151, 69), (69, 64), (47, 34)], (51, 76, 177, 93))
([(184, 34), (43, 135), (139, 129), (0, 50)], (71, 70, 42, 227))
([(42, 118), (163, 147), (5, 37), (208, 11), (8, 106), (139, 41)], (223, 239, 204, 98))
([(57, 133), (85, 73), (8, 41), (189, 119), (14, 56)], (109, 156, 245, 62))
([(123, 90), (224, 80), (81, 41), (35, 37), (26, 70)], (34, 38, 55, 173))
([(55, 56), (170, 123), (236, 147)], (141, 42, 136, 23))
([(196, 6), (33, 62), (49, 113), (1, 144)], (18, 217, 122, 220))
([(60, 28), (17, 59), (8, 16)], (191, 190, 128, 11))
([(203, 27), (72, 174), (183, 61), (25, 117)], (76, 250, 49, 89))
([(86, 145), (155, 7), (43, 8), (29, 108)], (209, 68, 107, 157))
([(111, 132), (6, 65), (168, 153), (106, 132)], (27, 181, 174, 100))
([(72, 171), (230, 160), (20, 68), (91, 126)], (91, 53, 169, 232))
([(196, 134), (183, 31), (158, 58), (99, 65), (125, 164)], (160, 34, 202, 249))
([(131, 114), (156, 18), (137, 105), (11, 49)], (183, 48, 252, 225))
([(225, 128), (142, 78), (56, 36), (60, 14), (170, 159)], (132, 12, 203, 70))
([(194, 126), (51, 145), (30, 85), (93, 153), (146, 9), (50, 106), (110, 22), (217, 126)], (82, 240, 139, 116))
([(105, 0), (197, 16), (165, 22), (122, 19), (42, 104)], (104, 4, 57, 214))
([(182, 147), (141, 33), (130, 132), (0, 43)], (24, 34, 68, 164))
([(154, 2), (229, 87), (136, 173), (215, 118)], (8, 169, 124, 0))
([(48, 12), (155, 135), (126, 42), (206, 58), (87, 37)], (172, 108, 20, 35))
([(238, 142), (142, 52), (121, 8), (94, 139)], (203, 185, 64, 203))
([(46, 14), (230, 40), (100, 38), (156, 60)], (243, 132, 64, 41))
([(140, 76), (37, 159), (145, 46), (172, 141), (91, 76)], (210, 205, 237, 35))
([(132, 160), (165, 136), (191, 116)], (172, 235, 200, 247))
([(200, 96), (118, 0), (216, 151), (15, 94), (83, 62), (146, 31)], (221, 151, 6, 42))
([(122, 129), (209, 64), (186, 94)], (38, 200, 119, 98))
([(27, 72), (188, 144), (238, 35), (96, 64)], (229, 109, 132, 110))
([(59, 21), (235, 83), (52, 38)], (115, 5, 112, 16))
([(78, 125), (234, 117), (234, 105), (64, 12)], (233, 182, 179, 32))
([(140, 102), (139, 96), (137, 104), (13, 18), (19, 6), (9, 102), (170, 68)], (254, 46, 6, 33))
([(158, 7), (193, 69), (2, 121), (133, 9)], (164, 144, 154, 24))
([(196, 75), (234, 110), (183, 51), (62, 56)], (165, 226, 121, 170))
([(239, 93), (101, 107), (104, 91)], (227, 82, 183, 94))
([(20, 124), (203, 36), (56, 26), (239, 112)], (73, 145, 107, 184))
([(71, 114), (118, 69), (218, 3), (229, 70)], (41, 127, 44, 228))
([(227, 129), (122, 156), (121, 36)], (139, 41, 22, 6))
([(60, 31), (172, 167), (164, 136), (32, 152), (131, 130), (38, 98)], (12, 30, 125, 225))
([(215, 66), (118, 34), (128, 80), (88, 15)], (244, 122, 50, 12))
([(163, 5), (178, 119), (36, 133)], (125, 176, 91, 112))
([(53, 116), (78, 157), (91, 174), (35, 137), (89, 107), (169, 11)], (202, 198, 56, 222))
([(45, 43), (145, 45), (83, 10)], (153, 211, 211, 176))
([(76, 132), (229, 160), (128, 74), (166, 179)], (207, 185, 93, 116))
([(49, 92), (131, 73), (62, 121), (200, 5)], (126, 226, 39, 154))
([(56, 130), (53, 95), (204, 116), (195, 80)], (154, 154, 70, 231))
([(52, 153), (228, 85), (105, 100), (238, 83)], (160, 81, 164, 199))
([(41, 92), (32, 56), (88, 26), (228, 119)], (25, 205, 176, 74))
([(113, 172), (51, 179), (36, 81)], (103, 225, 122, 169))
([(126, 169), (92, 41), (102, 63)], (76, 60, 83, 221))
([(143, 64), (150, 59), (145, 24), (189, 165)], (87, 141, 156, 61))
([(164, 106), (226, 126), (139, 156), (40, 60)], (150, 155, 159, 97))
([(227, 109), (192, 123), (180, 132), (37, 100)], (243, 163, 144, 54))
([(215, 92), (141, 99), (56, 142)], (156, 248, 113, 224))
([(172, 9), (77, 29), (105, 135)], (221, 137, 90, 17))
([(88, 153), (199, 126), (186, 137)], (11, 249, 104, 5))
([(133, 92), (73, 172), (141, 36)], (63, 243, 116, 130))
([(58, 73), (214, 14), (0, 21), (203, 23), (126, 137)], (167, 14, 209, 27))
([(182, 96), (148, 9), (74, 56), (106, 177), (170, 179), (215, 55)], (83, 22, 114, 143))
([(181, 89), (83, 136), (225, 100)], (178, 143, 135, 170))
([(157, 38), (85, 75), (226, 118), (16, 142)], (231, 0, 149, 32))
([(111, 176), (155, 180), (72, 123), (0, 124)], (84, 100, 220, 14))
([(27, 47), (215, 155), (160, 170)], (118, 35, 27, 96))
([(86, 155), (167, 18), (169, 165), (79, 23), (229, 10)], (184, 48, 122, 85))
([(40, 155), (139, 22), (234, 100)], (103, 74, 94, 183))
([(20, 119), (162, 84), (122, 31), (44, 122)], (173, 126, 169, 140))
([(14, 49), (222, 15), (136, 65), (135, 150), (232, 6)], (24, 23, 229, 220))
([(87, 89), (47, 63), (102, 32), (240, 17)], (194, 117, 162, 184))
([(158, 173), (196, 167), (188, 61), (191, 21), (122, 125)], (231, 29, 93, 234))
([(58, 156), (64, 169), (6, 2), (27, 51), (162, 103)], (240, 64, 133, 163))
([(95, 55), (208, 73), (24, 82)], (236, 86, 129, 132))
([(148, 27), (138, 1), (48, 76)], (162, 241, 38, 91))
([(53, 57), (63, 178), (111, 106), (76, 51), (209, 68), (79, 56)], (194, 206, 90, 59))
([(28, 69), (140, 113), (39, 127), (145, 136)], (79, 192, 130, 132))
([(160, 106), (144, 86), (226, 121), (143, 54)], (37, 43, 147, 5))
([(200, 125), (237, 150), (162, 24)], (232, 180, 184, 138))
([(165, 168), (206, 142), (154, 129), (134, 174)], (12, 67, 21, 173))
([(122, 175), (6, 156), (85, 28)], (200, 137, 59, 27))
([(148, 136), (40, 56), (56, 49)], (224, 185, 43, 241))
([(180, 64), (31, 163), (44, 163), (212, 68)], (30, 155, 39, 118))
([(137, 125), (42, 156), (9, 133), (107, 42)], (169, 237, 117, 6))
([(195, 38), (13, 100), (166, 100), (113, 167), (36, 28)], (127, 28, 30, 67))
([(174, 54), (47, 35), (122, 159)], (148, 176, 64, 50))
([(52, 7), (147, 35), (213, 103), (158, 28)], (115, 52, 168, 217))
([(232, 66), (164, 41), (239, 10), (75, 40), (82, 114)], (120, 16, 210, 79))
([(58, 21), (198, 107), (122, 129)], (215, 29, 162, 49))
([(106, 119), (48, 151), (144, 87)], (89, 36, 89, 239))
([(97, 110), (48, 60), (15, 35)], (218, 94, 242, 8))
([(150, 138), (209, 146), (224, 164), (159, 116)], (94, 84, 65, 218))
([(38, 177), (237, 91), (14, 78)], (40, 172, 252, 119))
([(47, 164), (199, 78), (112, 100)], (88, 36, 174, 107))
([(138, 68), (196, 104), (200, 126)], (38, 82, 255, 114))
([(238, 72), (30, 55), (224, 69), (27, 147)], (103, 18, 187, 171))
([(119, 34), (151, 79), (227, 26)], (127, 166, 161, 173))
([(166, 62), (155, 114), (94, 136), (28, 160), (210, 102)], (200, 110, 66, 226))
([(214, 40), (179, 104), (188, 115), (129, 78)], (26, 230, 199, 50))
([(25, 13), (33, 64), (22, 37), (31, 37)], (69, 249, 127, 181))
([(217, 91), (86, 104), (37, 52), (96, 128), (0, 18), (85, 51), (53, 16)], (53, 0, 83, 229))
([(234, 36), (240, 71), (73, 19), (158, 107)], (32, 86, 184, 114))
([(224, 48), (118, 37), (155, 179)], (252, 168, 200, 240))
([(204, 160), (157, 105), (35, 101), (9, 98), (230, 38)], (102, 173, 59, 152))
([(45, 165), (46, 9), (106, 5)], (111, 157, 6, 7))
([(52, 80), (46, 91), (171, 157), (4, 121)], (174, 63, 200, 163))
([(109, 73), (207, 4), (51, 9)], (221, 142, 75, 12))
([(95, 97), (206, 151), (159, 72), (50, 158)], (106, 208, 161, 63))
([(208, 39), (160, 173), (129, 18), (197, 85)], (193, 211, 20, 140))
([(95, 10), (232, 55), (134, 78), (21, 50), (204, 26)], (68, 59, 72, 108))
([(119, 136), (55, 175), (232, 173), (77, 102), (196, 14), (126, 163)], (197, 255, 140, 188))
([(144, 68), (240, 73), (118, 113), (188, 80)], (133, 242, 16, 76))
([(71, 163), (164, 46), (7, 82), (81, 102)], (215, 56, 39, 140))
([(87, 161), (184, 7), (44, 151)], (152, 248, 140, 198))
([(12, 149), (88, 125), (78, 42), (225, 74)], (20, 85, 65, 94))
([(171, 109), (232, 2), (63, 6), (135, 0)], (125, 51, 171, 35))
([(88, 20), (109, 56), (131, 172)], (73, 234, 55, 148))
([(191, 53), (222, 72), (70, 126)], (95, 214, 45, 40))
([(37, 108), (143, 166), (143, 18), (21, 76)], (65, 87, 242, 165))
([(151, 173), (106, 111), (126, 61)], (253, 217, 174, 181))
([(189, 90), (97, 46), (203, 162), (177, 132), (132, 120)], (197, 179, 107, 151))
([(76, 150), (129, 79), (68, 23)], (243, 51, 19, 186))
([(49, 78), (135, 157), (230, 76)], (185, 174, 148, 158))
([(164, 167), (111, 37), (214, 84), (22, 124)], (190, 152, 15, 113))
([(18, 99), (120, 148), (14, 79), (129, 63)], (65, 6, 200, 186))
([(207, 110), (202, 97), (58, 167), (141, 38)], (173, 41, 19, 101))
([(182, 102), (200, 16), (166, 113)], (156, 46, 88, 57))
([(1, 113), (23, 81), (34, 49), (119, 97), (72, 26)], (240, 94, 206, 144))
([(166, 11), (194, 87), (233, 32)], (96, 146, 184, 5))
([(20, 107), (167, 165), (108, 142), (161, 78), (166, 98), (217, 74)], (14, 246, 124, 23))
([(73, 83), (202, 83), (71, 77), (109, 105), (129, 47)], (18, 201, 191, 168))
([(166, 179), (51, 114), (22, 0)], (108, 166, 128, 119))
([(122, 149), (88, 162), (73, 149), (26, 173), (140, 95)], (166, 187, 92, 214))
([(166, 102), (96, 100), (87, 119)], (134, 184, 176, 201))
([(122, 68), (214, 68), (127, 59), (204, 125)], (99, 225, 222, 247))
([(16, 166), (3, 129), (121, 57), (227, 8), (30, 105)], (146, 161, 49, 124))
([(8, 142), (86, 128), (146, 159), (160, 49), (179, 11)], (195, 158, 187, 207))
([(193, 123), (160, 18), (154, 125), (203, 19)], (184, 31, 56, 101))
([(0, 13), (222, 118), (7, 179), (221, 20)], (132, 185, 174, 247))
([(157, 86), (81, 169), (7, 35), (182, 38), (9, 129)], (200, 131, 16, 117))
([(16, 139), (90, 32), (83, 23)], (97, 65, 120, 239))
([(73, 126), (146, 142), (73, 117)], (208, 79, 200, 202))
([(62, 43), (157, 39), (87, 152), (137, 172), (25, 116), (85, 141)], (137, 4, 5, 238))
([(190, 55), (130, 87), (180, 156), (145, 145), (179, 32), (36, 101)], (224, 229, 93, 195))
([(34, 9), (27, 142), (9, 178)], (130, 237, 26, 136))
([(174, 135), (119, 85), (227, 114)], (199, 200, 227, 98))
([(228, 0), (169, 16), (7, 21), (36, 141)], (168, 253, 97, 154))
