([(53, 95), (204, 116), (111, 16)], (154, 154, 135, 231))
([(204, 160), (157, 105), (142, 105), (79, 103), (35, 101)], (102, 173, 59, 152))
([(37, 138), (169, 94), (210, 80), (224, 75), (222, 82)], (82, 119, 167, 138))
([(145, 94), (10, 50), (92, 75), (171, 105)], (144, 143, 94, 99))
([(117, 72), (111, 78), (24, 82)], (199, 86, 129, 249))
([(124, 161), (71, 151), (200, 5)], (37, 226, 39, 154))
([(0, 102), (71, 4), (128, 36), (150, 49)], (231, 243, 114, 83))
([(128, 171), (152, 139), (206, 66), (194, 64), (149, 56)], (246, 183, 194, 78))
([(111, 109), (145, 90), (159, 65), (94, 81), (92, 81), (199, 146)], (137, 196, 39, 239))
([(138, 159), (168, 13), (119, 141)], (197, 79, 54, 65))
([(52, 80), (46, 91), (46, 91), (171, 157)], (150, 63, 200, 163))
([(213, 112), (182, 22), (205, 21), (223, 21), (220, 32), (227, 123), (94, 100), (158, 90), (146, 94), (98, 110)], (34, 99, 208, 175))
([(81, 59), (109, 43), (214, 120), (82, 5)], (247, 163, 83, 154))
([(208, 0), (77, 72), (139, 41)], (223, 239, 204, 98))
([(167, 18), (169, 165), (122, 99), (61, 13)], (67, 48, 127, 197))
([(238, 1), (230, 19), (222, 36), (190, 105), (172, 90), (76, 8), (173, 58)], (109, 153, 56, 218))
([(201, 60), (162, 164), (101, 65)], (18, 208, 201, 225))
([(0, 13), (130, 21), (221, 20)], (26, 181, 120, 188))
([(234, 116), (172, 133), (144, 141), (90, 169)], (227, 94, 132, 83))
([(163, 5), (233, 173), (32, 178), (36, 133)], (125, 65, 91, 112))
([(155, 176), (136, 61), (134, 49), (240, 4)], (172, 110, 200, 178))
([(57, 132), (66, 118), (32, 87)], (98, 202, 149, 138))
([(184, 84), (197, 28), (78, 25)], (120, 36, 174, 210))
([(53, 95), (24, 68), (179, 39)], (202, 9, 169, 84))
([(224, 126), (228, 149), (135, 59), (175, 162), (234, 54)], (2, 40, 26, 35))
([(9, 133), (1, 69), (156, 20)], (1, 237, 117, 168))
([(178, 80), (40, 37), (40, 37), (216, 132), (5, 112), (58, 119)], (150, 201, 82, 215))
([(176, 89), (175, 105), (167, 156)], (231, 200, 92, 64))
([(0, 122), (159, 99), (166, 59)], (217, 37, 21, 168))
([(38, 95), (48, 109), (104, 112), (189, 154)], (241, 184, 137, 114))
([(166, 62), (129, 96), (79, 141), (165, 37)], (200, 53, 66, 18))
([(111, 176), (155, 180), (92, 11), (0, 124)], (84, 102, 130, 120))
([(114, 138), (150, 33), (140, 163), (155, 63)], (130, 76, 206, 17))
([(30, 176), (65, 67), (29, 177)], (19, 205, 142, 132))
([(45, 165), (46, 9), (106, 5)], (111, 157, 6, 7))
([(229, 160), (149, 92), (128, 74), (166, 179)], (15, 185, 252, 116))
([(124, 8), (112, 68), (91, 172), (178, 179)], (31, 35, 20, 161))
([(174, 135), (119, 85), (163, 97), (227, 114)], (199, 200, 227, 49))
([(192, 142), (150, 61), (53, 119), (31, 132), (22, 137)], (93, 109, 25, 144))
([(152, 72), (110, 43), (230, 40), (156, 60)], (243, 132, 64, 41))
([(146, 14), (138, 124), (134, 116)], (82, 154, 250, 151))
([(196, 75), (183, 51), (165, 52), (62, 56)], (55, 226, 121, 180))
([(202, 16), (208, 88), (206, 71)], (89, 183, 120, 153))
([(198, 98), (82, 124), (84, 32), (165, 18), (226, 7)], (255, 148, 169, 206))
([(233, 121), (54, 146), (87, 119), (178, 122), (192, 164), (215, 37)], (68, 80, 249, 132))
([(136, 156), (65, 39), (188, 164)], (218, 94, 101, 140))
([(88, 162), (73, 149), (27, 172), (26, 173), (140, 95)], (166, 187, 91, 99))
([(239, 61), (214, 85), (213, 128)], (174, 46, 149, 119))
([(131, 89), (107, 95), (1, 119), (109, 1)], (172, 204, 159, 188))
([(141, 99), (6, 156), (5, 115), (3, 32)], (200, 137, 186, 27))
([(126, 99), (91, 121), (78, 82)], (41, 20, 145, 198))
([(5, 37), (79, 13), (108, 3), (137, 104)], (18, 158, 224, 244))
([(107, 134), (37, 101), (62, 107)], (118, 209, 67, 145))
([(161, 36), (230, 56), (230, 107), (186, 13)], (157, 93, 145, 71))
([(61, 145), (27, 48), (132, 141)], (22, 48, 237, 188))
([(194, 130), (123, 110), (65, 121), (128, 70)], (17, 210, 15, 227))
([(86, 128), (146, 159), (179, 11)], (195, 20, 187, 93))
([(213, 156), (154, 9), (150, 48), (55, 34), (75, 41), (204, 88), (69, 6)], (10, 36, 194, 160))
([(238, 142), (187, 162), (185, 147), (193, 61), (221, 65)], (203, 185, 64, 67))
([(86, 21), (222, 72), (49, 63)], (95, 214, 45, 40))
([(69, 118), (80, 105), (135, 39), (155, 179)], (252, 105, 200, 234))
([(15, 105), (15, 105), (0, 97)], (40, 247, 211, 232))
([(167, 120), (86, 39), (36, 19)], (77, 59, 144, 14))
([(14, 49), (222, 15), (136, 65), (194, 99)], (24, 183, 229, 220))
([(133, 125), (77, 91), (33, 64), (151, 80)], (69, 249, 182, 91))
([(25, 46), (27, 51), (22, 56)], (240, 129, 133, 157))
([(211, 63), (173, 42), (125, 164)], (160, 34, 202, 1))
([(233, 107), (23, 78), (57, 67), (125, 46), (141, 41)], (12, 129, 79, 195))
([(170, 129), (210, 24), (210, 24), (214, 124)], (153, 254, 191, 139))
([(17, 91), (0, 26), (39, 48), (122, 36)], (191, 11, 108, 172))
([(239, 138), (191, 121), (31, 60)], (193, 148, 169, 235))
([(113, 121), (213, 161), (175, 123)], (92, 237, 26, 71))
([(169, 129), (72, 15), (224, 82)], (214, 6, 158, 175))
([(83, 108), (0, 18), (78, 43), (81, 44), (135, 61), (234, 92)], (104, 83, 177, 209))
([(145, 2), (214, 158), (5, 130)], (217, 6, 143, 41))
([(125, 54), (150, 152), (177, 111), (234, 24), (94, 82)], (239, 110, 3, 246))
([(0, 74), (136, 42), (237, 18), (61, 170)], (81, 215, 148, 189))
([(3, 148), (24, 64), (172, 63), (188, 55), (196, 16), (173, 58), (72, 81)], (210, 144, 207, 62))
([(227, 129), (233, 31), (239, 118)], (98, 23, 22, 6))
([(154, 179), (39, 104), (186, 11), (46, 100), (229, 1)], (25, 252, 191, 128))
([(119, 136), (100, 27), (167, 101), (232, 173), (77, 102), (196, 14)], (197, 255, 140, 123))
([(3, 129), (13, 123), (14, 122), (94, 79), (227, 8)], (146, 177, 49, 124))
([(234, 26), (216, 55), (212, 43), (209, 34), (64, 2), (37, 176), (237, 34)], (246, 139, 239, 30))
([(128, 147), (50, 137), (104, 106)], (12, 108, 97, 108))
([(7, 130), (51, 179), (226, 33)], (0, 42, 122, 75))
([(58, 21), (198, 107), (195, 108), (194, 108), (122, 129)], (215, 29, 162, 82))
([(171, 130), (94, 67), (21, 8)], (148, 210, 26, 172))
([(55, 71), (111, 37), (125, 142), (171, 64), (205, 80), (214, 84)], (190, 152, 15, 113))
([(132, 171), (155, 180), (140, 144)], (113, 140, 91, 221))
([(16, 168), (61, 62), (0, 52)], (122, 55, 228, 166))
([(57, 26), (3, 50), (105, 85)], (7, 68, 243, 114))
([(221, 90), (14, 168), (142, 158)], (172, 1, 72, 35))
([(172, 9), (136, 134), (105, 135)], (79, 137, 90, 17))
([(13, 4), (170, 146), (82, 57), (165, 70), (207, 97), (204, 97), (207, 137), (95, 105)], (117, 162, 200, 74))
([(221, 136), (228, 106), (215, 79), (140, 132)], (64, 23, 83, 194))
([(112, 60), (200, 109), (131, 77), (123, 73)], (72, 219, 103, 203))
([(91, 132), (122, 128), (86, 128), (46, 129)], (202, 68, 45, 228))
([(62, 136), (8, 60), (236, 16)], (32, 207, 255, 22))
([(164, 10), (42, 26), (90, 140)], (235, 38, 74, 165))
([(213, 135), (173, 115), (91, 133), (91, 74), (106, 106), (135, 168)], (250, 119, 14, 38))
([(128, 161), (152, 168), (173, 122)], (38, 180, 153, 115))
([(166, 53), (82, 128), (204, 55)], (148, 240, 28, 1))
([(238, 24), (160, 110), (108, 167), (231, 48)], (199, 188, 5, 49))
([(71, 7), (136, 28), (136, 28)], (35, 192, 130, 12))
([(20, 124), (197, 92), (204, 178)], (73, 145, 65, 184))
([(85, 75), (85, 75), (123, 168)], (231, 0, 32, 32))
([(182, 102), (200, 16), (200, 16), (3, 43)], (156, 46, 88, 196))
([(204, 25), (205, 31), (213, 167), (210, 61), (184, 90)], (234, 180, 6, 56))
([(131, 137), (209, 2), (38, 27)], (208, 62, 93, 58))
([(174, 139), (11, 4), (191, 38)], (48, 43, 41, 181))
([(162, 151), (143, 18), (168, 99)], (65, 82, 242, 165))
([(83, 132), (51, 145), (30, 85), (93, 153), (146, 9), (50, 106), (110, 22), (110, 22)], (82, 240, 139, 222))
([(62, 43), (87, 50), (137, 172), (25, 116)], (137, 4, 5, 238))
([(165, 41), (126, 103), (63, 39)], (255, 237, 72, 236))
([(106, 119), (222, 1), (78, 45)], (89, 36, 89, 239))
([(82, 47), (234, 1), (23, 142)], (21, 164, 204, 77))
([(165, 34), (0, 88), (114, 60), (235, 31)], (154, 83, 110, 99))
([(61, 133), (6, 65), (168, 153), (162, 151), (153, 148), (149, 147), (209, 102)], (27, 181, 174, 100))
([(88, 153), (28, 61), (190, 134), (115, 11)], (11, 249, 104, 206))
([(225, 128), (60, 14), (170, 159)], (132, 12, 203, 249))
([(178, 174), (66, 93), (203, 20)], (168, 48, 252, 96))
([(230, 136), (201, 140), (78, 157), (98, 37), (35, 137), (169, 11)], (202, 96, 56, 91))
([(228, 85), (160, 112), (147, 88), (238, 83)], (160, 81, 164, 199))
([(105, 0), (157, 9), (197, 16), (42, 104)], (38, 4, 57, 214))
([(133, 56), (123, 26), (138, 16)], (205, 200, 91, 44))
([(10, 134), (38, 0), (211, 10)], (133, 76, 16, 76))
([(155, 135), (141, 90), (134, 68), (131, 58), (126, 42), (235, 21)], (77, 68, 20, 35))
([(104, 93), (130, 97), (46, 21)], (156, 248, 113, 224))
([(77, 154), (122, 72), (72, 65), (214, 119)], (35, 94, 81, 208))
([(227, 109), (192, 123), (180, 132)], (243, 163, 18, 54))
([(83, 59), (97, 120), (100, 36)], (24, 95, 7, 248))
([(107, 24), (11, 48), (156, 128), (160, 130)], (90, 181, 145, 240))
([(76, 150), (111, 103), (129, 79), (18, 98)], (141, 11, 19, 186))
([(231, 73), (73, 64), (33, 90), (21, 98)], (215, 47, 178, 82))
([(126, 169), (92, 41), (184, 151)], (76, 60, 83, 114))
([(139, 96), (137, 104), (174, 108), (208, 111)], (254, 46, 6, 33))
([(153, 29), (108, 81), (131, 172)], (73, 234, 55, 2))
([(51, 37), (145, 45), (121, 83)], (153, 211, 211, 176))
([(123, 85), (236, 132), (87, 41)], (200, 66, 135, 93))
([(74, 1), (171, 52), (118, 40), (96, 125), (104, 38), (187, 59), (214, 1)], (68, 189, 195, 173))
([(238, 72), (0, 62), (90, 156)], (136, 194, 187, 171))
([(60, 31), (19, 27), (32, 152), (131, 130)], (12, 30, 125, 225))
([(202, 165), (209, 162), (200, 126)], (38, 82, 255, 51))
([(40, 155), (94, 108), (120, 86), (152, 58), (234, 100)], (103, 74, 94, 23))
([(96, 100), (94, 104), (87, 119)], (217, 184, 176, 195))
([(12, 152), (213, 27), (181, 150)], (15, 17, 43, 144))
([(130, 131), (22, 2), (118, 51), (109, 60), (97, 71), (43, 122), (26, 138)], (34, 5, 146, 48))
([(32, 77), (164, 102), (8, 114)], (156, 136, 206, 92))
([(3, 8), (41, 36), (79, 63), (52, 55), (144, 24)], (2, 13, 111, 104))
([(219, 117), (92, 121), (85, 110), (60, 72)], (211, 54, 1, 226))
([(76, 45), (115, 16), (154, 52)], (48, 150, 94, 186))
([(196, 177), (69, 102), (76, 172), (114, 18), (54, 175)], (12, 84, 28, 172))
([(106, 136), (72, 174), (96, 150), (183, 61)], (76, 133, 49, 41))
([(139, 46), (31, 44), (189, 33)], (70, 253, 97, 192))
([(73, 126), (139, 4), (193, 115), (202, 134)], (208, 79, 200, 142))
([(16, 47), (9, 126), (33, 64), (65, 96), (63, 35)], (116, 123, 245, 124))
([(214, 14), (138, 74), (108, 46), (59, 64), (6, 70)], (220, 237, 236, 82))
([(184, 34), (184, 150), (0, 50)], (71, 152, 112, 227))
([(160, 18), (128, 146), (157, 147)], (177, 31, 161, 101))
([(144, 51), (185, 69), (18, 45)], (232, 63, 159, 79))
([(67, 3), (237, 112), (130, 132), (64, 87), (0, 43)], (24, 34, 68, 164))
([(172, 21), (204, 122), (72, 127), (1, 1)], (144, 224, 179, 132))
([(119, 34), (119, 34), (127, 152), (220, 31)], (248, 166, 203, 173))
([(224, 139), (179, 122), (54, 74), (100, 41)], (244, 147, 173, 45))
([(103, 112), (35, 59), (33, 34), (32, 21)], (74, 1, 76, 166))
([(133, 92), (89, 151), (73, 172)], (63, 231, 116, 81))
([(32, 59), (0, 21), (203, 23), (231, 178)], (167, 14, 209, 27))
([(153, 22), (191, 91), (223, 149), (61, 23)], (83, 104, 232, 241))
([(86, 153), (180, 100), (203, 123), (221, 153), (189, 165)], (87, 141, 156, 61))
([(213, 17), (40, 56), (1, 59)], (224, 185, 43, 126))
([(86, 145), (177, 31), (50, 77), (43, 8)], (209, 68, 107, 157))
([(166, 121), (60, 127), (85, 73), (8, 41), (114, 154), (14, 56)], (109, 209, 245, 62))
([(217, 91), (123, 100), (174, 5), (96, 128), (227, 64), (80, 49), (85, 51), (55, 18), (53, 16)], (53, 0, 83, 229))
([(20, 103), (202, 83), (122, 67), (26, 105)], (18, 201, 138, 242))
([(172, 76), (144, 159), (109, 171), (115, 171), (224, 164)], (94, 84, 65, 242))
([(212, 140), (227, 27), (194, 41)], (197, 179, 107, 15))
([(130, 87), (148, 71), (180, 156), (139, 105)], (32, 229, 238, 195))
([(53, 57), (206, 40), (76, 51), (72, 178)], (194, 202, 90, 7))
([(119, 103), (35, 37), (26, 70)], (34, 38, 55, 112))
([(10, 89), (237, 150), (212, 108), (198, 84), (162, 24)], (232, 180, 150, 138))
([(43, 57), (31, 97), (13, 64), (158, 76)], (5, 235, 210, 131))
([(165, 168), (206, 142), (211, 45), (134, 174)], (12, 67, 21, 173))
([(148, 58), (16, 174), (15, 180)], (110, 157, 115, 88))
([(52, 7), (8, 58), (213, 103), (183, 62), (168, 42), (158, 28)], (104, 52, 168, 134))
([(161, 40), (29, 6), (50, 137)], (6, 82, 135, 243))
([(137, 53), (141, 57), (234, 142), (233, 171)], (42, 45, 102, 186))
([(39, 5), (34, 113), (227, 10)], (145, 24, 86, 55))
([(9, 117), (218, 3), (227, 58), (229, 70)], (135, 173, 163, 190))
([(87, 89), (240, 99), (240, 17), (240, 17)], (194, 238, 162, 184))
([(85, 174), (238, 152), (9, 8)], (23, 44, 138, 27))
([(27, 72), (188, 144), (203, 111), (238, 35)], (229, 109, 132, 110))
([(67, 146), (44, 163), (142, 127)], (30, 80, 39, 186))
([(55, 56), (178, 0), (170, 123)], (71, 104, 136, 169))
([(39, 119), (120, 111), (117, 75)], (205, 193, 209, 98))
([(70, 6), (124, 13), (125, 13), (135, 178), (157, 179), (170, 179), (215, 55)], (83, 17, 114, 130))
([(214, 40), (164, 100), (129, 78)], (26, 230, 199, 64))
([(24, 62), (160, 177), (145, 172), (14, 128)], (32, 8, 42, 131))
([(140, 76), (86, 97), (145, 46)], (210, 205, 236, 35))
([(234, 36), (236, 48), (240, 71), (158, 107)], (32, 130, 184, 114))
([(144, 130), (216, 151), (15, 94), (107, 63), (146, 31)], (160, 151, 6, 125))
([(45, 130), (142, 97), (129, 4)], (25, 255, 26, 22))
([(208, 39), (154, 48), (9, 73), (230, 7), (197, 85)], (193, 211, 20, 140))
([(105, 111), (16, 58), (28, 78)], (48, 248, 92, 48))
([(172, 119), (211, 81), (163, 14)], (18, 117, 214, 154))
([(78, 125), (100, 124), (234, 105)], (14, 58, 179, 44))
([(148, 27), (117, 44), (63, 69), (48, 76)], (48, 83, 38, 243))
([(52, 132), (163, 84), (70, 127), (53, 135), (194, 55), (182, 22)], (8, 117, 234, 49))
([(173, 30), (32, 56), (88, 26)], (25, 115, 176, 198))
([(225, 20), (61, 2), (12, 180)], (2, 85, 27, 62))
([(72, 171), (201, 162), (230, 160)], (91, 53, 169, 109))
([(127, 24), (145, 19), (207, 4), (51, 9)], (221, 95, 110, 12))
([(154, 2), (35, 166), (158, 153), (136, 173)], (8, 169, 124, 123))
([(95, 10), (4, 111), (134, 78), (21, 50), (204, 26)], (68, 59, 72, 108))
([(71, 163), (48, 157), (81, 102)], (54, 56, 39, 140))
([(12, 149), (88, 125), (120, 154)], (20, 85, 16, 184))
([(122, 68), (155, 83), (204, 125)], (38, 225, 153, 247))
([(9, 160), (20, 80), (26, 36), (143, 54)], (37, 43, 183, 116))
([(181, 89), (113, 150), (225, 100)], (178, 143, 135, 246))
([(145, 16), (85, 110), (203, 179), (235, 133)], (25, 130, 185, 150))
([(77, 114), (67, 5), (229, 146)], (27, 41, 90, 168))
([(123, 134), (120, 76), (126, 61)], (33, 97, 174, 98))
([(136, 101), (18, 17), (153, 80), (56, 98), (40, 101)], (120, 12, 50, 36))
([(1, 113), (23, 81), (34, 49), (82, 76), (119, 97), (72, 26)], (240, 94, 206, 62))
([(107, 93), (207, 150), (215, 155), (168, 168), (160, 170)], (32, 35, 27, 96))
([(123, 2), (235, 83), (149, 62), (97, 49), (52, 38)], (115, 5, 112, 16))
([(185, 122), (13, 100), (55, 37), (66, 21), (36, 28)], (127, 28, 30, 67))
([(154, 108), (89, 121), (172, 2)], (92, 84, 217, 39))
([(158, 7), (132, 10), (126, 11), (11, 26), (2, 121), (133, 9)], (164, 144, 154, 24))
([(149, 49), (201, 126), (16, 1)], (182, 214, 193, 26))
([(114, 29), (69, 64), (46, 42), (47, 34)], (120, 76, 177, 93))
([(86, 47), (35, 25), (83, 34), (87, 156), (96, 37)], (130, 67, 45, 84))
([(167, 165), (50, 13), (193, 65), (239, 62)], (14, 232, 136, 23))
([(49, 78), (99, 124), (135, 157), (230, 76)], (44, 112, 148, 123))
([(79, 158), (81, 169), (7, 35), (9, 129)], (160, 131, 46, 117))
([(35, 105), (110, 112), (169, 157)], (43, 76, 236, 136))
([(162, 84), (122, 31), (103, 149)], (47, 31, 169, 91))
([(38, 177), (17, 70), (14, 78)], (40, 144, 252, 114))
([(18, 99), (120, 148), (85, 175), (75, 71), (129, 63)], (65, 6, 200, 37))
([(166, 179), (35, 62), (38, 63), (22, 0)], (89, 166, 115, 119))
([(221, 135), (166, 24), (81, 49), (60, 77)], (73, 170, 130, 63))
([(166, 11), (193, 84), (194, 87), (233, 32)], (96, 146, 184, 68))
([(33, 62), (45, 100), (212, 30), (1, 144)], (18, 217, 122, 40))
([(198, 136), (176, 142), (114, 158), (232, 2), (82, 6), (159, 148), (135, 0)], (125, 51, 171, 35))
([(78, 149), (55, 120), (31, 89), (70, 104)], (57, 50, 25, 101))
([(142, 44), (212, 131), (166, 6)], (123, 58, 69, 67))
([(218, 149), (58, 167), (140, 40), (141, 38)], (113, 41, 19, 101))
([(102, 134), (210, 78), (117, 91), (106, 78), (103, 75)], (100, 145, 179, 169))
([(95, 97), (206, 151), (159, 72), (68, 30)], (59, 208, 161, 17))
([(16, 139), (90, 32), (83, 23)], (97, 65, 120, 40))
([(232, 66), (164, 41), (239, 10), (75, 40), (82, 114)], (120, 130, 210, 79))
