([(115, 75), (164, 171), (194, 169)], (202, 159, 9, 79))
([(65, 163), (26, 173), (17, 164), (4, 150)], (185, 187, 98, 32))
([(239, 136), (196, 121), (122, 94), (119, 93), (179, 119)], (231, 200, 131, 177))
([(159, 68), (159, 93), (189, 56)], (178, 61, 215, 47))
([(208, 0), (95, 95), (67, 119), (139, 41)], (223, 17, 172, 132))
([(157, 176), (129, 15), (87, 20), (42, 26), (215, 3), (238, 0)], (68, 165, 102, 125))
([(13, 79), (189, 18), (1, 59)], (137, 204, 43, 91))
([(222, 102), (41, 73), (51, 3)], (118, 209, 67, 114))
([(124, 82), (114, 170), (147, 119), (132, 107)], (215, 41, 198, 190))
([(184, 60), (60, 124), (51, 129)], (135, 145, 128, 38))
([(43, 99), (125, 142), (165, 163), (187, 178), (188, 179)], (75, 156, 114, 108))
([(0, 102), (1, 42), (154, 23)], (231, 243, 114, 83))
([(27, 112), (26, 126), (101, 74), (137, 104)], (18, 158, 18, 188))
([(151, 30), (238, 142), (240, 95), (227, 113), (214, 130)], (203, 214, 212, 93))
([(163, 52), (145, 33), (165, 52)], (0, 124, 223, 55))
([(102, 73), (74, 16), (188, 18)], (235, 249, 73, 5))
([(39, 101), (129, 79), (237, 152)], (122, 66, 19, 215))
([(38, 114), (7, 39), (84, 25)], (158, 22, 67, 210))
([(239, 149), (191, 145), (197, 64)], (218, 204, 194, 78))
([(145, 89), (159, 82), (198, 64), (213, 57)], (180, 46, 114, 95))
([(112, 153), (240, 143), (213, 120)], (72, 128, 17, 203))
([(129, 115), (193, 177), (1, 111)], (54, 144, 207, 60))
([(166, 179), (207, 79), (22, 0)], (41, 189, 102, 197))
([(168, 13), (232, 142), (96, 100)], (26, 12, 44, 147))
([(171, 124), (60, 114), (154, 13)], (215, 249, 134, 44))
([(232, 117), (204, 110), (195, 108), (26, 137)], (247, 29, 135, 246))
([(231, 76), (138, 137), (236, 132), (102, 19)], (200, 66, 221, 186))
([(172, 76), (164, 147), (156, 68)], (94, 12, 65, 40))
([(150, 121), (236, 180), (231, 48)], (199, 85, 117, 66))
([(73, 85), (195, 52), (208, 53)], (145, 30, 169, 197))
([(46, 136), (5, 115), (45, 26)], (113, 178, 142, 7))
([(9, 133), (1, 69), (99, 20), (92, 5), (91, 3)], (213, 222, 111, 92))
([(0, 122), (19, 75), (93, 55), (207, 24)], (217, 172, 152, 197))
([(111, 176), (155, 180), (92, 11), (0, 124)], (84, 102, 74, 156))
([(238, 1), (236, 112), (222, 36), (78, 88), (9, 90)], (109, 101, 192, 125))
([(169, 24), (76, 10), (76, 10)], (24, 186, 75, 43))
([(178, 174), (162, 117), (13, 8)], (168, 25, 222, 141))
([(235, 132), (26, 46), (18, 121)], (202, 250, 176, 40))
([(207, 161), (213, 130), (61, 25)], (123, 209, 114, 204))
([(6, 65), (14, 27), (24, 131)], (27, 167, 174, 100))
([(111, 94), (1, 119), (58, 107)], (247, 204, 159, 146))
([(122, 18), (40, 38), (91, 172), (178, 179)], (31, 35, 68, 172))
([(213, 79), (233, 173), (32, 178)], (125, 65, 91, 96))
([(169, 129), (193, 61), (224, 82)], (191, 186, 180, 167))
([(32, 19), (216, 132), (5, 112)], (150, 176, 82, 224))
([(234, 116), (188, 136), (176, 137)], (195, 159, 218, 225))
([(239, 138), (219, 178), (233, 149)], (162, 230, 18, 70))
([(98, 32), (187, 150), (8, 49), (43, 129)], (15, 1, 163, 228))
([(217, 62), (122, 176), (128, 173), (213, 128)], (174, 88, 149, 170))
([(164, 0), (146, 159), (74, 4)], (203, 169, 9, 52))
([(20, 133), (27, 48), (130, 139)], (166, 103, 237, 204))
([(233, 147), (139, 96), (50, 46)], (93, 35, 0, 71))
([(89, 151), (108, 155), (117, 157), (121, 159)], (4, 74, 231, 168))
([(25, 46), (104, 31), (136, 25), (76, 0), (52, 25), (113, 113)], (240, 172, 245, 104))
([(49, 86), (120, 57), (81, 68), (165, 101), (28, 83)], (178, 6, 205, 12))
([(77, 97), (36, 26), (210, 21)], (101, 199, 70, 154))
([(30, 176), (55, 98), (29, 177)], (19, 142, 142, 75))
([(3, 117), (3, 117), (3, 117), (1, 92), (55, 15)], (144, 139, 90, 38))
([(98, 14), (106, 14), (237, 18), (144, 35)], (205, 67, 148, 254))
([(25, 145), (26, 143), (86, 39), (159, 45)], (83, 36, 227, 120))
([(63, 143), (11, 6), (230, 160)], (10, 180, 130, 3))
([(107, 161), (108, 101), (34, 113), (88, 59), (44, 140), (37, 153), (197, 26), (213, 17)], (145, 30, 86, 225))
([(49, 141), (25, 91), (17, 75)], (182, 18, 8, 200))
([(181, 94), (222, 1), (95, 40), (148, 65)], (89, 48, 117, 239))
([(192, 85), (84, 68), (212, 89)], (177, 76, 83, 174))
([(178, 36), (223, 21), (220, 32)], (152, 99, 152, 169))
([(211, 122), (148, 78), (38, 0), (46, 0), (135, 5), (160, 7)], (133, 173, 221, 76))
([(171, 130), (150, 113), (94, 67), (129, 61), (21, 8)], (214, 179, 26, 187))
([(36, 27), (135, 77), (233, 127), (199, 80), (217, 14), (226, 7)], (145, 148, 169, 241))
([(0, 88), (118, 88), (34, 36)], (154, 103, 110, 193))
([(170, 179), (148, 177), (68, 77), (0, 97)], (40, 172, 182, 138))
([(40, 155), (208, 108), (239, 152)], (71, 229, 144, 29))
([(233, 121), (179, 121), (208, 86), (208, 86)], (0, 80, 218, 241))
([(193, 20), (32, 140), (19, 150), (22, 149), (167, 149)], (204, 181, 128, 228))
([(132, 171), (76, 31), (119, 115)], (227, 123, 91, 225))
([(207, 119), (119, 124), (44, 128), (240, 4)], (172, 202, 200, 144))
([(16, 168), (233, 27), (0, 52)], (69, 81, 208, 130))
([(30, 19), (234, 1), (222, 24)], (69, 164, 204, 49))
([(221, 90), (87, 140), (14, 168), (22, 177), (22, 177), (23, 178), (206, 122)], (172, 1, 131, 35))
([(67, 3), (87, 16), (237, 112), (236, 121), (202, 110), (0, 43)], (24, 58, 68, 53))
([(11, 65), (199, 110), (0, 106)], (82, 185, 167, 138))
([(61, 135), (8, 60), (14, 59), (236, 16)], (112, 207, 89, 52))
([(98, 151), (76, 127), (18, 64), (116, 98)], (5, 235, 239, 249))
([(22, 2), (22, 2), (229, 180), (104, 65), (64, 78)], (201, 177, 146, 48))
([(133, 40), (216, 153), (40, 94)], (155, 202, 122, 150))
([(74, 1), (190, 42), (96, 125), (97, 128), (102, 140), (171, 54), (214, 1)], (68, 68, 195, 132))
([(112, 156), (23, 177), (51, 179), (226, 33)], (0, 42, 72, 75))
([(141, 90), (120, 160), (41, 105)], (252, 133, 20, 35))
([(177, 111), (234, 24), (94, 82)], (166, 103, 3, 246))
([(110, 138), (0, 62), (0, 4)], (136, 194, 233, 113))
([(72, 4), (19, 27), (131, 130)], (14, 30, 158, 102))
([(172, 119), (33, 7), (183, 66)], (199, 217, 214, 253))
([(146, 84), (39, 104), (3, 23), (0, 175), (229, 1)], (70, 123, 169, 128))
([(59, 143), (188, 81), (63, 41)], (237, 90, 252, 248))
([(103, 72), (35, 166), (91, 138), (40, 174)], (8, 169, 124, 48))
([(214, 122), (116, 119), (140, 163), (200, 137)], (97, 237, 248, 220))
([(206, 146), (175, 80), (204, 57)], (47, 108, 169, 177))
([(77, 154), (137, 9), (149, 95)], (163, 209, 171, 208))
([(140, 28), (113, 102), (189, 130), (238, 83)], (160, 34, 219, 199))
([(71, 38), (49, 96), (234, 28)], (195, 72, 160, 88))
([(221, 104), (176, 39), (158, 95), (60, 104)], (39, 244, 245, 240))
([(99, 11), (115, 81), (209, 1)], (81, 107, 69, 80))
([(67, 143), (62, 139), (28, 47), (8, 114)], (176, 240, 198, 62))
([(215, 20), (153, 107), (194, 70)], (40, 133, 55, 192))
([(31, 87), (36, 54), (119, 96), (238, 156)], (111, 177, 146, 194))
([(189, 30), (69, 168), (48, 157), (30, 48)], (54, 17, 39, 249))
([(85, 75), (24, 4), (123, 168)], (231, 127, 168, 74))
([(214, 40), (212, 43), (197, 176), (118, 175)], (122, 74, 89, 46))
([(101, 90), (104, 87), (122, 81), (125, 80)], (213, 80, 89, 172))
([(136, 101), (179, 73), (35, 23), (34, 121)], (120, 12, 84, 228))
([(114, 43), (152, 28), (218, 3), (222, 28)], (144, 173, 163, 190))
([(145, 19), (207, 4), (51, 9)], (136, 133, 166, 54))
([(19, 38), (121, 32), (151, 30), (178, 29), (206, 6)], (18, 89, 97, 91))
([(240, 172), (224, 13), (211, 172)], (59, 205, 236, 35))
([(12, 85), (46, 104), (75, 22)], (119, 204, 93, 243))
([(93, 81), (93, 81), (34, 122)], (78, 23, 41, 239))
([(40, 133), (52, 38), (11, 4), (106, 22)], (77, 43, 18, 233))
([(192, 142), (74, 40), (196, 25), (22, 137)], (159, 248, 211, 150))
([(72, 116), (43, 102), (101, 10)], (241, 252, 15, 237))
([(162, 50), (126, 59), (91, 67)], (0, 206, 71, 34))
([(4, 160), (120, 127), (88, 120), (79, 118)], (20, 84, 34, 202))
([(94, 11), (73, 143), (45, 73), (16, 1)], (165, 214, 193, 26))
([(148, 58), (23, 157), (17, 174), (15, 180)], (115, 146, 115, 115))
([(238, 74), (120, 57), (237, 146)], (48, 57, 91, 160))
([(133, 173), (75, 92), (222, 128)], (22, 133, 216, 153))
([(221, 136), (228, 106), (215, 79), (190, 97)], (59, 23, 47, 56))
([(70, 132), (46, 4), (1, 128), (3, 45), (4, 4)], (140, 215, 143, 23))
([(12, 152), (63, 120), (181, 150)], (15, 17, 43, 238))
([(123, 41), (80, 92), (48, 76)], (48, 206, 100, 248))
([(172, 135), (20, 125), (37, 124), (63, 103)], (7, 80, 181, 121))
([(11, 14), (67, 134), (74, 6)], (116, 42, 154, 154))
([(14, 70), (11, 104), (58, 42), (63, 35)], (111, 127, 245, 124))
([(172, 21), (60, 126), (1, 1)], (144, 185, 179, 132))
([(81, 59), (183, 147), (82, 5)], (247, 250, 24, 221))
([(79, 158), (10, 40), (7, 35), (9, 129)], (145, 131, 75, 113))
([(152, 168), (5, 105), (35, 58)], (16, 50, 153, 115))
([(166, 11), (194, 87), (194, 87), (113, 83)], (96, 22, 183, 174))
([(217, 52), (56, 99), (179, 140)], (202, 128, 45, 236))
([(72, 137), (51, 39), (113, 127)], (122, 169, 105, 158))
([(196, 177), (69, 102), (54, 175)], (12, 62, 28, 172))
([(176, 52), (112, 78), (104, 43), (98, 17)], (68, 30, 219, 177))
([(211, 29), (210, 24), (116, 139)], (211, 57, 143, 191))
([(34, 126), (124, 87), (67, 5)], (27, 36, 72, 250))
([(3, 8), (36, 73), (82, 163), (183, 89)], (2, 13, 86, 104))
([(195, 179), (189, 113), (217, 179)], (128, 68, 180, 72))
([(214, 14), (138, 74), (191, 147)], (254, 237, 147, 221))
([(111, 145), (203, 111), (163, 68)], (229, 184, 86, 145))
([(0, 21), (168, 17), (169, 17), (171, 17), (189, 17), (62, 68), (231, 178)], (88, 79, 209, 27))
([(165, 168), (206, 142), (199, 127), (183, 92), (166, 120), (147, 152), (134, 174)], (11, 67, 21, 165))
([(181, 46), (181, 46), (183, 35), (174, 5), (96, 128), (227, 64)], (53, 0, 71, 241))
([(4, 93), (203, 152), (238, 152), (9, 8)], (83, 58, 192, 46))
([(162, 69), (211, 130), (1, 158), (172, 24), (147, 28)], (55, 58, 69, 44))
([(11, 169), (164, 89), (119, 60)], (48, 49, 124, 135))
([(17, 66), (189, 5), (8, 16)], (24, 68, 118, 157))
([(30, 85), (146, 9), (162, 27), (185, 54), (197, 68), (110, 22)], (141, 251, 39, 180))
([(160, 31), (155, 11), (55, 55)], (211, 59, 1, 218))
([(184, 34), (186, 10), (186, 10), (184, 150), (0, 50)], (71, 152, 164, 234))
([(52, 7), (8, 58), (16, 61), (107, 91)], (104, 70, 136, 134))
([(213, 156), (147, 102), (169, 48), (174, 36)], (65, 11, 155, 120))
([(161, 40), (46, 10), (37, 8), (29, 6), (48, 125), (50, 137)], (6, 82, 135, 243))
([(99, 8), (47, 70), (125, 30)], (181, 163, 138, 170))
([(167, 18), (148, 50), (61, 13)], (54, 48, 127, 223))
([(183, 39), (160, 177), (45, 8)], (4, 16, 42, 133))
([(34, 53), (45, 73), (75, 119)], (88, 190, 137, 58))
([(87, 89), (164, 94), (211, 97), (218, 97), (240, 99), (240, 17)], (194, 238, 162, 176))
([(198, 28), (35, 59), (32, 21), (32, 21)], (74, 1, 76, 110))
([(190, 44), (8, 159), (142, 121)], (173, 0, 54, 15))
([(181, 66), (195, 118), (98, 158)], (12, 91, 97, 210))
([(86, 67), (33, 66), (31, 95)], (34, 73, 16, 232))
([(45, 130), (37, 102), (95, 118), (117, 124)], (25, 48, 13, 188))
([(122, 98), (172, 133), (197, 150), (190, 149), (91, 130)], (91, 249, 157, 206))
([(233, 107), (46, 75), (47, 26), (37, 132), (33, 157)], (12, 16, 16, 195))
([(102, 56), (152, 154), (153, 154), (155, 154), (180, 156), (193, 25)], (32, 94, 238, 195))
([(20, 3), (115, 109), (55, 3)], (226, 80, 147, 49))
([(180, 93), (234, 142), (233, 171)], (42, 45, 102, 186))
([(125, 13), (135, 178), (137, 178), (154, 179), (157, 179), (170, 179), (215, 55)], (83, 24, 48, 128))
([(35, 105), (110, 112), (166, 155), (169, 157)], (43, 153, 236, 78))
([(68, 128), (114, 138), (164, 142), (160, 142), (152, 105)], (67, 31, 108, 167))
([(167, 78), (103, 43), (157, 10)], (248, 213, 148, 205))
([(147, 12), (158, 40), (100, 41)], (244, 160, 66, 218))
([(122, 76), (178, 22), (54, 2), (61, 23)], (83, 104, 232, 103))
([(40, 106), (94, 104), (123, 47)], (219, 50, 225, 115))
([(73, 126), (90, 63), (196, 130)], (208, 133, 200, 147))
([(231, 73), (68, 67), (106, 67)], (212, 145, 7, 151))
([(136, 102), (125, 121), (138, 16)], (217, 200, 187, 245))
([(166, 29), (217, 93), (201, 117)], (110, 255, 140, 17))
([(87, 43), (98, 77), (163, 102)], (144, 143, 77, 99))
([(236, 48), (240, 71), (158, 107)], (32, 130, 184, 114))
([(16, 139), (21, 132), (21, 132), (18, 130), (8, 127)], (92, 65, 91, 115))
([(225, 20), (61, 2), (12, 180)], (6, 49, 27, 62))
([(208, 39), (127, 98), (198, 17), (230, 7), (197, 85)], (193, 211, 20, 140))
([(194, 130), (132, 162), (123, 110), (175, 46), (187, 31)], (17, 62, 126, 217))
([(234, 110), (223, 147), (221, 154), (192, 134)], (251, 154, 135, 48))
([(76, 45), (113, 48), (154, 52)], (176, 158, 94, 132))
([(162, 42), (230, 40), (52, 96)], (174, 132, 38, 60))
([(29, 177), (47, 172), (50, 171), (50, 171), (52, 171), (216, 124), (38, 21)], (2, 21, 11, 35))
([(71, 7), (185, 107), (197, 176), (146, 165)], (35, 42, 163, 80))
([(102, 147), (43, 66), (75, 64)], (98, 149, 225, 60))
([(181, 39), (169, 41), (145, 45), (152, 126), (48, 51), (125, 106)], (253, 211, 92, 201))
([(164, 135), (158, 115), (143, 65), (221, 80)], (230, 182, 206, 105))
([(64, 30), (97, 22), (120, 17), (116, 39), (96, 146)], (15, 153, 252, 51))
([(173, 30), (32, 56), (88, 26)], (17, 122, 176, 182))
([(53, 57), (125, 45), (142, 42), (60, 160), (72, 178), (72, 178)], (127, 43, 90, 33))
([(11, 173), (105, 114), (153, 84), (154, 83), (196, 43)], (88, 184, 127, 9))
([(144, 130), (15, 94), (169, 105), (179, 94)], (160, 169, 172, 129))
([(122, 87), (136, 83), (139, 88)], (87, 141, 89, 202))
([(235, 83), (232, 50), (230, 28), (149, 62)], (190, 5, 4, 16))
([(82, 98), (67, 111), (119, 96)], (212, 210, 27, 234))
([(76, 135), (100, 119), (206, 50), (194, 55), (234, 67), (236, 68)], (8, 56, 138, 100))
([(69, 84), (201, 44), (117, 76), (66, 95), (61, 98)], (99, 147, 219, 92))
([(181, 89), (171, 98), (166, 112), (160, 128), (161, 128), (168, 125), (225, 100)], (178, 143, 165, 177))
([(9, 160), (20, 80), (26, 36)], (37, 82, 140, 32))
([(161, 50), (44, 90), (13, 100), (79, 165), (36, 28)], (71, 28, 30, 75))
([(154, 95), (60, 107), (110, 167), (200, 126)], (51, 82, 255, 51))
([(213, 167), (203, 149), (184, 166)], (58, 74, 6, 132))
([(145, 16), (119, 130), (203, 179), (221, 153), (235, 133)], (25, 130, 185, 52))
([(114, 29), (109, 33), (109, 33), (72, 62), (47, 34)], (120, 134, 177, 73))
([(98, 31), (10, 72), (195, 68), (221, 67), (131, 172)], (152, 234, 121, 20))
([(166, 121), (60, 127), (70, 105), (75, 94), (85, 73), (29, 60), (14, 56)], (132, 255, 232, 62))
([(48, 76), (46, 9), (82, 6), (106, 5)], (35, 149, 6, 9))
([(78, 125), (95, 124), (239, 116), (172, 123)], (15, 58, 179, 78))
([(123, 134), (174, 98), (226, 61), (214, 52), (193, 35), (181, 25), (172, 155)], (33, 125, 187, 98))
([(107, 93), (207, 150), (213, 156), (191, 162), (168, 168)], (32, 15, 32, 81))
([(95, 10), (4, 111), (66, 95), (134, 78), (87, 66), (120, 55), (204, 26)], (68, 59, 72, 108))
([(60, 151), (44, 163), (61, 157), (94, 145)], (18, 61, 39, 59))
([(49, 78), (99, 124), (106, 122), (111, 120), (230, 76)], (127, 136, 148, 100))
([(27, 121), (17, 70), (14, 78)], (34, 144, 252, 17))
([(170, 39), (163, 10), (230, 56), (228, 56), (228, 56), (111, 43)], (157, 93, 206, 8))
([(136, 108), (138, 107), (142, 105), (133, 169)], (72, 178, 172, 74))
([(13, 4), (82, 57), (82, 57), (136, 45), (139, 48), (230, 135), (95, 105)], (117, 162, 200, 50))
([(50, 13), (67, 116), (72, 146), (191, 158)], (77, 232, 136, 23))
([(10, 89), (36, 96), (237, 150), (232, 142), (198, 84)], (232, 252, 47, 16))
([(187, 41), (144, 144), (60, 77)], (67, 170, 130, 63))
([(33, 62), (37, 75), (45, 100), (133, 63), (212, 30), (107, 87), (1, 144)], (106, 217, 247, 40))
([(174, 132), (232, 2), (101, 5), (87, 6), (82, 6), (159, 148)], (125, 72, 171, 35))
([(154, 108), (153, 126), (111, 156), (86, 147)], (19, 36, 245, 39))
([(16, 103), (34, 49), (82, 76), (72, 26)], (240, 213, 206, 62))
([(12, 67), (125, 97), (180, 104), (107, 61), (98, 56), (95, 54), (95, 54)], (56, 20, 125, 70))
([(218, 149), (63, 166), (138, 38)], (78, 41, 19, 101))
([(211, 132), (175, 139), (227, 42), (233, 31), (239, 118)], (98, 5, 158, 6))
([(126, 11), (11, 26), (2, 121), (82, 1), (85, 1)], (98, 191, 190, 24))
([(232, 66), (182, 34), (239, 10), (75, 40), (80, 93), (82, 114)], (117, 130, 210, 79))
([(73, 54), (35, 25), (48, 27), (63, 30), (94, 37), (177, 56), (195, 60)], (125, 113, 106, 104))
([(212, 140), (223, 68), (75, 134), (113, 154)], (19, 179, 205, 15))
([(102, 134), (146, 112), (210, 78), (117, 91), (103, 75)], (100, 140, 179, 117))
([(228, 21), (175, 112), (236, 58)], (108, 12, 152, 11))
([(106, 118), (31, 105), (120, 148), (216, 10), (45, 100)], (121, 227, 200, 3))
([(206, 151), (192, 127), (159, 72), (68, 30)], (72, 148, 197, 65))
([(78, 149), (60, 126), (23, 179), (54, 119), (31, 89), (63, 101), (70, 104)], (42, 40, 25, 156))
([(55, 56), (178, 0), (183, 77)], (71, 104, 136, 169))
