([(77, 154), (69, 12), (214, 119)], (107, 94, 81, 75))
([(49, 29), (224, 75), (222, 82)], (153, 119, 233, 219))
([(213, 112), (182, 22), (223, 21), (226, 98), (227, 123), (94, 100), (158, 90), (146, 94), (98, 110)], (34, 99, 208, 183))
([(36, 100), (127, 60), (93, 112), (29, 177)], (19, 205, 142, 132))
([(39, 5), (100, 138), (34, 160), (227, 10)], (145, 24, 86, 10))
([(212, 170), (150, 61), (190, 13)], (93, 109, 3, 144))
([(204, 160), (157, 105), (35, 101), (24, 5)], (102, 173, 59, 152))
([(238, 1), (222, 36), (190, 105), (172, 90), (76, 8), (173, 58), (183, 63)], (109, 153, 56, 218))
([(132, 160), (182, 99), (191, 116)], (172, 110, 200, 178))
([(50, 145), (112, 53), (113, 52), (119, 43), (173, 48), (234, 54)], (2, 40, 221, 35))
([(207, 9), (40, 132), (19, 148), (169, 157)], (43, 76, 236, 122))
([(178, 80), (115, 48), (48, 15), (40, 37), (216, 132), (58, 119)], (17, 201, 82, 215))
([(182, 102), (200, 16), (166, 113)], (156, 46, 88, 186))
([(158, 173), (6, 129), (188, 61), (191, 21), (122, 125)], (231, 29, 92, 140))
([(227, 109), (192, 123), (180, 132)], (243, 163, 144, 54))
([(105, 145), (201, 126), (16, 1)], (182, 218, 248, 26))
([(4, 98), (213, 7), (206, 12), (105, 85)], (7, 68, 66, 114))
([(57, 132), (118, 34), (128, 80)], (98, 122, 50, 12))
([(107, 24), (11, 48), (160, 130)], (90, 181, 31, 143))
([(171, 130), (21, 8), (63, 94)], (109, 210, 26, 59))
([(233, 121), (2, 102), (87, 119), (92, 119), (178, 122), (192, 164), (215, 37)], (68, 80, 249, 20))
([(221, 136), (228, 106), (221, 101), (28, 27), (195, 83)], (103, 23, 86, 98))
([(180, 40), (47, 165), (8, 120)], (118, 181, 67, 145))
([(21, 71), (37, 79), (189, 154), (211, 165), (65, 65)], (241, 184, 137, 114))
([(180, 64), (191, 91), (44, 163), (205, 72), (212, 68)], (30, 116, 39, 118))
([(239, 61), (67, 174), (131, 152)], (244, 46, 149, 255))
([(183, 31), (158, 58), (125, 164)], (160, 34, 202, 249))
([(53, 95), (92, 93), (161, 102)], (226, 9, 169, 84))
([(103, 112), (80, 94), (35, 59), (205, 80)], (107, 1, 76, 166))
([(158, 7), (193, 69), (2, 121), (133, 9)], (164, 144, 154, 24))
([(124, 8), (91, 172), (175, 177)], (31, 108, 20, 161))
([(181, 89), (111, 5), (225, 100)], (178, 143, 135, 170))
([(239, 138), (191, 121), (31, 60)], (193, 148, 225, 235))
([(40, 155), (139, 22), (234, 100)], (103, 74, 94, 183))
([(166, 10), (166, 146), (117, 91), (103, 75)], (100, 145, 179, 169))
([(66, 127), (212, 19), (44, 139)], (156, 136, 122, 138))
([(80, 140), (15, 105), (0, 97)], (223, 247, 211, 232))
([(5, 37), (108, 3), (137, 104)], (145, 158, 224, 244))
([(207, 162), (150, 33), (34, 35)], (130, 76, 206, 17))
([(192, 91), (0, 18), (234, 92)], (104, 83, 177, 95))
([(0, 13), (94, 57), (221, 20)], (26, 181, 174, 247))
([(161, 36), (230, 56), (230, 107), (186, 13)], (157, 208, 235, 71))
([(131, 89), (167, 131), (109, 1)], (196, 204, 159, 250))
([(198, 98), (114, 135), (110, 121), (84, 32), (226, 7)], (255, 148, 169, 213))
([(61, 145), (27, 48), (111, 132)], (22, 178, 237, 188))
([(151, 115), (150, 15), (176, 22), (195, 27)], (18, 208, 201, 225))
([(87, 147), (226, 165), (166, 59)], (253, 145, 21, 18))
([(213, 156), (96, 58), (150, 48), (55, 34), (69, 6)], (10, 36, 194, 67))
([(105, 111), (53, 99), (81, 74), (195, 126), (55, 111)], (227, 211, 93, 245))
([(196, 108), (88, 71), (23, 131)], (255, 237, 72, 44))
([(148, 27), (117, 44), (48, 76)], (162, 241, 38, 91))
([(91, 83), (115, 16), (119, 59)], (48, 150, 94, 110))
([(224, 48), (118, 37), (155, 179)], (252, 168, 200, 240))
([(160, 18), (122, 46), (119, 48), (101, 61), (203, 19)], (184, 31, 56, 101))
([(104, 48), (168, 13), (119, 141)], (197, 145, 54, 94))
([(146, 158), (234, 24), (34, 98)], (239, 110, 3, 246))
([(25, 13), (33, 64), (31, 37)], (69, 249, 127, 91))
([(64, 169), (6, 2), (25, 46), (27, 51), (162, 103)], (240, 64, 133, 163))
([(71, 114), (118, 69), (218, 3), (227, 58), (229, 70)], (135, 127, 163, 228))
([(124, 161), (131, 73), (62, 121), (200, 5)], (126, 226, 39, 154))
([(180, 16), (11, 4), (191, 38)], (48, 118, 41, 181))
([(56, 12), (223, 81), (233, 107), (23, 78), (125, 46), (141, 41)], (12, 129, 82, 195))
([(234, 26), (224, 42), (216, 55), (212, 43), (209, 34), (64, 2), (37, 176), (237, 34)], (246, 139, 93, 30))
([(170, 129), (210, 24), (234, 25)], (153, 254, 191, 196))
([(213, 135), (91, 74), (135, 168)], (250, 119, 25, 50))
([(111, 109), (77, 143), (159, 65), (92, 81)], (137, 247, 47, 93))
([(143, 83), (214, 158), (53, 64)], (196, 6, 143, 41))
([(46, 14), (56, 15), (230, 40), (100, 38), (156, 60)], (243, 132, 64, 41))
([(122, 68), (127, 59), (204, 125)], (99, 225, 222, 247))
([(91, 132), (122, 128), (122, 128)], (202, 68, 45, 228))
([(142, 44), (226, 162), (166, 6)], (197, 58, 69, 67))
([(3, 148), (188, 55), (173, 58), (72, 81), (76, 124)], (210, 144, 207, 131))
([(219, 117), (92, 121), (60, 72)], (211, 54, 1, 191))
([(154, 179), (39, 104), (229, 1)], (25, 252, 191, 203))
([(169, 129), (76, 63), (72, 15), (224, 82)], (214, 6, 158, 175))
([(133, 56), (11, 103), (138, 16)], (205, 200, 91, 44))
([(238, 24), (108, 167), (233, 84), (231, 48), (43, 132)], (199, 188, 5, 223))
([(164, 167), (111, 37), (214, 84)], (190, 152, 15, 113))
([(4, 103), (109, 43), (214, 120), (82, 5)], (247, 163, 127, 221))
([(103, 95), (158, 49), (148, 58), (16, 174), (105, 58)], (28, 157, 115, 88))
([(132, 171), (155, 180), (128, 115)], (113, 140, 91, 221))
([(24, 169), (16, 168), (61, 62), (0, 52)], (207, 55, 228, 174))
([(221, 90), (14, 168), (8, 160)], (172, 1, 72, 220))
([(74, 20), (97, 120), (100, 36)], (24, 95, 7, 168))
([(110, 100), (170, 146), (81, 56), (116, 56), (165, 55), (207, 97), (95, 105)], (206, 162, 200, 74))
([(58, 89), (131, 166), (147, 173), (45, 107), (85, 90), (85, 90), (123, 73)], (141, 98, 103, 202))
([(196, 180), (149, 56), (167, 30)], (244, 183, 194, 177))
([(24, 62), (160, 177), (171, 86)], (32, 8, 42, 131))
([(16, 47), (65, 96), (63, 35)], (140, 123, 245, 124))
([(145, 94), (31, 52), (171, 105)], (144, 143, 3, 11))
([(204, 25), (205, 31), (210, 61), (93, 167)], (234, 180, 6, 227))
([(62, 31), (69, 102), (76, 172), (10, 102), (54, 175)], (12, 84, 28, 44))
([(224, 139), (54, 74), (100, 41)], (244, 162, 164, 128))
([(39, 119), (120, 111), (127, 110), (117, 75)], (205, 193, 209, 67))
([(12, 152), (210, 13), (215, 37)], (254, 17, 43, 144))
([(0, 102), (14, 108), (239, 10)], (231, 243, 114, 61))
([(102, 143), (42, 26), (90, 140)], (222, 48, 74, 165))
([(86, 47), (35, 25), (108, 70)], (130, 67, 79, 84))
([(123, 85), (203, 129), (87, 41)], (200, 66, 135, 93))
([(142, 19), (10, 105), (186, 167)], (215, 47, 178, 82))
([(225, 20), (61, 2), (211, 106), (21, 147)], (1, 85, 27, 62))
([(40, 81), (104, 106), (104, 106), (104, 106), (194, 79)], (204, 108, 97, 206))
([(131, 137), (160, 170), (14, 27), (138, 70), (156, 76)], (208, 62, 93, 58))
([(0, 74), (210, 117), (61, 170)], (81, 215, 148, 189))
([(144, 68), (235, 73), (240, 73), (118, 113), (188, 80)], (133, 76, 16, 76))
([(209, 126), (0, 88), (235, 31)], (250, 83, 110, 162))
([(88, 153), (199, 126), (186, 137)], (11, 249, 104, 5))
([(200, 96), (131, 126), (216, 151), (15, 94), (107, 63), (146, 31)], (160, 151, 6, 29))
([(161, 40), (29, 6), (50, 137)], (6, 82, 135, 107))
([(121, 143), (8, 60), (146, 91)], (32, 207, 255, 28))
([(73, 126), (157, 17), (73, 117)], (208, 79, 200, 142))
([(194, 126), (51, 145), (30, 85), (93, 153), (146, 9), (50, 106), (110, 22)], (82, 240, 139, 116))
([(163, 147), (5, 37), (208, 11), (8, 106), (139, 41)], (223, 239, 204, 98))
([(196, 6), (33, 62), (49, 113), (1, 144)], (18, 217, 122, 220))
([(7, 130), (51, 179), (226, 33)], (103, 42, 122, 75))
([(106, 119), (48, 151), (144, 87)], (89, 36, 89, 239))
([(76, 21), (138, 124), (95, 100), (192, 87)], (77, 154, 17, 203))
([(123, 90), (81, 41), (35, 37), (26, 70)], (34, 38, 55, 203))
([(82, 47), (74, 135), (8, 16)], (191, 190, 204, 11))
([(203, 27), (106, 136), (72, 174), (183, 61), (25, 117)], (76, 250, 49, 41))
([(86, 145), (155, 7), (43, 8)], (209, 68, 107, 157))
([(61, 133), (6, 65), (168, 153), (149, 147), (209, 102), (106, 132)], (27, 181, 174, 100))
([(225, 128), (142, 78), (56, 36), (60, 14), (170, 159)], (132, 12, 203, 70))
([(111, 146), (66, 93), (203, 20), (11, 49)], (183, 48, 252, 225))
([(105, 0), (197, 16), (165, 22), (50, 62), (42, 104)], (38, 4, 57, 214))
([(69, 128), (130, 132), (0, 43)], (24, 34, 68, 164))
([(48, 12), (155, 135), (141, 90), (126, 42), (206, 58), (87, 37)], (77, 108, 20, 35))
([(238, 142), (187, 162), (121, 8), (221, 65)], (203, 185, 64, 67))
([(140, 76), (87, 119), (37, 159), (145, 46), (172, 141), (112, 93)], (210, 205, 237, 35))
([(122, 129), (152, 168), (186, 94)], (38, 200, 132, 98))
([(27, 72), (188, 144), (238, 35)], (229, 109, 132, 110))
([(78, 125), (234, 117), (234, 105)], (14, 90, 179, 32))
([(140, 102), (139, 96), (137, 104), (13, 18), (208, 111), (208, 111), (207, 111), (9, 102), (170, 68)], (254, 46, 6, 33))
([(62, 43), (87, 50), (87, 152), (137, 172), (25, 116), (85, 141)], (137, 4, 5, 238))
([(196, 75), (183, 51), (62, 56)], (165, 226, 121, 170))
([(88, 20), (109, 56), (131, 172)], (73, 234, 55, 148))
([(239, 93), (39, 163), (104, 91)], (227, 94, 183, 147))
([(20, 124), (38, 115), (203, 36), (56, 26), (239, 112)], (73, 145, 107, 184))
([(143, 28), (74, 1), (171, 52), (145, 46), (116, 40), (18, 20), (214, 1)], (68, 189, 195, 214))
([(180, 173), (194, 130), (128, 70), (128, 70)], (16, 210, 48, 227))
([(227, 129), (122, 156), (121, 36)], (139, 23, 22, 6))
([(85, 174), (238, 152), (7, 65)], (23, 44, 138, 27))
([(17, 91), (0, 26), (143, 108), (145, 115), (159, 161)], (191, 11, 108, 172))
([(60, 31), (172, 167), (164, 136), (32, 152), (131, 130), (38, 98)], (12, 30, 125, 225))
([(163, 5), (173, 81), (178, 119), (36, 133)], (125, 47, 91, 112))
([(70, 67), (22, 2), (118, 51), (101, 67), (97, 71), (26, 138)], (34, 5, 146, 48))
([(53, 116), (78, 157), (91, 174), (35, 137), (89, 107), (169, 11)], (202, 198, 56, 222))
([(51, 37), (145, 45), (83, 10)], (153, 211, 211, 176))
([(76, 132), (229, 160), (149, 92), (128, 74), (166, 179)], (207, 185, 252, 116))
([(52, 153), (228, 85), (217, 69), (147, 88), (105, 100), (238, 83)], (160, 81, 164, 199))
([(3, 8), (197, 100), (79, 63), (52, 55), (74, 100), (144, 24)], (2, 13, 111, 104))
([(212, 43), (82, 52), (32, 56), (33, 55), (88, 26), (75, 166)], (25, 205, 176, 74))
([(56, 130), (53, 95), (204, 116), (195, 80)], (154, 154, 70, 231))
([(114, 29), (69, 64), (66, 60), (47, 34)], (12, 76, 177, 93))
([(214, 14), (138, 74), (108, 46), (180, 51), (59, 64), (6, 70)], (220, 237, 169, 82))
([(184, 34), (43, 135), (139, 129), (0, 50)], (71, 70, 42, 227))
([(126, 169), (92, 41), (102, 63)], (76, 60, 83, 221))
([(143, 64), (150, 59), (145, 24), (189, 165)], (87, 141, 156, 61))
([(57, 133), (60, 127), (85, 73), (8, 41), (189, 119), (14, 56)], (109, 156, 245, 62))
([(144, 51), (226, 126), (139, 156)], (150, 155, 159, 79))
([(172, 21), (74, 131), (197, 11)], (144, 224, 179, 0))
([(104, 93), (120, 96), (130, 97), (141, 99), (56, 142)], (156, 248, 113, 224))
([(172, 9), (77, 29), (105, 135)], (221, 137, 90, 17))
([(34, 9), (27, 142), (9, 178)], (130, 237, 26, 132))
([(76, 150), (129, 79), (18, 98)], (141, 51, 19, 186))
([(58, 73), (0, 21), (203, 23), (231, 178)], (167, 14, 209, 27))
([(182, 96), (148, 9), (106, 177), (170, 179), (215, 55)], (83, 22, 114, 143))
([(153, 22), (41, 70), (37, 33), (95, 9)], (83, 104, 232, 99))
([(157, 38), (85, 75), (226, 118), (16, 142)], (231, 0, 80, 32))
([(35, 104), (13, 64), (158, 76)], (5, 146, 210, 64))
([(167, 18), (169, 165), (79, 23), (229, 10)], (184, 48, 122, 203))
([(14, 49), (222, 15), (136, 65), (135, 150), (129, 13)], (24, 188, 229, 220))
([(76, 145), (208, 88), (206, 71), (198, 3)], (89, 183, 219, 116))
([(87, 89), (102, 32), (240, 17)], (194, 117, 162, 184))
([(111, 176), (155, 180), (92, 11), (0, 124)], (84, 100, 220, 14))
([(133, 92), (89, 151), (86, 155), (73, 172), (141, 36)], (63, 231, 116, 81))
([(189, 90), (227, 27), (132, 120)], (197, 179, 107, 15))
([(95, 55), (208, 73), (111, 78), (24, 82)], (236, 86, 129, 132))
([(53, 57), (174, 106), (111, 106), (76, 51), (209, 68), (79, 56)], (194, 202, 90, 59))
([(28, 69), (39, 127), (159, 5)], (35, 192, 130, 132))
([(200, 125), (237, 150), (162, 24)], (232, 180, 184, 138))
([(165, 168), (191, 152), (206, 142), (211, 45), (134, 174)], (12, 67, 21, 173))
([(122, 175), (6, 156), (3, 32)], (200, 137, 59, 27))
([(213, 17), (40, 56), (56, 49)], (224, 185, 43, 126))
([(137, 125), (9, 133), (1, 69)], (1, 237, 117, 6))
([(174, 54), (47, 35), (122, 159)], (148, 176, 64, 50))
([(52, 7), (8, 58), (213, 103), (183, 62), (158, 28)], (115, 52, 168, 217))
([(58, 21), (198, 107), (122, 129)], (215, 29, 162, 168))
([(119, 136), (55, 175), (232, 173), (77, 102), (196, 14), (126, 163)], (197, 255, 140, 188))
([(137, 53), (234, 142), (188, 101)], (36, 45, 102, 212))
([(97, 110), (136, 156), (73, 178)], (218, 94, 101, 140))
([(150, 138), (209, 146), (224, 164), (159, 116)], (94, 84, 65, 218))
([(38, 177), (33, 28), (14, 78)], (40, 172, 252, 119))
([(104, 2), (196, 104), (200, 126)], (38, 82, 255, 114))
([(238, 72), (30, 55), (90, 156), (27, 147)], (103, 18, 187, 171))
([(119, 34), (151, 79), (227, 26)], (127, 166, 161, 173))
([(166, 62), (94, 136), (79, 141), (28, 160), (183, 14)], (200, 110, 66, 226))
([(55, 56), (170, 123), (236, 147)], (141, 42, 136, 23))
([(167, 120), (86, 39), (36, 19)], (77, 59, 144, 238))
([(214, 40), (188, 115), (129, 78)], (26, 230, 199, 141))
([(231, 62), (107, 93), (215, 155), (160, 170)], (118, 35, 27, 96))
([(217, 91), (123, 100), (86, 104), (96, 128), (0, 18), (85, 51), (53, 16)], (53, 0, 83, 229))
([(234, 36), (240, 71), (158, 107)], (32, 130, 184, 114))
([(8, 142), (86, 128), (146, 159), (179, 11)], (195, 20, 187, 207))
([(122, 149), (88, 162), (73, 149), (26, 173), (140, 95)], (166, 187, 92, 214))
([(45, 130), (179, 179), (129, 4), (103, 28)], (25, 255, 26, 22))
([(45, 165), (46, 9), (101, 5), (106, 5)], (111, 157, 6, 7))
([(52, 80), (46, 91), (171, 157), (4, 121)], (174, 63, 200, 163))
([(172, 119), (211, 81), (163, 14)], (18, 117, 214, 162))
([(184, 152), (186, 133), (194, 55), (182, 22)], (8, 117, 234, 49))
([(72, 171), (230, 160), (20, 68), (91, 126)], (91, 53, 169, 232))
([(109, 73), (207, 4), (51, 9)], (221, 142, 110, 12))
([(95, 97), (206, 151), (159, 72), (50, 158)], (106, 208, 161, 17))
([(208, 39), (9, 73), (230, 7), (197, 85)], (193, 211, 20, 140))
([(154, 2), (229, 87), (136, 173)], (8, 169, 124, 154))
([(95, 10), (232, 55), (134, 78), (21, 50), (204, 26)], (68, 59, 72, 108))
([(71, 163), (164, 46), (81, 102)], (165, 56, 39, 140))
([(105, 132), (184, 7), (44, 151)], (152, 45, 140, 198))
([(171, 109), (214, 34), (232, 2), (82, 6), (159, 148), (135, 0)], (125, 51, 171, 35))
([(12, 149), (88, 125), (120, 154)], (20, 85, 65, 94))
([(86, 37), (100, 41), (222, 72), (49, 63)], (95, 214, 45, 40))
([(145, 81), (144, 86), (226, 121), (143, 54)], (37, 43, 183, 5))
([(139, 81), (143, 166), (143, 18), (143, 18), (143, 18), (21, 76)], (65, 87, 242, 165))
([(145, 16), (85, 110), (173, 123), (235, 133)], (25, 130, 185, 58))
([(151, 173), (123, 134), (106, 111), (126, 61)], (253, 217, 174, 181))
([(18, 99), (120, 148), (14, 79), (129, 63)], (65, 6, 200, 186))
([(136, 101), (206, 14), (40, 101)], (120, 12, 37, 19))
([(77, 114), (67, 5), (229, 146)], (27, 41, 90, 168))
([(47, 164), (64, 157), (191, 80), (112, 100)], (88, 36, 174, 107))
([(1, 113), (23, 81), (34, 49), (82, 76), (119, 97), (72, 26)], (240, 94, 206, 144))
([(166, 11), (186, 65), (194, 87), (233, 32)], (96, 146, 184, 5))
([(59, 21), (235, 83), (52, 38)], (115, 5, 112, 16))
([(228, 0), (169, 16), (57, 4), (36, 141)], (168, 253, 97, 154))
([(195, 38), (54, 86), (13, 100), (166, 100), (36, 28)], (127, 28, 30, 67))
([(154, 108), (235, 121), (34, 27)], (92, 84, 217, 247))
([(20, 107), (167, 165), (108, 142), (166, 98), (217, 74)], (14, 246, 136, 23))
([(49, 78), (135, 157), (230, 76)], (185, 174, 148, 158))
([(20, 103), (202, 83), (122, 67), (26, 105)], (18, 201, 191, 168))
([(20, 119), (162, 84), (122, 31), (44, 122)], (47, 126, 169, 91))
([(221, 135), (166, 24), (81, 49), (60, 77), (50, 90)], (73, 170, 130, 63))
([(228, 117), (31, 89), (81, 108)], (57, 135, 25, 101))
([(166, 179), (51, 114), (38, 63), (22, 0)], (89, 166, 128, 119))
([(166, 102), (96, 100), (94, 104), (87, 119)], (134, 184, 176, 201))
([(16, 166), (3, 129), (14, 122), (121, 57), (227, 8)], (146, 161, 49, 124))
([(157, 86), (81, 169), (7, 35), (9, 129)], (160, 131, 16, 117))
([(207, 110), (202, 97), (58, 167), (141, 38)], (173, 41, 19, 101))
([(16, 139), (90, 32), (83, 23)], (97, 65, 120, 239))
([(232, 66), (164, 41), (239, 10), (75, 40), (82, 114)], (120, 60, 210, 79))
([(190, 55), (130, 87), (180, 156), (165, 137), (139, 105), (179, 32)], (32, 229, 93, 195))
([(174, 135), (119, 85), (227, 114)], (199, 200, 227, 98))
